1561000445190808748 1561000454993269905 0.999179 -0.040271 -0.004319 9.539759 0.040253 0.999181 -0.004072 0.278353 0.004479 0.003895 0.999982 -0.228325 
1561000455093516159 1561000456794343532 0.999975 0.005522 -0.004506 9.860948 -0.005557 0.999955 -0.007632 -0.046340 0.004464 0.007656 0.999961 -0.268652 
1561000456895544544 1561000458198403109 0.999412 0.010422 -0.032653 9.344739 -0.010207 0.999925 0.006752 -0.007178 0.032721 -0.006415 0.999444 -0.068411 
1561000458297377801 1561000459398509299 0.999901 0.013665 0.003478 9.194829 -0.013685 0.999889 0.005816 -0.046371 -0.003399 -0.005863 0.999977 -0.194610 
1561000459491431731 1561000460591535606 0.999819 0.018991 0.000962 9.743696 -0.018993 0.999817 0.002187 -0.085179 -0.000920 -0.002205 0.999997 -0.207180 
1561000460693044906 1561000461791321849 0.999874 0.015240 0.004364 9.469682 -0.015243 0.999884 0.000537 -0.050332 -0.004356 -0.000604 0.999990 -0.220854 
1561000461893237468 1561000463091602387 0.999896 0.014026 0.003489 10.056946 -0.014019 0.999899 -0.002210 -0.088140 -0.003520 0.002160 0.999991 -0.374063 
1561000463192769881 1561000464292778905 0.998413 0.017801 -0.053422 9.291726 -0.016945 0.999721 0.016434 -0.055197 0.053699 -0.015503 0.998437 -0.156705 
1561000464392698436 1561000465492971457 0.999852 0.009713 -0.014190 9.685459 -0.009782 0.999941 -0.004819 -0.058721 0.014142 0.004957 0.999888 -0.109182 
1561000465594240668 1561000466695596548 0.999909 0.012562 0.004970 9.995009 -0.012604 0.999885 0.008380 -0.019908 -0.004864 -0.008442 0.999953 -0.200177 
1561000466795515878 1561000467796096584 0.999966 -0.007691 0.003085 9.296876 0.007698 0.999968 -0.002075 0.011152 -0.003069 0.002099 0.999993 -0.225952 
1561000467898912079 1561000468997657985 0.999945 -0.001374 -0.010413 9.903673 0.001335 0.999992 -0.003752 -0.006141 0.010418 0.003738 0.999939 -0.178951 
1561000469098743481 1561000470198817494 0.999736 0.008395 -0.021395 9.550142 -0.008498 0.999953 -0.004710 -0.048044 0.021355 0.004890 0.999760 0.075334 
1561000470298787023 1561000471398758658 0.999887 0.014448 0.004054 9.910520 -0.014444 0.999895 -0.000850 -0.066942 -0.004066 0.000791 0.999991 -0.212104 
1561000471498985411 1561000472497413659 0.999863 0.016297 -0.003063 9.206749 -0.016301 0.999866 -0.001376 -0.056225 0.003040 0.001426 0.999994 -0.136627 
1561000472598673950 1561000473598819727 0.999698 0.016768 -0.017950 9.377437 -0.017013 0.999763 -0.013573 -0.103018 0.017718 0.013874 0.999747 -0.057632 
1561000473697914245 1561000474689707438 0.999429 0.019141 0.027827 9.645502 -0.019539 0.999710 0.014104 -0.059172 -0.027549 -0.014639 0.999513 -0.236046 
1561000474790758362 1561000475790538035 0.999683 0.020165 -0.015058 9.760638 -0.020203 0.999793 -0.002370 -0.101541 0.015007 0.002673 0.999884 -0.179449 
1561000475890708295 1561000476891652702 0.999710 0.022854 -0.007555 9.377207 -0.022850 0.999739 0.000565 -0.080734 0.007566 -0.000393 0.999971 -0.161646 
1561000476991911895 1561000478091720255 0.999295 0.025035 -0.027970 9.905539 -0.024986 0.999686 0.002079 -0.120916 0.028013 -0.001379 0.999607 0.043028 
1561000478190011195 1561000479191342289 0.999735 0.013430 0.018697 9.301410 -0.013448 0.999909 0.000825 -0.073273 -0.018685 -0.001077 0.999825 -0.163466 
1561000479291658628 1561000480291673932 0.999867 0.015682 0.004561 9.435260 -0.015684 0.999877 0.000414 -0.077419 -0.004554 -0.000485 0.999990 -0.203390 
1561000480392805089 1561000481391741591 0.999801 0.019856 0.001929 9.539180 -0.019846 0.999791 -0.004874 -0.067794 -0.002026 0.004835 0.999986 -0.197745 
1561000481489406930 1561000482489697419 0.999594 0.021487 0.018719 9.874022 -0.021585 0.999754 0.005065 -0.095895 -0.018605 -0.005467 0.999812 -0.243667 
1561000482591701479 1561000483590919988 0.999884 0.014738 0.003719 10.048456 -0.014729 0.999888 -0.002628 -0.069818 -0.003757 0.002573 0.999990 -0.239413 
1561000483689178230 1561000484691321331 0.999930 0.011807 0.000493 9.722445 -0.011806 0.999929 -0.001705 -0.061273 -0.000513 0.001699 0.999998 -0.251687 
1561000484794259055 1561000485794484911 0.999876 0.010249 -0.011964 9.295128 -0.010227 0.999946 0.001924 -0.049453 0.011983 -0.001801 0.999927 -0.161218 
1561000485893100895 1561000487094537283 0.999352 0.019499 -0.030253 9.968345 -0.020082 0.999616 -0.019090 -0.117129 0.029869 0.019685 0.999360 0.120046 
1561000487193841176 1561000488494628015 0.998681 0.030226 0.041503 9.785675 -0.030589 0.999499 0.008138 -0.099917 -0.041236 -0.009397 0.999105 -0.188960 
1561000488595767725 1561000490098557841 0.998666 -0.051373 0.005298 9.735029 0.051277 0.998543 0.016824 0.339073 -0.006155 -0.016530 0.999844 -0.319591 
1561000490197315084 1561000492489563782 0.612343 -0.790402 0.017363 9.062982 0.790537 0.611893 -0.025270 3.995762 0.009349 0.029200 0.999530 -0.280009 
1561000492590475441 1561000494590234268 0.696771 -0.717010 -0.020168 9.521837 0.715780 0.696852 -0.045340 1.344301 0.046563 0.017156 0.998768 -0.055598 
1561000494688988071 1561000496290830388 0.999697 -0.015680 -0.018996 9.928339 0.015872 0.999824 0.009967 -0.054800 0.018836 -0.010265 0.999770 -0.152631 
1561000496388871907 1561000497691018158 0.999999 -0.000001 0.001284 9.550765 0.000023 0.999862 -0.016605 -0.037575 -0.001284 0.016605 0.999861 -0.197439 
1561000497790903730 1561000498992214179 0.999923 0.003101 -0.011998 9.896518 -0.003263 0.999904 -0.013468 -0.071264 0.011955 0.013506 0.999837 -0.154061 
1561000499092676760 1561000500192063380 0.999968 0.004110 0.006836 9.851886 -0.003998 0.999860 -0.016242 -0.078610 -0.006902 0.016215 0.999845 -0.235197 
1561000500292681766 1561000501392837372 0.999981 0.002840 0.005399 9.792327 -0.002944 0.999810 0.019274 -0.002717 -0.005343 -0.019289 0.999800 -0.225226 
1561000501493810108 1561000502692621107 0.999830 -0.003094 -0.018156 9.762791 0.003202 0.999978 0.005872 -0.009582 0.018137 -0.005929 0.999818 -0.103336 
1561000502794357543 1561000504094219697 0.999659 0.011322 0.023546 9.368292 -0.011330 0.999936 0.000244 -0.088568 -0.023542 -0.000511 0.999723 -0.410783 
1561000504195652501 1561000505594078528 0.998959 0.000963 -0.045615 9.947831 -0.000748 0.999989 0.004717 -0.024771 0.045619 -0.004678 0.998948 -0.226652 
1561000505695470651 1561000507097158626 0.999993 -0.001131 0.003662 9.931686 0.001132 0.999999 -0.000347 -0.014726 -0.003662 0.000351 0.999993 -0.250911 
1561000507198274115 1561000508690562955 0.999450 -0.008489 -0.032054 9.952626 0.008928 0.999868 0.013561 0.032530 0.031935 -0.013840 0.999394 0.024540 
1561000508790282838 1561000510392044454 0.999569 -0.001019 0.029334 9.963966 0.001995 0.999445 -0.033255 -0.074507 -0.029284 0.033299 0.999016 -0.351949 
1561000510490613082 1561000513192046484 0.999999 -0.000223 -0.001340 10.072118 0.000187 0.999640 -0.026837 -0.061309 0.001346 0.026837 0.999639 -0.224404 
1561000513290036093 1561000517393976019 0.999816 -0.004251 -0.018729 9.850541 0.003983 0.999890 -0.014291 0.043732 0.018788 0.014214 0.999722 -0.125350 
1561000517493041612 1561000520094164052 0.855562 -0.516754 -0.031276 9.559756 0.517393 0.855572 0.017322 1.973301 0.017808 -0.031002 0.999361 -0.085235 
1561000520194026928 1561000522095573058 0.932697 -0.360209 -0.018049 9.625667 0.359987 0.932846 -0.014407 0.957526 0.022027 0.006940 0.999733 -0.128362 
1561000522195819840 1561000523695025214 0.972722 -0.231973 -0.000180 9.655164 0.231973 0.972718 0.003042 0.703270 -0.000531 -0.003001 0.999995 -0.176291 
1561000523796582926 1561000525198131337 0.997108 -0.072273 -0.023515 9.809908 0.072693 0.997200 0.017543 0.075553 0.022181 -0.019201 0.999570 -0.074040 
1561000525298217987 1561000526598039798 0.999859 0.004262 -0.016245 9.923922 -0.004206 0.999985 0.003474 -0.046717 0.016260 -0.003405 0.999862 -0.155648 
1561000526697687406 1561000527797972162 0.999982 0.005490 -0.002392 9.157665 -0.005481 0.999978 0.003835 -0.025918 0.002413 -0.003822 0.999990 -0.187950 
1561000527897967468 1561000528989218984 0.999999 -0.001117 -0.000226 9.836665 0.001117 0.999997 -0.002346 -0.019071 0.000229 0.002345 0.999997 -0.187671 
1561000529090054939 1561000530091095148 0.999938 0.011001 0.001840 9.388949 -0.010993 0.999932 -0.003967 -0.075788 -0.001883 0.003947 0.999990 -0.204027 
1561000530191265665 1561000531191185347 0.999504 0.030275 -0.008714 9.586684 -0.030337 0.999515 -0.007073 -0.154645 0.008496 0.007334 0.999937 -0.176393 
1561000531291087669 1561000532289639715 0.999226 0.039292 -0.001862 9.717361 -0.039265 0.999147 0.012779 -0.135806 0.002362 -0.012696 0.999917 -0.207538 
1561000532390635593 1561000533390959458 0.998935 0.046108 0.001677 9.872913 -0.046110 0.998935 0.001394 -0.185871 -0.001611 -0.001470 0.999998 -0.242670 
1561000533490810935 1561000534489365938 0.998090 0.061635 -0.004178 9.984309 -0.061633 0.998099 0.000608 -0.241850 0.004208 -0.000350 0.999991 -0.208380 
1561000534589595160 1561000535489432355 0.998903 0.046822 0.000760 9.118359 -0.046820 0.998901 -0.001954 -0.161959 -0.000851 0.001917 0.999998 -0.218311 
1561000535591537727 1561000536491059311 0.999138 0.041155 -0.005437 9.107275 -0.041172 0.999147 -0.003127 -0.160188 0.005304 0.003348 0.999980 -0.191584 
1561000536589661760 1561000537591160369 0.998428 0.055801 0.005311 9.972680 -0.055891 0.998261 0.018746 -0.189615 -0.004255 -0.019014 0.999810 -0.220653 
1561000537690526449 1561000538690420584 0.999038 0.043831 -0.001182 9.902042 -0.043828 0.999037 0.001953 -0.159713 0.001267 -0.001899 0.999997 -0.233660 
1561000538789849622 1561000539789888636 0.998736 0.049952 -0.005645 9.774027 -0.049994 0.998721 -0.007534 -0.199433 0.005261 0.007807 0.999956 -0.186255 
1561000539891501870 1561000540993315742 0.998190 0.059144 0.010871 9.740251 -0.059258 0.998188 0.010426 -0.171494 -0.010234 -0.011052 0.999887 -0.350476 
1561000541091596285 1561000542391326369 0.999115 0.041607 0.006249 9.741800 -0.041720 0.998944 0.019222 -0.148529 -0.005443 -0.019466 0.999796 -0.383395 
1561000542489293147 1561000543691095196 0.996374 0.068157 -0.050931 9.204542 -0.069419 0.997312 -0.023429 -0.295062 0.049198 0.026879 0.998427 -0.150491 
1561000543792948425 1561000544991619920 0.999524 0.030399 -0.005169 10.035652 -0.030277 0.999296 0.022166 -0.054771 0.005839 -0.021999 0.999741 -0.191358 
1561000545092017817 1561000546192507970 0.999852 0.012359 0.012002 9.866216 -0.012347 0.999923 -0.001082 -0.085745 -0.012014 0.000933 0.999927 -0.253503 
1561000546292544125 1561000547294580407 0.999756 0.022076 -0.000715 9.589040 -0.022087 0.999493 -0.022950 -0.132783 0.000208 0.022960 0.999736 -0.166923 
1561000547392252737 1561000548296699675 0.998547 0.053782 -0.003243 9.115109 -0.053691 0.998278 0.023618 -0.178432 0.004507 -0.023410 0.999716 -0.182478 
1561000548395435736 1561000549296628673 0.998422 0.056001 0.004270 9.514410 -0.055989 0.998427 -0.002931 -0.211370 -0.004427 0.002688 0.999987 -0.195539 
1561000549395450411 1561000550296714203 0.999003 0.044041 -0.007346 9.779093 -0.043988 0.999005 0.007300 -0.155233 0.007661 -0.006970 0.999946 -0.204682 
1561000550395317777 1561000551296757849 0.998823 0.048443 -0.002276 9.663127 -0.048454 0.998811 -0.005441 -0.190200 0.002009 0.005545 0.999983 -0.223667 
1561000551395389086 1561000552296799883 0.998537 0.053441 -0.008223 9.680233 -0.053484 0.998556 -0.005111 -0.232073 0.007938 0.005543 0.999953 -0.207702 
1561000552396836781 1561000553289964086 0.997987 0.062610 -0.010065 9.736268 -0.062621 0.998037 -0.000713 -0.262397 0.010000 0.001342 0.999949 -0.178844 
1561000553389907201 1561000554290438619 0.997200 0.074730 0.002700 9.916967 -0.074745 0.997186 0.005774 -0.323162 -0.002261 -0.005960 0.999980 -0.172686 
1561000554389962430 1561000555190901897 0.997562 0.068896 -0.011083 9.044375 -0.068845 0.997615 0.004923 -0.239588 0.011396 -0.004148 0.999926 -0.047444 
1561000555290039996 1561000556089356420 0.998484 0.053366 0.013482 9.299313 -0.053462 0.998546 0.006864 -0.204966 -0.013096 -0.007574 0.999886 -0.187980 
1561000556189784405 1561000556990822895 0.999919 0.011350 0.005734 9.251167 -0.011383 0.999918 0.005861 -0.015536 -0.005667 -0.005926 0.999966 -0.234375 
1561000557089528447 1561000557889040275 0.999940 -0.010678 0.002357 9.130223 0.010681 0.999942 -0.001521 0.052599 -0.002340 0.001546 0.999996 -0.323404 
1561000557991403016 1561000558888877118 0.996527 -0.082781 -0.009058 9.250615 0.082887 0.996486 0.012055 0.349671 0.008028 -0.012764 0.999886 -0.304026 
1561000558990609329 1561000560090474223 0.990090 -0.140111 -0.009477 9.925522 0.139936 0.990013 -0.017096 0.553219 0.011778 0.015600 0.999809 -0.205412 
1561000560190763062 1561000561392443110 0.967674 -0.252110 -0.006867 9.791982 0.252110 0.967698 -0.000825 1.022821 0.006853 -0.000933 0.999976 -0.208356 
1561000561492274203 1561000562790390316 0.956116 -0.292689 0.013267 9.899500 0.292830 0.956110 -0.010251 1.052479 -0.009685 0.013686 0.999859 -0.211047 
1561000562890161907 1561000564194027022 0.951065 -0.308972 0.003316 9.184359 0.308988 0.951042 -0.006678 0.969724 -0.001091 0.007376 0.999972 -0.210875 
1561000564292422880 1561000565596212234 0.965526 -0.260306 -0.000436 9.919372 0.260259 0.965382 -0.017432 0.699796 0.004958 0.016717 0.999848 -0.220482 
1561000565696156552 1561000566795051936 0.999738 -0.022801 -0.002129 9.287252 0.022802 0.999740 0.000278 -0.026754 0.002122 -0.000326 0.999998 -0.165707 
1561000566895247043 1561000567995961317 0.999966 0.008245 0.000128 10.024398 -0.008244 0.999950 -0.005584 -0.122936 -0.000174 0.005583 0.999984 -0.270487 
1561000568094579507 1561000569096626539 0.999672 -0.020652 -0.015171 9.672328 0.020759 0.999760 0.006958 0.155676 0.015023 -0.007270 0.999861 -0.159245 
1561000569196454284 1561000570094702183 0.999175 -0.040569 0.002006 9.224826 0.040581 0.999154 -0.006717 0.081560 -0.001732 0.006793 0.999975 -0.178560 
1561000570197766000 1561000571097485164 0.999998 -0.000036 0.002121 9.732647 0.000044 0.999992 -0.003993 -0.060851 -0.002121 0.003993 0.999990 -0.208567 
1561000571197478096 1561000572089744846 0.999783 0.020808 -0.000352 9.945819 -0.020809 0.999779 -0.002939 -0.134230 0.000290 0.002946 0.999996 -0.242640 
1561000572189810702 1561000573091078349 0.999859 0.016624 -0.002539 9.726696 -0.016647 0.999818 -0.009299 -0.115041 0.002384 0.009340 0.999954 -0.247482 
1561000573189424492 1561000574089592996 0.999933 0.011075 -0.003224 9.548923 -0.011070 0.999937 0.001569 -0.042438 0.003242 -0.001533 0.999994 -0.175283 
1561000574189671158 1561000575189703149 0.999997 0.001395 0.001817 10.053269 -0.001402 0.999991 0.003913 -0.036154 -0.001811 -0.003915 0.999991 -0.277971 
1561000575289594823 1561000576489072627 0.999998 0.000131 -0.001789 9.985923 -0.000134 0.999998 -0.001914 -0.027096 0.001789 0.001914 0.999997 -0.268288 
1561000576590285464 1561000577889779812 0.999978 0.006576 0.001134 9.505495 -0.006601 0.999704 0.023435 0.002407 -0.000980 -0.023442 0.999725 -0.242652 
1561000577988828071 1561000579390907801 0.999994 -0.001880 0.002902 9.496973 0.001940 0.999784 -0.020692 -0.032282 -0.002863 0.020697 0.999782 -0.266076 
1561000579489003722 1561000581591439842 0.998823 0.048196 -0.005453 10.060394 -0.048207 0.998835 -0.001954 -0.426257 0.005352 0.002215 0.999983 -0.276577 
1561000581692095616 1561000584291797695 0.503409 0.863979 0.010890 9.380479 -0.863934 0.503098 0.022589 -3.807138 0.014038 -0.020780 0.999686 -0.167070 
1561000584393507085 1561000586292027036 0.920198 0.391395 0.006816 9.874467 -0.391361 0.920219 -0.005786 -0.867952 -0.008537 0.002657 0.999960 -0.264852 
1561000586394879698 1561000587897574517 0.999388 0.034389 -0.006437 9.874822 -0.034338 0.999379 0.007908 0.000053 0.006705 -0.007682 0.999948 -0.129567 
1561000587997763493 1561000589289985708 0.999996 -0.002175 0.001525 10.012246 0.002170 0.999994 0.002786 -0.021803 -0.001531 -0.002783 0.999995 -0.185856 
1561000589389860093 1561000590490729232 0.999975 0.006939 0.001215 9.444203 -0.006941 0.999975 0.001291 -0.041217 -0.001206 -0.001300 0.999998 -0.180397 
1561000590591511976 1561000591590551220 0.999982 0.004456 -0.004054 9.335489 -0.004472 0.999982 -0.003989 -0.043992 0.004036 0.004007 0.999984 -0.151621 
1561000591690964681 1561000592691324140 0.999991 0.004191 0.000729 9.774913 -0.004195 0.999981 0.004470 -0.031787 -0.000710 -0.004473 0.999990 -0.202239 
1561000592791807316 1561000593792477425 0.999996 0.001192 -0.002693 9.745950 -0.001185 0.999996 0.002501 -0.035691 0.002696 -0.002498 0.999993 -0.200738 
1561000593892040595 1561000594891869615 0.999983 0.003956 0.004308 9.933359 -0.003984 0.999971 0.006439 -0.040382 -0.004283 -0.006456 0.999970 -0.228812 
1561000594990980316 1561000595892065587 0.999814 0.010200 -0.016361 9.212301 -0.010329 0.999916 -0.007850 -0.065163 0.016280 0.008018 0.999835 -0.084809 
1561000595990150738 1561000596892164844 0.999859 0.016020 0.005081 9.510692 -0.016029 0.999870 0.001764 -0.086605 -0.005052 -0.001845 0.999986 -0.226335 
1561000596990465141 1561000597893229101 0.999980 0.003372 0.005409 9.509336 -0.003398 0.999983 0.004708 -0.028477 -0.005393 -0.004726 0.999974 -0.255892 
1561000597992306612 1561000598893089371 0.999996 0.002451 -0.001095 9.188243 -0.002450 0.999996 0.001029 -0.026788 0.001097 -0.001026 0.999999 -0.245331 
1561000598993161654 1561000599993855197 0.999983 -0.004711 -0.003346 9.431121 0.004679 0.999943 -0.009591 -0.007612 0.003391 0.009575 0.999948 -0.213240 
1561000600094276016 1561000601193123745 0.999940 -0.010870 -0.001600 9.742595 0.010891 0.999848 0.013593 0.026339 0.001452 -0.013610 0.999906 -0.242483 
1561000601293046814 1561000602494512324 0.999945 -0.009443 0.004515 9.747517 0.009384 0.999871 0.013064 0.005720 -0.004638 -0.013021 0.999904 -0.266863 
1561000602594928810 1561000604095110796 0.963405 -0.268048 -0.000688 9.511824 0.268030 0.963305 0.014231 1.369825 -0.003152 -0.013895 0.999898 -0.252312 
1561000604193301141 1561000605894029054 0.782495 -0.622424 0.017036 9.522541 0.622645 0.782015 -0.027670 2.163333 0.003900 0.032259 0.999472 -0.199548 
1561000605996036996 1561000607494534347 0.980866 -0.194362 -0.011211 9.890312 0.194076 0.980727 -0.022560 0.333375 0.015379 0.019953 0.999683 -0.181754 
1561000607595918279 1561000608894971204 0.999993 -0.003359 0.001570 9.647426 0.003363 0.999991 -0.002467 -0.027232 -0.001561 0.002472 0.999996 -0.234349 
1561000608995695541 1561000610194680879 0.999988 -0.001973 -0.004395 9.449048 0.001996 0.999984 0.005340 -0.001216 0.004385 -0.005349 0.999976 -0.122201 
1561000610295899200 1561000611395321022 0.999931 -0.002058 0.011585 9.354837 0.002199 0.999924 -0.012107 -0.013147 -0.011559 0.012132 0.999860 -0.215186 
1561000611495012557 1561000612497487221 0.999974 0.002526 0.006780 9.187618 -0.002610 0.999918 0.012524 -0.007464 -0.006748 -0.012541 0.999899 -0.218503 
1561000612597724038 1561000613589390971 0.999955 0.005987 -0.007414 9.808569 -0.005909 0.999927 0.010544 -0.036911 0.007476 -0.010500 0.999917 -0.166348 
1561000613688098779 1561000614589188552 0.999924 0.000923 -0.012303 9.343841 -0.000956 0.999996 -0.002733 -0.023917 0.012300 0.002745 0.999921 -0.153787 
1561000614688157004 1561000615589311876 0.999974 0.000827 0.007169 9.841519 -0.000711 0.999870 -0.016135 -0.060198 -0.007181 0.016130 0.999844 -0.205864 
1561000615689277227 1561000616589434999 0.999996 -0.002725 -0.001140 9.791329 0.002737 0.999935 0.011108 0.020768 0.001109 -0.011111 0.999938 -0.248887 
1561000616689429464 1561000617589153921 0.999374 -0.035102 0.004388 9.449538 0.035041 0.999296 0.013391 0.160248 -0.004855 -0.013229 0.999901 -0.285270 
1561000617688149275 1561000618589167709 0.994442 -0.104458 -0.013178 9.168618 0.104479 0.994527 0.000878 0.365856 0.013014 -0.002250 0.999913 -0.157831 
1561000618688556293 1561000619588975190 0.992075 -0.125373 0.008326 9.142899 0.125348 0.992107 0.003508 0.375907 -0.008700 -0.002436 0.999959 -0.198601 
1561000619687911649 1561000620589591581 0.999618 -0.027309 0.004180 9.235717 0.027355 0.999561 -0.011348 -0.029704 -0.003868 0.011458 0.999927 -0.204677 
1561000620688437470 1561000621589387779 0.999961 0.008349 0.002905 9.302652 -0.008391 0.999855 0.014793 -0.036011 -0.002781 -0.014817 0.999886 -0.223072 
1561000621689359055 1561000622589355640 0.999999 0.000719 -0.001387 9.267352 -0.000730 0.999973 -0.007352 -0.037637 0.001382 0.007353 0.999972 -0.241767 
1561000622688276814 1561000623688517993 0.999908 -0.012122 -0.006102 10.081656 0.012074 0.999897 -0.007798 0.041398 0.006196 0.007723 0.999951 -0.214868 
1561000623790722703 1561000624789952155 0.992958 -0.118243 0.007294 9.633639 0.118324 0.992902 -0.012024 0.444241 -0.005821 0.012803 0.999901 -0.231712 
1561000624889183995 1561000625890158384 0.991296 -0.131458 -0.007120 9.270477 0.131261 0.991073 -0.023324 0.342674 0.010123 0.022186 0.999703 -0.206684 
1561000625990035027 1561000627091301584 0.993808 -0.111111 0.000063 9.646955 0.111110 0.993804 0.002710 0.411603 -0.000364 -0.002686 0.999996 -0.212171 
1561000627190646723 1561000628389955135 0.985513 -0.169586 -0.002052 9.883135 0.169583 0.985515 -0.001193 0.600879 0.002224 0.000828 0.999997 -0.200930 
1561000628491547262 1561000629694884488 0.992443 -0.122702 -0.000535 9.540170 0.122699 0.992433 -0.004722 0.323769 0.001111 0.004621 0.999989 -0.188011 
1561000629794420298 1561000630994351274 0.989569 -0.143612 -0.011309 9.670844 0.143504 0.989600 -0.009895 0.515001 0.012612 0.008169 0.999887 -0.259691 
1561000631093429770 1561000632193293932 0.987853 -0.155157 -0.008494 9.318260 0.155230 0.987840 0.008656 0.499336 0.007048 -0.009869 0.999926 -0.187308 
1561000632294002422 1561000633392528018 0.996403 -0.084550 0.005703 9.809863 0.084622 0.996317 -0.013844 0.217311 -0.004512 0.014276 0.999888 -0.294612 
1561000633493539304 1561000634495526375 0.996358 -0.082447 -0.021734 9.088635 0.082543 0.996581 0.003563 0.255075 0.021366 -0.005344 0.999757 -0.169472 
1561000634594697071 1561000635588765029 0.992897 -0.118979 0.000017 9.251466 0.118970 0.992825 0.011990 0.411711 -0.001443 -0.011903 0.999928 -0.171772 
1561000635688190721 1561000636689225757 0.991438 -0.130555 0.002474 9.456536 0.130578 0.991310 -0.015962 0.382276 -0.000368 0.016148 0.999870 -0.191549 
1561000636789267948 1561000637789288022 0.995682 -0.092186 0.010891 9.540819 0.092269 0.995706 -0.007438 0.236193 -0.010158 0.008410 0.999913 -0.279768 
1561000637888147360 1561000638989275935 0.998425 -0.055867 0.005073 9.923633 0.055858 0.998437 0.001967 0.172492 -0.005175 -0.001681 0.999985 -0.307994 
1561000639088366299 1561000640388106643 0.993275 -0.115750 0.002704 9.959915 0.115735 0.993268 0.004970 0.557807 -0.003261 -0.004624 0.999984 -0.356429 
1561000640489099883 1561000641790093836 0.954331 -0.287969 0.079544 9.449781 0.287458 0.957623 0.018047 0.868372 -0.081370 0.005643 0.996668 -0.426384 
1561000641888144600 1561000643088090956 0.993465 -0.110232 -0.029595 9.803968 0.109866 0.993852 -0.013713 0.206921 0.030925 0.010372 0.999468 -0.110065 
1561000643189149957 1561000644289422376 0.997892 -0.051405 -0.039610 9.237921 0.049805 0.997942 -0.040382 0.105045 0.041604 0.038324 0.998399 -0.147236 
1561000644389388493 1561000645588050800 0.993887 -0.109588 0.013380 9.924534 0.109803 0.993816 -0.016544 0.372120 -0.011484 0.017912 0.999774 -0.302925 
1561000645689796616 1561000646889966359 0.988491 -0.151180 -0.005473 9.764709 0.151196 0.988500 0.002626 0.586124 0.005013 -0.003423 0.999982 -0.152583 
1561000646989899775 1561000648195348039 0.957252 -0.289121 -0.008823 9.614332 0.289230 0.957129 0.015820 1.107319 0.003871 -0.017696 0.999836 -0.264811 
1561000648296398596 1561000649387894073 0.981434 -0.191520 0.010396 9.369133 0.191658 0.981354 -0.014562 0.399815 -0.007413 0.016284 0.999840 -0.216545 
1561000649489158804 1561000650589079793 0.999993 -0.000293 -0.003770 9.529508 0.000314 0.999984 0.005619 -0.050561 0.003769 -0.005620 0.999977 -0.198703 
1561000650689194224 1561000651989067164 0.998519 0.054130 -0.005514 10.043365 -0.054205 0.998423 -0.014629 -0.312953 0.004714 0.014906 0.999878 -0.244905 
1561000652087927149 1561000653489094410 0.915255 0.402636 0.013863 9.815099 -0.402411 0.915311 -0.016479 -1.844403 -0.019324 0.009503 0.999768 -0.345856 
1561000653588308617 1561000654989800390 0.809044 0.587633 0.011620 9.504171 -0.587713 0.808622 0.026913 -2.206601 0.006419 -0.028603 0.999570 -0.234027 
1561000655087967692 1561000656388111203 0.945194 0.326295 0.011826 9.579673 -0.326368 0.945231 0.004811 -0.861908 -0.009609 -0.008407 0.999918 -0.249000 
1561000656489852656 1561000657690345378 0.998217 0.059686 -0.000789 9.631449 -0.059683 0.998211 0.003509 -0.121706 0.000997 -0.003456 0.999994 -0.160047 
1561000657788690240 1561000658891275779 0.999760 0.021763 0.002358 9.484460 -0.021746 0.999740 -0.006839 -0.144401 -0.002506 0.006786 0.999974 -0.214428 
1561000658991254419 1561000660289643647 0.999881 -0.007933 0.013202 9.991057 0.007687 0.999798 0.018586 0.045238 -0.013347 -0.018482 0.999740 -0.342500 
1561000660390973628 1561000667793643449 0.979591 0.199671 -0.023069 10.143464 -0.199120 0.979678 0.024141 -1.486645 0.027420 -0.019055 0.999442 -0.086189 
1561000667895105436 1561000670696518567 0.576925 0.816786 -0.004354 9.084844 -0.816755 0.576832 -0.013279 -2.708683 -0.008335 0.011217 0.999902 -0.241127 
1561000670795475703 1561000672488556506 0.961671 0.268894 0.053705 9.991506 -0.269858 0.962832 0.011447 -0.288092 -0.048631 -0.025502 0.998491 -0.600171 
1561000672588603254 1561000673888383771 0.998224 -0.051469 -0.029997 9.457085 0.051140 0.998623 -0.011658 0.128986 0.030555 0.010103 0.999482 -0.183609 
1561000673987137670 1561000675088646903 0.995199 -0.097564 -0.007742 9.182895 0.097571 0.995228 0.000480 0.268569 0.007658 -0.001233 0.999970 -0.138113 
1561000675188734601 1561000676287457214 0.992242 -0.124136 -0.006758 9.768523 0.124143 0.992264 0.000579 0.347275 0.006634 -0.001413 0.999977 -0.186416 
1561000676388429129 1561000677488576970 0.994412 -0.105498 0.003818 9.741187 0.105500 0.994419 -0.000159 0.368066 -0.003780 0.000561 0.999993 -0.232425 
1561000677588731860 1561000678689149932 0.993552 -0.113368 -0.001452 9.696961 0.113362 0.993547 -0.003674 0.367567 0.001859 0.003486 0.999992 -0.222872 
1561000678787875731 1561000679888634965 0.994838 -0.098615 -0.023907 9.638640 0.099260 0.994683 0.027448 0.315784 0.021073 -0.029679 0.999337 -0.068070 
1561000679987598014 1561000681088707125 0.995586 -0.093392 0.009267 9.692272 0.093528 0.995494 -0.015642 0.251495 -0.007765 0.016440 0.999835 -0.169020 
1561000681188614468 1561000682288105182 0.993882 -0.110404 -0.003126 9.668554 0.110379 0.993864 -0.007090 0.398725 0.003889 0.006702 0.999970 -0.201693 
1561000682388340986 1561000683487489475 0.994689 -0.102922 -0.000716 9.818012 0.102924 0.994628 0.011027 0.344549 -0.000423 -0.011042 0.999939 -0.193617 
1561000683588405751 1561000684688871927 0.992330 -0.123389 -0.007461 9.953753 0.123242 0.992218 -0.017744 0.425392 0.009593 0.016689 0.999815 -0.166152 
1561000684787717098 1561000685787412303 0.991966 -0.126441 0.003921 9.229204 0.126434 0.991973 0.001987 0.408016 -0.004141 -0.001475 0.999990 -0.215900 
1561000685888466529 1561000686888478097 0.993575 -0.113137 -0.002974 9.486872 0.113149 0.993569 0.004185 0.358742 0.002482 -0.004495 0.999987 -0.194583 
1561000686987594008 1561000687987977113 0.998558 -0.053573 -0.003430 9.840404 0.053496 0.998377 -0.019534 0.087579 0.004471 0.019323 0.999803 -0.187820 
1561000688089933132 1561000688989842174 0.999996 -0.001899 0.001870 9.165529 0.001891 0.999990 0.003967 -0.045414 -0.001878 -0.003964 0.999990 -0.214327 
1561000689091430256 1561000689988769562 0.999957 0.008749 0.003117 9.474464 -0.008785 0.999893 0.011704 -0.025376 -0.003014 -0.011731 0.999927 -0.232665 
1561000690089918269 1561000690990818194 0.999842 -0.013977 -0.010954 9.774041 0.013968 0.999902 -0.000881 0.048721 0.010966 0.000728 0.999940 -0.133746 
1561000691092083417 1561000691893555872 0.999977 0.005082 -0.004551 8.928284 -0.005083 0.999987 -0.000205 -0.064201 0.004550 0.000228 0.999990 -0.161783 
1561000691992355443 1561000692792280950 0.999989 0.004753 0.000508 9.083105 -0.004747 0.999939 -0.010001 -0.040822 -0.000556 0.009998 0.999950 -0.185739 
1561000692893670365 1561000693693884524 0.999992 0.001304 -0.003778 9.280104 -0.001292 0.999994 0.003176 -0.028571 0.003782 -0.003171 0.999988 -0.186564 
1561000693792488698 1561000694595165282 0.999979 -0.006099 0.002282 9.326939 0.006095 0.999980 0.001842 -0.015151 -0.002293 -0.001829 0.999996 -0.237241 
1561000694695244851 1561000695493827732 0.999988 -0.004606 0.001743 9.108396 0.004610 0.999986 -0.002742 -0.004446 -0.001731 0.002750 0.999995 -0.219494 
1561000695594941468 1561000696493858997 0.999953 0.004200 -0.008772 9.574240 -0.004202 0.999991 -0.000312 -0.045886 0.008771 0.000349 0.999961 -0.220961 
1561000696595229164 1561000697594832816 0.999978 0.001775 0.006454 9.955131 -0.001805 0.999987 0.004715 -0.016648 -0.006446 -0.004727 0.999968 -0.300935 
1561000697694792092 1561000698995206037 0.999919 0.000782 -0.012667 9.951822 -0.000843 0.999988 -0.004833 -0.024303 0.012663 0.004844 0.999908 -0.218013 
1561000699096710839 1561000700588360394 0.999989 -0.003371 0.003272 9.933725 0.003341 0.999951 0.009372 0.001848 -0.003304 -0.009361 0.999951 -0.238993 
1561000700688216531 1561000701987603737 0.999907 0.005657 -0.012437 9.463591 -0.005727 0.999968 -0.005554 -0.082727 0.012405 0.005625 0.999907 -0.173398 
1561000702089330914 1561000703389641200 0.999770 0.021446 0.000747 9.881026 -0.021429 0.999602 -0.018333 -0.100859 -0.001139 0.018312 0.999832 -0.239338 
1561000703488070150 1561000704889402477 0.999684 -0.001315 0.025103 9.436998 0.000832 0.999815 0.019231 -0.004392 -0.025124 -0.019204 0.999500 -0.504429 
1561000704987589562 1561000706389716689 0.998324 0.001138 -0.057857 9.968176 -0.000585 0.999954 0.009572 -0.020938 0.057865 -0.009522 0.998279 -0.213502 
1561000706487963747 1561000707691206047 0.999989 -0.001327 -0.004470 9.466656 0.001364 0.999964 0.008392 0.000979 0.004458 -0.008398 0.999955 -0.170463 
1561000707792541427 1561000708991273891 0.999958 -0.001598 0.008971 9.494423 0.001748 0.999859 -0.016710 -0.044723 -0.008943 0.016725 0.999820 -0.296041 
1561000709092861256 1561000710693742201 0.999877 -0.005499 -0.014666 10.040847 0.005472 0.999983 -0.001911 -0.001658 0.014676 0.001831 0.999891 -0.179558 
1561000710794870460 1561000712288881338 0.999027 -0.004812 -0.043849 9.634879 0.005717 0.999773 0.020517 0.003093 0.043740 -0.020748 0.998827 -0.194131 
1561000712389434159 1561000713688013731 0.999928 -0.011917 0.000988 9.425394 0.011933 0.999784 -0.017017 -0.007165 -0.000785 0.017027 0.999855 -0.186043 
1561000713788171525 1561000714987429549 0.998334 -0.057407 -0.005778 9.601489 0.057439 0.998333 0.005572 0.237640 0.005448 -0.005895 0.999968 -0.161458 
1561000715089117022 1561000716188875400 0.990399 -0.138140 -0.005224 9.572887 0.138168 0.990394 0.005382 0.449037 0.004430 -0.006052 0.999972 -0.154738 
1561000716290839643 1561000717291958309 0.991604 -0.129311 0.000587 9.279070 0.129309 0.991536 -0.011661 0.358471 0.000926 0.011639 0.999932 -0.176715 
1561000717393489770 1561000718394671796 0.996887 -0.078820 0.001665 9.821130 0.078813 0.996882 0.003867 0.224338 -0.001964 -0.003723 0.999991 -0.218416 
1561000718494875864 1561000719494904440 0.999432 -0.033555 -0.003036 9.937105 0.033553 0.999437 -0.000653 0.088865 0.003056 0.000551 0.999995 -0.202349 
1561000719594895600 1561000720594864737 0.999912 0.012837 0.003279 9.783211 -0.012819 0.999904 -0.005216 -0.094122 -0.003346 0.005173 0.999981 -0.271610 
1561000720693451998 1561000721693491277 0.999712 0.023724 -0.003700 9.418684 -0.023740 0.999709 -0.004370 -0.141215 0.003595 0.004457 0.999984 -0.203031 
1561000721794883443 1561000722894897954 0.995501 0.094309 0.009177 9.874693 -0.094278 0.995539 -0.003731 -0.426600 -0.009488 0.002849 0.999951 -0.331211 
1561000722994863781 1561000724288298347 0.991369 0.131100 -0.000707 9.973497 -0.131070 0.991234 0.016608 -0.456776 0.002878 -0.016372 0.999862 -0.265958 
1561000724388284296 1561000725986934630 0.993291 0.114427 0.016687 10.024299 -0.114178 0.993344 -0.015219 -0.411412 -0.018318 0.013212 0.999745 -0.460771 
1561000726088121083 1561000727886795285 0.996583 -0.078045 -0.027062 9.699585 0.078449 0.996817 0.014216 0.662054 0.025866 -0.016291 0.999533 -0.219233 
1561000727986830723 1561000730087819572 0.769305 -0.638844 0.006906 9.297926 0.638881 0.769247 -0.009448 2.701134 0.000724 0.011680 0.999932 -0.280455 
1561000730187564403 1561000731987723392 0.853169 -0.521584 -0.007237 9.561610 0.520894 0.852615 -0.041423 0.986105 0.027776 0.031571 0.999115 -0.100008 
1561000732087670147 1561000733486742273 0.998555 -0.053583 0.004069 9.410672 0.053589 0.998562 -0.001243 0.053747 -0.003996 0.001459 0.999991 -0.168931 
1561000733589083819 1561000734787616703 0.999971 0.003075 -0.006937 9.412166 -0.003046 0.999987 0.004086 -0.031791 0.006950 -0.004065 0.999968 -0.154966 
1561000734886663696 1561000735988634655 0.999911 0.011243 0.007118 9.683510 -0.011245 0.999937 0.000189 -0.063823 -0.007116 -0.000269 0.999975 -0.224400 
1561000736088836524 1561000737090381672 0.999987 0.005080 -0.001090 9.328196 -0.005078 0.999985 0.002073 -0.034068 0.001101 -0.002067 0.999997 -0.208597 
1561000737188851161 1561000738188296048 0.999996 -0.001280 -0.002591 9.434711 0.001275 0.999997 -0.002098 -0.001740 0.002594 0.002094 0.999994 -0.205034 
1561000738290178242 1561000739291332157 0.999980 -0.002222 0.005905 9.562729 0.002213 0.999996 0.001512 -0.016635 -0.005909 -0.001499 0.999981 -0.238220 
1561000739390038829 1561000740389815888 0.999958 -0.000567 -0.009164 9.659073 0.000551 0.999998 -0.001650 -0.018983 0.009165 0.001645 0.999957 -0.152197 
1561000740491454435 1561000741492547421 0.999936 0.000990 0.011261 9.775312 -0.000970 0.999998 -0.001736 -0.035989 -0.011262 0.001724 0.999935 -0.264324 
1561000741592366541 1561000742592558775 0.999980 0.000655 -0.006337 9.494996 -0.000607 0.999972 0.007467 -0.019447 0.006342 -0.007463 0.999952 -0.247128 
1561000742692409527 1561000743693572124 0.999890 -0.004122 -0.014249 9.223713 0.004147 0.999990 0.001695 0.000383 0.014242 -0.001754 0.999897 -0.078178 
1561000743794346983 1561000744794176704 0.999862 -0.008934 0.013973 9.228185 0.008877 0.999952 0.004145 0.015742 -0.014009 -0.004020 0.999894 -0.231717 
1561000744893265994 1561000745892760690 0.999653 -0.022382 0.013904 9.547850 0.022465 0.999731 -0.005804 0.061149 -0.013770 0.006114 0.999886 -0.214942 
1561000745994330003 1561000746995283002 0.999424 -0.032470 -0.009908 9.947222 0.032557 0.999432 0.008748 0.102316 0.009619 -0.009065 0.999913 -0.120888 
1561000747095332662 1561000747995278489 0.999680 -0.022507 -0.011558 9.314434 0.022483 0.999745 -0.002214 0.041121 0.011605 0.001954 0.999931 -0.127804 
1561000748094238866 1561000748994474461 0.999899 -0.005845 0.012947 9.670658 0.005907 0.999971 -0.004759 -0.036290 -0.012919 0.004835 0.999905 -0.226562 
1561000749095649347 1561000749995312101 0.999980 0.005603 -0.002976 9.753130 -0.005598 0.999983 0.001562 -0.049323 0.002985 -0.001546 0.999994 -0.188680 
1561000750094726814 1561000750995337522 0.999995 -0.002390 -0.002292 9.471715 0.002391 0.999997 0.000553 -0.010364 0.002291 -0.000558 0.999997 -0.201060 
1561000751095414110 1561000751995483708 0.999992 -0.002871 0.002820 9.123566 0.002877 0.999994 -0.002099 -0.026360 -0.002814 0.002107 0.999994 -0.252499 
1561000752094654803 1561000753094207025 0.999989 -0.001238 -0.004570 9.802745 0.001246 0.999998 0.001775 -0.024714 0.004568 -0.001780 0.999988 -0.235548 
1561000753195275960 1561000754194218125 0.999623 0.010136 -0.025525 9.562452 -0.010202 0.999945 -0.002445 -0.063987 0.025498 0.002705 0.999671 -0.073166 
1561000754295329534 1561000755288732887 0.999993 0.003619 -0.000528 9.535525 -0.003617 0.999980 0.005103 -0.010158 0.000547 -0.005101 0.999987 -0.200615 
1561000755386167558 1561000756386412554 0.999950 -0.009506 0.003019 9.526770 0.009509 0.999954 -0.001179 -0.006601 -0.003008 0.001208 0.999995 -0.262165 
1561000756487496701 1561000757487453293 0.999974 0.004024 -0.005932 9.349939 -0.004022 0.999992 0.000347 -0.030526 0.005933 -0.000324 0.999982 -0.188687 
1561000757587337269 1561000758688286148 0.999933 0.008628 -0.007712 10.008539 -0.008636 0.999962 -0.001025 -0.069047 0.007703 0.001091 0.999970 -0.136235 
1561000758789231499 1561000759789196209 0.999667 -0.002661 0.025669 9.220358 0.002423 0.999954 0.009317 -0.000205 -0.025692 -0.009251 0.999627 -0.226040 
1561000759887532847 1561000760990465680 0.999900 -0.007855 -0.011775 10.066123 0.007796 0.999957 -0.005058 0.007126 0.011814 0.004966 0.999918 -0.154144 
1561000761088968598 1561000762289743052 0.999984 -0.004727 0.003185 9.860611 0.004742 0.999978 -0.004694 -0.015667 -0.003162 0.004709 0.999984 -0.253966 
1561000762387994594 1561000763687936816 0.999239 0.009999 0.037695 9.314002 -0.009622 0.999902 -0.010177 -0.087967 -0.037793 0.009806 0.999237 -0.666996 
1561000763789735263 1561000765088940619 0.998733 0.026392 -0.042841 9.492894 -0.026029 0.999620 0.009026 -0.079150 0.043063 -0.007899 0.999041 -0.167872 
1561000765189948028 1561000766391047637 0.999903 0.013832 0.001676 9.446618 -0.013836 0.999901 0.002562 -0.044393 -0.001640 -0.002585 0.999995 -0.163503 
1561000766491319103 1561000767590742325 0.999834 0.016484 -0.007815 9.191552 -0.016480 0.999864 0.000500 -0.063404 0.007822 -0.000371 0.999969 -0.109542 
1561000767692031676 1561000768795241937 0.999913 0.012782 0.003175 9.354388 -0.012783 0.999918 0.000262 -0.045841 -0.003172 -0.000303 0.999995 -0.238178 
1561000768894323939 1561000770086282522 0.998470 0.014328 0.053411 9.776651 -0.014455 0.999894 0.001994 -0.087571 -0.053376 -0.002763 0.998571 -0.843738 
1561000770186225818 1561000771387103000 0.999001 0.018080 -0.040858 9.848624 -0.017769 0.999810 0.007963 -0.049313 0.040994 -0.007229 0.999133 -0.268177 
1561000771487852244 1561000772585962725 0.999869 0.009204 -0.013327 9.442311 -0.009235 0.999955 -0.002274 -0.042996 0.013306 0.002397 0.999909 -0.154144 
1561000772687943295 1561000773790565141 0.999996 0.002774 0.000687 9.772144 -0.002776 0.999992 0.002795 0.008634 -0.000679 -0.002797 0.999996 -0.212012 
1561000773889525363 1561000774990666307 0.999982 0.004257 -0.004331 9.863356 -0.004266 0.999989 -0.002109 -0.024308 0.004322 0.002127 0.999988 -0.210682 
1561000775089098195 1561000776190580251 0.999844 0.001551 -0.017622 9.638422 -0.001596 0.999995 -0.002581 -0.017666 0.017618 0.002608 0.999841 -0.053094 
1561000776291985141 1561000777392535701 0.998843 0.009816 0.047067 9.625592 -0.009709 0.999950 -0.002514 -0.044438 -0.047090 0.002054 0.998889 -0.211417 
1561000777493455787 1561000778593527465 0.999676 0.009813 -0.023502 9.813955 -0.009836 0.999951 -0.000838 -0.039880 0.023492 0.001069 0.999723 -0.142586 
1561000778694808233 1561000779787026286 0.999837 0.016558 0.007265 9.710528 -0.016533 0.999857 -0.003580 -0.091052 -0.007324 0.003459 0.999967 -0.259345 
1561000779885753805 1561000781085805758 0.999589 0.027629 0.007588 9.926920 -0.027625 0.999618 -0.000575 -0.134022 -0.007601 0.000365 0.999971 -0.378763 
1561000781187957557 1561000782392405364 0.999428 0.024317 -0.023497 9.616334 -0.024315 0.999704 0.000339 -0.098364 0.023499 0.000233 0.999724 -0.205451 
1561000782492164522 1561000783792959707 0.999996 0.002552 -0.000803 9.980276 -0.002547 0.999974 0.006761 0.028598 0.000820 -0.006759 0.999977 -0.267260 
1561000783893682992 1561000785294337745 0.999314 0.009353 -0.035841 9.964511 -0.009742 0.999895 -0.010688 -0.107993 0.035737 0.011030 0.999300 0.075236 
1561000785395266711 1561000786794126864 0.997872 0.031283 0.057215 9.600057 -0.031679 0.999480 0.006034 -0.107884 -0.056997 -0.007833 0.998344 -0.252258 
1561000786887006419 1561000788288352124 0.999745 0.021957 -0.005258 9.622637 -0.021941 0.999755 0.003020 -0.092888 0.005323 -0.002903 0.999982 -0.236219 
1561000788389231905 1561000789791272526 0.999890 0.009629 -0.011287 9.651025 -0.009563 0.999937 0.005872 -0.043475 0.011343 -0.005763 0.999919 -0.110073 
1561000789892036451 1561000791292419770 0.999350 0.021583 0.028862 9.873085 -0.021371 0.999743 -0.007628 -0.111656 -0.029020 0.007006 0.999554 -0.210405 
