1566535934548163136 1566535944248010187 0.999659 -0.026120 0.000749 9.828066 0.026116 0.999646 0.005178 0.417719 -0.000884 -0.005157 0.999986 -0.195305 
1566535944347834283 1566535946055727893 0.999879 -0.015568 -0.000157 9.876732 0.015568 0.999878 0.000834 0.045383 0.000144 -0.000836 1.000000 -0.179825 
1566535946155935793 1566535947856044996 0.999575 -0.028442 0.006447 9.956301 0.028408 0.999583 0.005256 0.097834 -0.006594 -0.005070 0.999965 -0.243276 
1566535947956148046 1566535949647802761 0.999408 -0.032898 -0.010033 9.591679 0.032887 0.999458 -0.001190 0.098656 0.010067 0.000859 0.999949 -0.225378 
1566535949748000211 1566535951448795658 0.999683 -0.024848 -0.003956 10.062180 0.024833 0.999684 -0.003869 0.045804 0.004051 0.003770 0.999985 -0.181493 
1566535951547699498 1566535953049785058 0.999998 -0.000507 -0.002037 9.816500 0.000512 0.999997 0.002317 -0.042780 0.002036 -0.002318 0.999995 -0.180084 
1566535953149802954 1566535954452970577 0.999999 0.000446 -0.001631 9.332199 -0.000452 0.999992 -0.003947 -0.016789 0.001629 0.003947 0.999991 -0.168672 
1566535954552173905 1566535955848077573 0.999865 0.016055 0.003360 9.952171 -0.016051 0.999870 -0.001228 -0.083584 -0.003379 0.001174 0.999994 -0.239070 
1566535955948120285 1566535957248087548 0.999977 0.006806 0.000057 9.908832 -0.006806 0.999972 0.003085 -0.019291 -0.000036 -0.003085 0.999995 -0.249668 
1566535957348060094 1566535958748393258 0.999991 -0.000208 0.004159 10.071407 0.000198 0.999997 0.002473 -0.026872 -0.004159 -0.002472 0.999988 -0.355194 
1566535958848597942 1566535960251179575 0.999435 0.001449 -0.033568 9.870514 -0.001617 0.999986 -0.004972 -0.033980 0.033561 0.005023 0.999424 -0.187588 
1566535960351129229 1566535961652893730 0.999961 0.008162 -0.003507 9.588303 -0.008162 0.999967 -0.000030 -0.072612 0.003507 0.000058 0.999994 -0.234455 
1566535961752946878 1566535963048021370 0.999522 0.030736 -0.003396 9.609496 -0.030739 0.999527 -0.000971 -0.125878 0.003364 0.001075 0.999994 -0.210537 
1566535963148252927 1566535964447674802 0.999595 0.018036 -0.021989 9.292387 -0.018142 0.999825 -0.004638 -0.068583 0.021902 0.005035 0.999747 -0.033366 
1566535964547579747 1566535965848299348 0.999679 -0.003819 0.025040 10.003718 0.003680 0.999977 0.005611 0.000843 -0.025061 -0.005517 0.999671 -0.228505 
1566535965948249138 1566535967150082010 0.999841 -0.016268 -0.007279 9.671689 0.016254 0.999866 -0.001932 0.065125 0.007309 0.001813 0.999972 -0.167419 
1566535967250049716 1566535968449882347 0.999533 -0.030543 0.000091 9.889868 0.030543 0.999509 -0.007036 0.058199 0.000124 0.007036 0.999975 -0.229357 
1566535968549932007 1566535969750659125 0.998647 0.006930 0.051531 9.438726 -0.006904 0.999976 -0.000677 -0.048816 -0.051535 0.000320 0.998671 -0.762705 
1566535969851111965 1566535971052610322 0.998916 0.011822 -0.045030 9.514350 -0.011819 0.999930 0.000353 -0.025280 0.045031 0.000180 0.998986 -0.185182 
1566535971152637528 1566535972355294397 0.999960 0.006903 -0.005638 9.923666 -0.006875 0.999964 0.005002 -0.012992 0.005673 -0.004964 0.999972 -0.175332 
1566535972455333056 1566535973555770775 0.999915 0.012886 -0.001808 9.156275 -0.012882 0.999914 0.002534 -0.058570 0.001840 -0.002511 0.999995 -0.214216 
1566535973655770534 1566535974852874667 0.999968 0.006671 -0.004364 9.406654 -0.006663 0.999976 0.001712 -0.031373 0.004376 -0.001683 0.999989 -0.199091 
1566535974953262184 1566535976250571891 0.999616 0.006471 0.026940 9.738842 -0.006488 0.999979 0.000532 -0.032621 -0.026936 -0.000707 0.999637 -0.527284 
1566535976351093003 1566535977555451930 0.999747 0.020656 -0.008854 9.487634 -0.020633 0.999784 0.002617 -0.092050 0.008906 -0.002434 0.999957 -0.160576 
1566535977647504019 1566535978754054187 0.999593 0.028097 -0.004935 9.265604 -0.028088 0.999603 0.001990 -0.094579 0.004989 -0.001850 0.999986 -0.170134 
1566535978854089230 1566535979948041084 0.999937 0.010387 -0.004325 9.607798 -0.010369 0.999938 0.004178 0.003524 0.004368 -0.004133 0.999982 -0.163680 
1566535980047726566 1566535981148021871 0.999976 -0.006839 -0.000619 9.767067 0.006840 0.999974 0.002421 0.027193 0.000602 -0.002426 0.999997 -0.209259 
1566535981248049523 1566535982355327927 0.999913 -0.000021 -0.013195 9.474118 0.000027 1.000000 0.000432 0.009863 0.013195 -0.000432 0.999913 -0.127340 
1566535982447408632 1566535983547971745 0.999569 0.005827 0.028773 9.490644 -0.005481 0.999912 -0.012086 -0.029331 -0.028841 0.011923 0.999513 -0.119661 
1566535983649542994 1566535984752077654 0.999917 0.007075 -0.010771 9.848846 -0.007114 0.999968 -0.003620 -0.037531 0.010746 0.003696 0.999935 -0.161138 
1566535984852310548 1566535985953915787 0.999867 0.016156 0.002083 9.852466 -0.016148 0.999862 -0.003814 -0.073131 -0.002144 0.003780 0.999991 -0.232147 
1566535986053695043 1566535987155384005 0.999817 0.017344 0.008039 9.407252 -0.017357 0.999848 0.001516 -0.086507 -0.008011 -0.001656 0.999967 -0.350367 
1566535987247421146 1566535988447594437 0.998867 0.031691 -0.035494 9.867292 -0.031701 0.999497 0.000290 -0.129947 0.035485 0.000836 0.999370 -0.201958 
1566535988547383281 1566535989749072863 0.999931 0.011528 -0.002128 9.782239 -0.011515 0.999913 0.006419 -0.022027 0.002202 -0.006394 0.999977 -0.214130 
1566535989848992544 1566535991048982166 0.999810 0.011439 -0.015755 9.380299 -0.011397 0.999931 0.002719 -0.065032 0.015785 -0.002538 0.999872 -0.125228 
1566535991148890666 1566535992352348724 0.999285 0.016135 0.034203 9.657993 -0.015859 0.999840 -0.008331 -0.091925 -0.034332 0.007782 0.999380 -0.185525 
1566535992447570523 1566535993548911540 0.999980 -0.006052 -0.001790 9.204874 0.006056 0.999979 0.002289 0.015523 0.001776 -0.002299 0.999996 -0.234246 
1566535993648804642 1566535994853477027 0.999970 -0.006541 -0.004053 9.741753 0.006513 0.999955 -0.006879 -0.029444 0.004098 0.006852 0.999968 -0.220901 
1566535994954972790 1566535996146966889 0.999884 0.015177 0.001369 9.413511 -0.015178 0.999884 0.001033 -0.058307 -0.001354 -0.001054 0.999999 -0.078161 
1566535996247184697 1566535997446783659 0.999566 0.026986 -0.011781 9.982060 -0.026947 0.999631 0.003430 -0.117349 0.011869 -0.003111 0.999925 -0.171986 
1566535997547152963 1566535998646810717 0.998912 0.046099 0.007050 9.601269 -0.046064 0.998926 -0.005031 -0.200369 -0.007275 0.004701 0.999962 -0.222162 
1566535998747379102 1566535999848706726 0.999195 0.039267 0.008252 9.782823 -0.039255 0.999228 -0.001554 -0.165579 -0.008306 0.001229 0.999965 -0.292890 
1566535999948692974 1566536001054634466 0.999546 0.025438 -0.016174 9.332654 -0.025303 0.999643 0.008545 -0.064209 0.016386 -0.008132 0.999833 -0.131983 
1566536001147045774 1566536002550057779 0.999170 0.021626 -0.034507 9.717632 -0.022169 0.999635 -0.015442 -0.136723 0.034160 0.016194 0.999285 0.060244 
1566536002649386152 1566536004150694705 0.999541 0.021171 0.021678 9.537081 -0.021300 0.999757 0.005730 -0.078737 -0.021551 -0.006190 0.999749 -0.147965 
1566536004251353913 1566536006046386031 0.995963 -0.089625 0.004997 9.838522 0.089526 0.995833 0.017399 0.606934 -0.006536 -0.016881 0.999836 -0.303911 
1566536006146524065 1566536008546118091 0.555747 -0.831067 0.021751 9.082456 0.831334 0.555374 -0.021076 3.905347 0.005435 0.029795 0.999541 -0.267383 
1566536008645457864 1566536010646446143 0.781930 -0.623363 0.002083 9.454011 0.622966 0.781303 -0.038459 1.051562 0.022346 0.031370 0.999258 -0.300173 
1566536010746399337 1566536012346387788 0.998159 -0.052642 -0.030130 9.773784 0.052883 0.998574 0.007257 0.062513 0.029705 -0.008837 0.999520 -0.183271 
1566536012446258634 1566536013745939378 0.999971 0.007348 0.002124 9.305723 -0.007312 0.999839 -0.016390 -0.056106 -0.002245 0.016374 0.999863 -0.197307 
1566536013846143791 1566536015045950201 0.999835 0.015376 -0.009708 9.545316 -0.015522 0.999766 -0.015094 -0.111073 0.009473 0.015242 0.999839 -0.163704 
1566536015145841335 1566536016246258556 0.999951 -0.009657 0.002133 9.242077 0.009690 0.999828 -0.015804 -0.009767 -0.001980 0.015824 0.999873 -0.193439 
1566536016345774135 1566536017446393154 0.999961 0.001069 0.008818 9.407536 -0.001213 0.999866 0.016354 -0.038256 -0.008799 -0.016364 0.999827 -0.223664 
1566536017546513793 1566536018850536903 0.999964 0.001855 -0.008320 9.933101 -0.001812 0.999985 0.005214 -0.001490 0.008330 -0.005199 0.999952 -0.174990 
1566536018950739638 1566536020446439582 0.999987 0.002178 -0.004667 9.531739 -0.002190 0.999994 -0.002557 -0.048671 0.004662 0.002567 0.999986 -0.153834 
1566536020552892509 1566536022046262497 0.999726 0.008906 -0.021654 9.653292 -0.008855 0.999958 0.002472 -0.055542 0.021675 -0.002279 0.999762 -0.222737 
1566536022146036787 1566536023645766212 0.999916 -0.012875 0.001594 9.888512 0.012879 0.999913 -0.002847 0.032507 -0.001557 0.002867 0.999995 -0.226907 
1566536023745812636 1566536025245383677 0.999532 -0.000472 0.030574 9.448869 0.000158 0.999947 0.010254 -0.003183 -0.030578 -0.010245 0.999480 -0.575618 
1566536025345086655 1566536026845908014 0.999834 0.008672 -0.016021 9.498964 -0.009084 0.999625 -0.025826 -0.067861 0.015791 0.025967 0.999538 -0.150673 
1566536026945702136 1566536028448551433 0.999930 -0.010608 0.005300 9.790742 0.010671 0.999871 -0.011972 0.004265 -0.005173 0.012027 0.999914 -0.190611 
1566536028548535257 1566536030045431893 0.997419 -0.071760 -0.002462 9.762752 0.071701 0.997249 -0.018809 0.310182 0.003805 0.018584 0.999820 -0.295502 
1566536030145461931 1566536031745593252 0.943456 -0.329227 -0.038727 9.866037 0.329591 0.944118 0.003222 1.258772 0.035502 -0.015804 0.999245 -0.100389 
1566536031845907441 1566536033345777386 0.931918 -0.362374 -0.014643 9.372797 0.362381 0.932027 -0.002311 1.219708 0.014485 -0.003153 0.999890 -0.117310 
1566536033445891451 1566536034949012867 0.941541 -0.336888 0.002779 9.880850 0.336898 0.941526 -0.005305 1.047840 -0.000829 0.005931 0.999982 -0.220918 
1566536035048246342 1566536036446969224 0.996117 -0.079576 -0.037661 9.758233 0.080048 0.996728 0.011211 0.103180 0.036645 -0.014182 0.999228 0.080115 
1566536036546192404 1566536037748932161 0.999953 -0.000054 0.009696 9.302708 -0.000030 0.999963 0.008648 -0.011291 -0.009696 -0.008647 0.999916 -0.066408 
1566536037848807348 1566536038950382128 0.999930 0.011811 0.001195 9.389179 -0.011813 0.999928 0.002267 -0.056803 -0.001168 -0.002281 0.999997 -0.155129 
1566536039050093878 1566536040053187521 0.999948 0.010155 0.001147 9.209419 -0.010152 0.999943 -0.003232 -0.058438 -0.001180 0.003220 0.999994 -0.163748 
1566536040153199332 1566536041153372152 0.999954 0.009477 0.001392 9.794129 -0.009477 0.999955 0.000088 -0.057059 -0.001391 -0.000101 0.999999 -0.199877 
1566536041253435706 1566536042245769285 0.999747 0.021643 -0.006078 9.891392 -0.021708 0.999705 -0.010882 -0.126348 0.005841 0.011011 0.999922 -0.192923 
1566536042345682051 1566536043347192748 0.999299 0.037411 -0.001676 9.664809 -0.037394 0.999258 0.009187 -0.160432 0.002018 -0.009118 0.999956 -0.244797 
1566536043447170200 1566536044548126397 0.998483 0.054977 0.003126 9.780988 -0.054992 0.998474 0.004967 -0.203092 -0.002848 -0.005131 0.999983 -0.267905 
1566536044648737520 1566536045950203206 0.998586 0.051468 -0.013290 9.781070 -0.051446 0.998674 0.001946 -0.186387 0.013373 -0.001260 0.999910 -0.198308 
1566536046050273065 1566536047450070812 0.997747 0.067092 0.000681 9.782817 -0.067092 0.997746 0.001120 -0.241438 -0.000604 -0.001163 0.999999 -0.217524 
1566536047550119203 1566536048850510740 0.999035 0.042871 -0.009543 9.413206 -0.042893 0.999077 -0.002123 -0.143671 0.009443 0.002530 0.999952 -0.181040 
1566536048950110762 1566536050150110311 0.999115 0.041480 0.007025 9.347442 -0.041612 0.998937 0.019816 -0.126175 -0.006195 -0.020091 0.999779 -0.220700 
1566536050249622787 1566536051451386200 0.999017 0.044269 -0.002196 9.744920 -0.044272 0.999018 -0.001604 -0.164912 0.002123 0.001700 0.999996 -0.183554 
1566536051551448567 1566536052753079051 0.998987 0.044989 0.001148 9.741727 -0.044983 0.998976 -0.004831 -0.178977 -0.001364 0.004774 0.999988 -0.192273 
1566536052852974770 1566536054152929087 0.998815 0.047310 0.011385 10.099508 -0.047472 0.998769 0.014398 -0.151478 -0.010690 -0.014921 0.999832 -0.329426 
1566536054252583881 1566536055845487315 0.997487 0.056174 -0.043178 10.216596 -0.056032 0.998419 0.004492 -0.251697 0.043362 -0.002061 0.999057 0.095741 
1566536055945543930 1566536057445820280 0.997328 0.066627 0.029955 9.634865 -0.066019 0.997601 -0.020842 -0.258652 -0.031272 0.018808 0.999334 -0.089370 
1566536057545623069 1566536058946999133 0.998988 0.043596 -0.011089 9.818351 -0.043298 0.998728 0.025827 -0.078813 0.012201 -0.025321 0.999605 -0.172271 
1566536059046816344 1566536060250145577 0.999772 0.018589 0.010522 9.399136 -0.018551 0.999821 -0.003627 -0.078529 -0.010587 0.003430 0.999938 -0.226488 
1566536060350000261 1566536061449786060 0.999773 0.018957 -0.009744 9.472779 -0.019067 0.999754 -0.011306 -0.102485 0.009528 0.011489 0.999889 -0.132874 
1566536061550449686 1566536062550323962 0.998946 0.044279 0.012125 9.463241 -0.044328 0.999010 0.003804 -0.172442 -0.011944 -0.004337 0.999919 -0.282450 
1566536062650136897 1566536063551725226 0.998961 0.044901 -0.007826 9.139769 -0.044775 0.998877 0.015478 -0.141468 0.008512 -0.015112 0.999850 -0.173697 
1566536063651618995 1566536064545614431 0.998868 0.047561 0.000342 9.551144 -0.047545 0.998679 -0.019506 -0.231899 -0.001270 0.019467 0.999810 -0.214180 
1566536064645619598 1566536065547172119 0.998464 0.054827 0.008036 9.544957 -0.054809 0.998494 -0.002367 -0.202696 -0.008153 0.001922 0.999965 -0.306819 
1566536065647535076 1566536066547244700 0.998297 0.053941 -0.022235 9.371652 -0.053855 0.998539 0.004443 -0.203144 0.022442 -0.003238 0.999743 -0.048790 
1566536066648832915 1566536067549844275 0.998820 0.048528 0.001831 9.293818 -0.048516 0.998804 -0.006095 -0.226058 -0.002125 0.005999 0.999980 -0.225429 
1566536067649886638 1566536068545190883 0.998385 0.056652 -0.004172 9.311261 -0.056617 0.998364 0.008000 -0.227105 0.004618 -0.007751 0.999959 -0.185378 
1566536068646133323 1566536069545232429 0.997203 0.074023 0.010362 9.390538 -0.074090 0.997232 0.006218 -0.289063 -0.009873 -0.006968 0.999927 -0.231895 
1566536069645074893 1566536070545187454 0.997698 0.067798 0.001501 9.564700 -0.067806 0.997681 0.005989 -0.275737 -0.001091 -0.006077 0.999981 -0.335454 
1566536070645603317 1566536071545300367 0.999654 0.024724 -0.009028 9.583904 -0.024538 0.999496 0.020163 -0.079619 0.009522 -0.019935 0.999756 -0.184005 
1566536071645435907 1566536072544989421 0.999870 0.004087 -0.015628 9.212857 -0.004188 0.999971 -0.006429 -0.003153 0.015602 0.006494 0.999857 -0.119039 
1566536072644798592 1566536073645421271 0.998340 -0.057446 -0.004087 10.008514 0.057517 0.998141 0.020171 0.293271 0.002920 -0.020373 0.999788 -0.130933 
1566536073745553974 1566536074748129480 0.994885 -0.100334 0.011681 9.608278 0.100441 0.994903 -0.008931 0.381836 -0.010726 0.010058 0.999892 -0.213216 
1566536074848004342 1566536075952955624 0.983834 -0.179083 -0.000692 9.708723 0.179054 0.983733 -0.014432 0.646921 0.003265 0.014075 0.999896 -0.225636 
1566536076052826096 1566536077444547310 0.960346 -0.278785 0.003718 9.830960 0.278810 0.960284 -0.010960 1.085043 -0.000515 0.011562 0.999933 -0.242352 
1566536077544720613 1566536079449719457 0.915113 -0.403197 0.000420 9.587654 0.403194 0.915101 -0.005008 1.464910 0.001634 0.004752 0.999987 -0.333929 
1566536079549631714 1566536081249726229 0.946504 -0.322641 0.005673 9.445028 0.322688 0.946425 -0.012332 0.911265 -0.001390 0.013503 0.999908 -0.179921 
1566536081351298439 1566536082848401629 0.997773 -0.066643 0.002773 9.970823 0.066646 0.997776 -0.000758 0.095675 -0.002717 0.000941 0.999996 -0.215536 
1566536082947980159 1566536084251126229 0.999928 0.007296 -0.009574 9.607642 -0.007416 0.999894 -0.012560 -0.124851 0.009481 0.012630 0.999875 -0.155418 
1566536084345190974 1566536085545140180 0.999989 -0.002884 -0.003812 9.409379 0.002918 0.999956 0.008949 0.063660 0.003786 -0.008960 0.999953 -0.147199 
1566536085645432802 1566536086851745210 0.999998 0.001453 -0.001314 9.627288 -0.001452 0.999999 0.000319 0.005045 0.001315 -0.000317 0.999999 -0.210930 
1566536086951661300 1566536088144315563 0.999956 -0.009273 0.001100 10.030657 0.009268 0.999949 0.004045 0.023384 -0.001138 -0.004034 0.999991 -0.242354 
1566536088244923214 1566536089345151575 0.999986 0.004945 0.001869 9.455382 -0.004952 0.999981 0.003755 -0.036257 -0.001850 -0.003765 0.999991 -0.222374 
1566536089445200002 1566536090644654654 0.999895 0.010161 -0.010301 9.905675 -0.010280 0.999880 -0.011547 -0.077444 0.010183 0.011652 0.999880 -0.174631 
1566536090744797690 1566536091945477894 0.999875 0.003249 0.015493 10.034173 -0.003269 0.999994 0.001223 -0.042041 -0.015489 -0.001274 0.999879 -0.345118 
1566536092045698367 1566536093151313842 0.999935 -0.005007 -0.010218 9.419170 0.004955 0.999975 -0.005099 -0.005917 0.010244 0.005048 0.999935 -0.177287 
1566536093251396030 1566536094345045272 0.999991 0.002843 0.003253 9.415870 -0.002888 0.999898 0.014005 -0.009816 -0.003212 -0.014014 0.999897 -0.235767 
1566536094445026699 1566536095744784530 0.999938 0.007860 0.007943 9.693245 -0.007796 0.999938 -0.007943 -0.061673 -0.008005 0.007881 0.999937 -0.351210 
1566536095844640665 1566536097345826596 0.999520 0.009519 -0.029492 9.988486 -0.009145 0.999876 0.012797 -0.026147 0.029610 -0.012521 0.999483 -0.226685 
1566536097448141762 1566536099044707639 0.999159 0.040311 -0.007447 9.806447 -0.040439 0.999021 -0.017931 -0.236352 0.006717 0.018217 0.999811 -0.154363 
1566536099144500661 1566536100947879772 0.887905 0.459218 0.027259 9.592683 -0.459803 0.887762 0.021459 -1.934850 -0.014345 -0.031588 0.999398 -0.252215 
1566536101048450478 1566536102852863156 0.747290 0.664497 -0.001131 9.247309 -0.664338 0.747145 0.020726 -2.376164 0.014617 -0.014737 0.999785 -0.256628 
1566536102952865725 1566536104645261980 0.973575 0.228291 0.005896 10.031472 -0.228302 0.973589 0.001277 -0.538759 -0.005449 -0.002589 0.999982 -0.218106 
1566536104745142236 1566536106446814374 0.999372 0.035398 0.001314 9.799987 -0.035410 0.999326 0.009681 -0.044467 -0.000970 -0.009722 0.999952 -0.256818 
1566536106546819379 1566536109448271013 0.999990 0.003537 -0.002617 10.152539 -0.003527 0.999987 0.003758 -0.030425 0.002630 -0.003749 0.999990 -0.241368 
1566536109547541919 1566536112550669534 0.999602 0.026794 -0.008873 9.840283 -0.026642 0.999504 0.016806 0.203355 0.009319 -0.016563 0.999819 -0.161048 
1566536112651045255 1566536114444713014 0.998289 -0.058438 -0.001898 9.807710 0.058402 0.998174 -0.015439 0.076630 0.002797 0.015302 0.999879 -0.168514 
1566536114544506301 1566536115944995760 0.999952 -0.009579 0.002011 9.754174 0.009568 0.999940 0.005262 -0.006653 -0.002062 -0.005243 0.999984 -0.197066 
1566536116045046910 1566536117344653362 0.999962 0.008626 0.000825 9.945287 -0.008624 0.999959 -0.002634 -0.045149 -0.000847 0.002627 0.999996 -0.224587 
1566536117444679693 1566536118646645631 0.999754 0.022058 -0.002261 9.712197 -0.022080 0.999705 -0.010072 -0.129849 0.002038 0.010120 0.999947 -0.199334 
1566536118746969189 1566536119848186473 0.999566 0.020394 -0.021263 9.231753 -0.020493 0.999780 -0.004484 -0.090563 0.021167 0.004918 0.999764 -0.134289 
1566536119948139437 1566536121050872150 0.999877 -0.015469 0.002391 9.560790 0.015461 0.999875 0.003214 0.047598 -0.002440 -0.003177 0.999992 -0.180036 
1566536121150881083 1566536122252285779 0.999991 -0.004280 -0.000817 9.956541 0.004284 0.999978 0.005137 -0.000922 0.000795 -0.005140 0.999986 -0.182670 
1566536122352385698 1566536123352669914 0.999977 0.002621 0.006288 9.276615 -0.002693 0.999931 0.011418 -0.012417 -0.006258 -0.011435 0.999915 -0.261881 
1566536123452632806 1566536124544611865 0.999989 0.002075 -0.004264 9.801672 -0.002094 0.999988 -0.004436 -0.026926 0.004255 0.004445 0.999981 -0.201321 
1566536124644481464 1566536125748911362 0.999995 0.001425 0.002748 9.327537 -0.001466 0.999889 0.014842 -0.000245 -0.002727 -0.014846 0.999886 -0.254312 
1566536125849642491 1566536127145123252 0.999515 -0.030177 0.007626 9.812044 0.030037 0.999389 0.017892 0.237477 -0.008162 -0.017655 0.999811 -0.293343 
1566536127244981270 1566536128944566535 0.868818 -0.493930 0.034463 9.635125 0.495129 0.866902 -0.057694 2.228012 -0.001379 0.067189 0.997739 -0.351167 
1566536129044584726 1566536130743920985 0.894418 -0.446094 -0.031871 9.605908 0.446371 0.894846 0.001786 1.222086 0.027723 -0.015824 0.999490 -0.087167 
1566536130844703742 1566536132346249068 0.988836 -0.149003 0.001085 9.681573 0.148998 0.988829 0.004182 0.403963 -0.001696 -0.003973 0.999991 -0.159978 
1566536132446108846 1566536133746713735 0.999005 -0.043702 0.008886 9.598022 0.043837 0.998916 -0.015650 0.027948 -0.008193 0.016024 0.999838 -0.219323 
1566536133849018957 1566536135050902616 0.999753 0.019899 -0.009919 9.836011 -0.020101 0.999583 -0.020730 -0.148009 0.009502 0.020924 0.999736 -0.157239 
1566536135150956483 1566536136244255103 0.999824 0.017978 0.005328 9.775106 -0.017996 0.999832 0.003480 -0.056154 -0.005264 -0.003575 0.999980 -0.207115 
1566536136344320075 1566536137344512582 0.999907 0.013622 0.000895 9.532663 -0.013638 0.999692 0.020747 -0.011679 -0.000612 -0.020758 0.999784 -0.183920 
1566536137444193500 1566536138346122036 0.999959 0.005477 -0.007270 8.966794 -0.005594 0.999853 -0.016179 -0.038431 0.007180 0.016219 0.999843 -0.107746 
1566536138447623736 1566536139344412456 0.999932 0.001814 0.011497 9.251742 -0.001856 0.999992 0.003650 -0.012172 -0.011490 -0.003671 0.999927 -0.263060 
1566536139444535963 1566536140347703859 0.999956 -0.005891 -0.007356 9.408810 0.005815 0.999930 -0.010310 0.012727 0.007417 0.010267 0.999920 -0.146469 
1566536140447762017 1566536141347370876 0.999907 -0.008002 0.011070 9.297470 0.007973 0.999965 0.002670 0.031455 -0.011091 -0.002581 0.999935 -0.256107 
1566536141447068845 1566536142448293139 0.998075 -0.061736 -0.005841 9.929564 0.061846 0.997864 0.021022 0.340259 0.004531 -0.021343 0.999762 -0.197233 
1566536142549086944 1566536143550366602 0.991353 -0.131216 -0.001142 9.642672 0.131219 0.991254 0.014072 0.536788 -0.000715 -0.014101 0.999900 -0.249728 
1566536143650415921 1566536144650347223 0.996319 -0.085635 0.003790 9.675716 0.085662 0.996295 -0.007588 0.193013 -0.003126 0.007885 0.999964 -0.256642 
1566536144750667219 1566536145743807429 0.999982 -0.005615 -0.002134 9.423600 0.005603 0.999968 -0.005650 -0.058089 0.002166 0.005638 0.999982 -0.206921 
1566536145843916431 1566536146943784001 0.999683 0.018169 -0.017408 10.155015 -0.018017 0.999798 0.008852 -0.044779 0.017565 -0.008536 0.999809 -0.049949 
1566536147043763225 1566536148144502471 0.999702 -0.024145 -0.003501 9.968126 0.024135 0.999704 -0.002977 0.109665 0.003572 0.002892 0.999989 -0.123517 
1566536148248592826 1566536149350248654 0.996749 -0.079648 0.012161 9.711564 0.079812 0.996717 -0.013600 0.314039 -0.011038 0.014526 0.999834 -0.326760 
1566536149450341276 1566536150551595735 0.993777 -0.110987 -0.009474 9.444261 0.110867 0.993758 -0.012413 0.351439 0.010792 0.011285 0.999878 -0.158690 
1566536150651505004 1566536151743588161 0.991086 -0.133198 -0.002769 9.338196 0.133172 0.991061 -0.007991 0.442096 0.003809 0.007551 0.999964 -0.214915 
1566536151843629720 1566536152943115605 0.986967 -0.160846 -0.005042 9.438665 0.160882 0.986943 0.007764 0.566277 0.003727 -0.008474 0.999957 -0.184666 
1566536153043839306 1566536154143745145 0.991795 -0.127463 0.009738 9.325867 0.127472 0.991842 -0.000252 0.402425 -0.009626 0.001491 0.999953 -0.301557 
1566536154243925222 1566536155447357704 0.992747 -0.118070 -0.022639 9.697084 0.117921 0.992992 -0.007810 0.405962 0.023402 0.005084 0.999713 -0.152527 
1566536155547233271 1566536156748388017 0.989826 -0.142207 0.004630 9.242132 0.142254 0.989755 -0.012233 0.475093 -0.002843 0.012767 0.999914 -0.192896 
1566536156848428924 1566536158150725746 0.991511 -0.129956 -0.004104 9.660612 0.129874 0.991400 -0.016096 0.342322 0.006160 0.015427 0.999862 -0.213048 
1566536158251384694 1566536159551400461 0.996544 -0.082846 -0.006118 9.332975 0.082890 0.996533 0.007228 0.267012 0.005498 -0.007710 0.999955 -0.188025 
1566536159651407816 1566536161043416353 0.995046 -0.099413 0.000585 9.480935 0.099406 0.995023 0.006941 0.371628 -0.001272 -0.006848 0.999976 -0.272772 
1566536161143400899 1566536162545252257 0.992799 -0.119473 -0.008787 9.372390 0.119547 0.992793 0.008441 0.421693 0.007715 -0.009431 0.999926 -0.182162 
1566536162644194184 1566536164144264480 0.992583 -0.121562 0.001511 9.958529 0.121571 0.992489 -0.013651 0.394033 0.000160 0.013734 0.999906 -0.215548 
1566536164245058584 1566536165744930064 0.996558 -0.082699 0.005751 9.623682 0.082745 0.996536 -0.008355 0.213261 -0.005040 0.008802 0.999949 -0.239905 
1566536165845549981 1566536167446372367 0.997403 -0.071738 -0.006372 9.957376 0.071788 0.997387 0.008099 0.303171 0.005774 -0.008535 0.999947 -0.150665 
1566536167546291306 1566536169149667070 0.980440 -0.183725 0.070581 9.560271 0.184377 0.982852 -0.002780 0.716917 -0.068860 0.015739 0.997502 -0.667283 
1566536169249703918 1566536170749608638 0.973794 -0.227434 0.000100 9.800581 0.227387 0.973599 0.019986 0.642240 -0.004643 -0.019440 0.999800 -0.094519 
1566536170849798856 1566536172243086025 0.991194 -0.112958 -0.069107 10.052071 0.110989 0.993316 -0.031713 0.295905 0.072227 0.023763 0.997105 0.215466 
1566536172343017706 1566536173742812608 0.998231 -0.059448 0.000299 10.029170 0.059435 0.997873 -0.026765 0.183247 0.001293 0.026735 0.999642 -0.210540 
1566536173842215557 1566536175246194886 0.992743 -0.120237 0.001830 9.703003 0.120248 0.992711 -0.008103 0.416798 -0.000843 0.008264 0.999965 -0.180155 
1566536175346147618 1566536176742964409 0.976842 -0.212089 -0.028248 9.413335 0.212861 0.976685 0.027880 0.907713 0.021677 -0.033247 0.999212 -0.152776 
1566536176843281875 1566536178249149338 0.960427 -0.278429 -0.007498 9.589488 0.278423 0.960457 -0.001864 0.864668 0.007720 -0.000297 0.999970 -0.243935 
1566536178348583491 1566536179649169449 0.995414 -0.095664 -0.000331 9.656395 0.095653 0.995344 -0.011897 0.176351 0.001467 0.011810 0.999929 -0.194588 
1566536179749177079 1566536181150991664 0.999521 0.030219 -0.006686 10.072497 -0.030238 0.999539 -0.002793 -0.207464 0.006599 0.002994 0.999974 -0.179493 
1566536181251191169 1566536182743018079 0.996816 0.079229 0.008973 9.759797 -0.079042 0.996681 -0.019480 -0.407663 -0.010487 0.018709 0.999770 -0.313397 
1566536182842725817 1566536184744603917 0.837591 0.546175 0.011603 9.917741 -0.546297 0.837441 0.015863 -2.519830 -0.001053 -0.019625 0.999807 -0.335297 
1566536184844505896 1566536186646337889 0.814452 0.580226 0.002430 9.577261 -0.580211 0.814382 0.011666 -1.774364 0.004790 -0.010911 0.999929 -0.189400 
1566536186745996836 1566536188247379782 0.981246 0.192759 -0.001036 9.347889 -0.192762 0.981227 -0.006001 -0.561650 -0.000140 0.006088 0.999981 -0.212667 
1566536188347335657 1566536189749162669 0.999599 0.028128 0.003228 9.905951 -0.028134 0.999603 0.001602 -0.041177 -0.003182 -0.001692 0.999994 -0.185516 
1566536189849025096 1566536191249128411 0.999993 0.000243 0.003706 10.007758 -0.000243 1.000000 -0.000011 -0.018982 -0.003706 0.000010 0.999993 -0.259901 
1566536191348927272 1566536193043591940 0.996750 0.080007 0.009373 9.888922 -0.080175 0.996598 0.019076 -0.448167 -0.007815 -0.019766 0.999774 -0.308367 
1566536193145555072 1566536196244300568 0.819039 0.572589 -0.036285 9.877682 -0.571097 0.819698 0.044083 -2.414857 0.054984 -0.015383 0.998369 0.070364 
1566536196345653357 1566536198742288092 0.822044 0.569414 -0.003267 9.820146 -0.568862 0.820964 -0.049133 -2.106342 -0.025295 0.042248 0.998787 -0.213432 
1566536198842423425 1566536200543368084 0.994372 0.104103 0.019653 9.706306 -0.104233 0.994537 0.005708 -0.150872 -0.018952 -0.007725 0.999791 -0.102509 
1566536200644037752 1566536202042092090 0.997036 -0.076807 -0.004475 9.577764 0.076765 0.997010 -0.008788 0.317917 0.005136 0.008418 0.999951 -0.087047 
1566536202143857568 1566536203442472686 0.993137 -0.116186 -0.013372 9.715040 0.116260 0.993207 0.004930 0.353206 0.012708 -0.006451 0.999898 -0.104312 
1566536203542212651 1566536204743750421 0.991693 -0.128625 -0.000427 9.705613 0.128622 0.991637 0.010623 0.395648 -0.000943 -0.010589 0.999943 -0.204040 
1566536204843914495 1566536205944068246 0.992681 -0.120760 -0.001159 9.455157 0.120756 0.992677 -0.003081 0.362853 0.001522 0.002918 0.999995 -0.182238 
1566536206043945211 1566536207143736244 0.994226 -0.107235 -0.003938 9.883794 0.107212 0.994219 -0.005785 0.336541 0.004536 0.005329 0.999976 -0.134997 
1566536207243230698 1566536208242763162 0.996069 -0.087527 0.013596 9.312116 0.087560 0.996158 -0.001862 0.292694 -0.013381 0.003045 0.999906 -0.241934 
1566536208343665076 1566536209343728862 0.996423 -0.084006 -0.009137 9.597861 0.083942 0.996444 -0.007246 0.248430 0.009713 0.006453 0.999932 -0.168712 
1566536209443562093 1566536210444164077 0.995229 -0.097384 0.006012 9.875963 0.097296 0.995164 0.013524 0.400344 -0.007300 -0.012875 0.999890 -0.261035 
1566536210543913175 1566536211444091977 0.990444 -0.137524 -0.010349 9.117757 0.137397 0.990442 -0.012116 0.465620 0.011917 0.010578 0.999873 -0.150448 
1566536211543920193 1566536212448129702 0.993026 -0.117854 -0.003221 9.382161 0.117768 0.992841 -0.019935 0.340632 0.005547 0.019417 0.999796 -0.200731 
1566536212548109353 1566536213448727543 0.994729 -0.102411 -0.005112 9.591938 0.102452 0.994702 0.008497 0.360814 0.004215 -0.008976 0.999951 -0.170420 
1566536213548451277 1566536214448625319 0.996698 -0.081186 0.001588 9.825950 0.081196 0.996667 -0.007832 0.273447 -0.000947 0.007935 0.999968 -0.196878 
1566536214548337747 1566536215448777821 0.999612 -0.026750 -0.007812 10.020181 0.026716 0.999634 -0.004306 0.037341 0.007924 0.004095 0.999960 -0.180288 
1566536215548217472 1566536216449730466 0.999982 -0.005224 0.002839 10.071228 0.005200 0.999953 0.008195 0.015627 -0.002882 -0.008180 0.999962 -0.228880 
1566536216549747647 1566536217443268590 0.999984 0.005304 -0.001892 10.047768 -0.005303 0.999986 0.000589 -0.029632 0.001895 -0.000579 0.999998 -0.155550 
1566536217543408957 1566536218345598035 0.999989 0.004584 -0.001012 8.978310 -0.004579 0.999979 0.004619 -0.030214 0.001033 -0.004614 0.999989 -0.167564 
1566536218445299385 1566536219245174798 0.999997 -0.002334 -0.000831 8.985021 0.002326 0.999954 -0.009257 -0.023139 0.000852 0.009255 0.999957 -0.178928 
1566536219345097643 1566536220146601584 0.999990 -0.003753 -0.002316 8.977415 0.003750 0.999992 -0.001586 0.007945 0.002322 0.001577 0.999996 -0.175508 
1566536220246608672 1566536221048387626 0.999990 0.002547 0.003551 9.037191 -0.002522 0.999972 -0.007028 -0.047556 -0.003569 0.007018 0.999969 -0.217221 
1566536221148423957 1566536222048116447 0.999999 0.000129 -0.001297 9.971276 -0.000120 0.999978 0.006607 0.004760 0.001298 -0.006607 0.999977 -0.230718 
1566536222148087073 1566536223041746448 0.999990 0.000279 -0.004553 9.877317 -0.000292 0.999996 -0.002808 -0.040464 0.004552 0.002809 0.999986 -0.205229 
1566536223141631759 1566536224043772544 0.999980 0.005428 0.003141 9.582679 -0.005454 0.999950 0.008343 -0.021358 -0.003095 -0.008360 0.999960 -0.261456 
1566536224143863438 1566536225245363345 0.999979 0.005668 0.003148 9.808646 -0.005651 0.999970 -0.005246 -0.042042 -0.003178 0.005228 0.999981 -0.308888 
1566536225345284341 1566536226841906359 0.999775 -0.006159 -0.020289 9.851685 0.006232 0.999974 0.003521 0.017878 0.020266 -0.003647 0.999788 -0.147653 
1566536226941833035 1566536228342365122 0.999862 -0.005468 0.015717 9.458895 0.005459 0.999985 0.000578 -0.010130 -0.015720 -0.000492 0.999876 -0.145042 
1566536228442158703 1566536229843851590 0.999951 0.009875 -0.000995 9.891832 -0.009895 0.999689 -0.022882 -0.104000 0.000769 0.022891 0.999738 -0.195916 
1566536229945465225 1566536231545283227 0.999076 0.015357 -0.040141 9.633812 -0.014638 0.999728 0.018162 -0.042895 0.040409 -0.017558 0.999029 0.130767 
1566536231644904867 1566536233246228313 0.999521 -0.003719 0.030738 9.465273 0.003384 0.999934 0.010962 0.016815 -0.030777 -0.010853 0.999467 -0.106411 
1566536233346341215 1566536234844842692 0.999984 -0.005593 0.001201 9.863931 0.005584 0.999957 0.007406 0.004028 -0.001242 -0.007400 0.999972 -0.203753 
1566536234944979067 1566536236341750299 0.999998 -0.001736 -0.000329 9.830685 0.001731 0.999906 -0.013634 -0.020815 0.000353 0.013633 0.999907 -0.229074 
1566536236441721438 1566536237941350597 0.999926 -0.006948 -0.009961 9.580019 0.006950 0.999976 0.000144 0.011665 0.009960 -0.000213 0.999950 -0.170974 
1566536238041462731 1566536239642724088 0.999877 -0.005293 0.014783 9.902231 0.005287 0.999986 0.000426 0.009042 -0.014785 -0.000348 0.999891 -0.050657 
1566536239743132160 1566536241144630870 0.999913 -0.004874 0.012229 9.420731 0.004892 0.999987 -0.001461 -0.017573 -0.012222 0.001521 0.999924 -0.194982 
1566536241244696998 1566536242549351801 0.999809 -0.018602 -0.006044 9.398620 0.018601 0.999827 -0.000296 0.076791 0.006049 0.000183 0.999982 -0.173429 
1566536242648655849 1566536243941021395 0.990744 -0.135742 -0.000111 9.773993 0.135741 0.990737 0.003768 0.573740 -0.000402 -0.003748 0.999993 -0.194421 
1566536244041053318 1566536245241594757 0.987005 -0.160683 -0.001224 9.417429 0.160679 0.987003 -0.002895 0.545386 0.001673 0.002661 0.999995 -0.206018 
1566536245341971259 1566536246541371845 0.994636 -0.103409 -0.002539 9.853780 0.103384 0.994606 -0.008448 0.271516 0.003399 0.008140 0.999961 -0.192618 
1566536246641391015 1566536247741640585 0.999438 -0.033534 0.000311 9.384664 0.033533 0.999437 0.001443 0.057623 -0.000359 -0.001432 0.999999 -0.201566 
1566536247841788597 1566536248944264443 0.999908 0.013397 -0.002122 9.658528 -0.013409 0.999894 -0.005740 -0.114777 0.002044 0.005768 0.999981 -0.217729 
1566536249044310368 1566536250144574662 0.999649 0.026471 -0.000462 9.667615 -0.026472 0.999648 -0.001897 -0.122031 0.000411 0.001908 0.999998 -0.193432 
1566536250244282406 1566536251347513455 0.998166 0.060478 0.002622 9.410726 -0.060461 0.998151 -0.006202 -0.239930 -0.002993 0.006032 0.999977 -0.225669 
1566536251447499420 1566536252647562709 0.992321 0.123319 0.009544 9.734387 -0.123453 0.992238 0.014969 -0.476187 -0.007624 -0.016033 0.999842 -0.304141 
1566536252747687445 1566536254247785863 0.991678 0.128679 -0.004138 9.968238 -0.128684 0.991685 -0.001112 -0.489442 0.003960 0.001635 0.999991 -0.226217 
1566536254346960583 1566536256241428148 0.999176 0.039358 0.009953 9.811897 -0.039331 0.999222 -0.002958 -0.037834 -0.010061 0.002564 0.999946 -0.244993 
1566536256341235082 1566536258844314100 0.897250 -0.441353 -0.012239 9.621124 0.441437 0.897277 0.005211 2.122209 0.008682 -0.010079 0.999912 -0.172452 
1566536258944609959 1566536261141199491 0.713488 -0.700668 0.000304 9.525254 0.700497 0.713305 -0.022360 2.644696 0.015450 0.016166 0.999750 -0.083333 
1566536261241154268 1566536262944139242 0.987624 -0.156656 -0.007646 10.032687 0.156561 0.987598 -0.011789 0.106133 0.009398 0.010446 0.999901 -0.135671 
1566536263044381026 1566536264444710234 0.999970 0.007354 -0.002423 9.889245 -0.007346 0.999968 0.003243 -0.035559 0.002447 -0.003225 0.999992 -0.152221 
1566536264544881247 1566536265745823086 0.999964 -0.008284 -0.001702 9.565804 0.008288 0.999963 0.002271 0.030124 0.001683 -0.002285 0.999996 -0.135059 
1566536265847227389 1566536266940919548 0.999937 -0.010573 0.003807 9.606419 0.010572 0.999944 0.000107 -0.001044 -0.003808 -0.000066 0.999993 -0.204978 
1566536267040799969 1566536268140981397 0.999992 0.003365 0.002212 9.983794 -0.003362 0.999993 -0.001320 -0.038498 -0.002216 0.001312 0.999997 -0.225168 
1566536268241005725 1566536269341253913 0.999740 0.022270 -0.004813 9.890923 -0.022268 0.999752 0.000627 -0.118995 0.004825 -0.000520 0.999988 -0.217373 
1566536269441250512 1566536270545497537 0.999981 -0.002943 0.005387 9.804806 0.002946 0.999995 -0.000599 0.022339 -0.005385 0.000615 0.999985 -0.272707 
1566536270647276498 1566536271749102231 0.999893 -0.004113 -0.014007 9.970403 0.004102 0.999991 -0.000804 -0.030115 0.014011 0.000746 0.999902 -0.154189 
1566536271848950062 1566536272941090333 0.999997 0.000145 0.002246 9.852710 -0.000155 0.999991 0.004250 -0.024915 -0.002246 -0.004250 0.999988 -0.256182 
1566536273040847696 1566536274140947908 0.999971 -0.001127 0.007593 9.483579 0.001111 0.999997 0.002059 0.001908 -0.007595 -0.002051 0.999969 -0.257079 
1566536274241302997 1566536275343021229 0.998931 -0.006208 0.045799 9.328685 0.006100 0.999978 0.002491 0.011133 -0.045814 -0.002209 0.998948 -0.669936 
1566536275442980672 1566536276542688338 0.999158 -0.027143 -0.030778 9.536320 0.026912 0.999607 -0.007911 0.076641 0.030981 0.007076 0.999495 -0.188155 
1566536276642731359 1566536277745438801 0.999398 -0.033110 -0.010387 10.019203 0.033166 0.999436 0.005257 0.099066 0.010207 -0.005598 0.999932 -0.151102 
1566536277845456567 1566536278847110519 0.999885 -0.015149 0.000868 9.471787 0.015153 0.999870 -0.005433 0.007050 -0.000785 0.005445 0.999985 -0.163158 
1566536278947157990 1566536279940567210 0.999940 0.001181 0.010914 9.687285 -0.001161 0.999998 -0.001785 -0.032725 -0.010916 0.001772 0.999939 -0.213335 
1566536280040572326 1566536281040827534 0.999961 -0.006850 -0.005646 9.672169 0.006849 0.999977 -0.000028 0.006166 0.005646 -0.000011 0.999984 -0.189040 
1566536281141268685 1566536282140636495 0.999975 -0.006568 -0.002589 9.506063 0.006575 0.999975 0.002723 0.000286 0.002571 -0.002740 0.999993 -0.192528 
1566536282240917342 1566536283241037321 0.999973 -0.006577 0.003259 9.355288 0.006590 0.999970 -0.003956 -0.004828 -0.003233 0.003978 0.999987 -0.231920 
1566536283341056159 1566536284340826216 0.999973 0.000861 -0.007331 9.190702 -0.000890 0.999992 -0.003881 -0.031945 0.007328 0.003888 0.999966 -0.165684 
1566536284441570008 1566536285544060054 0.999826 0.012714 -0.013638 10.033035 -0.012522 0.999823 0.014068 -0.052851 0.013814 -0.013895 0.999808 -0.095862 
1566536285643985151 1566536286644318900 0.999484 0.009535 0.030688 9.138670 -0.009301 0.999926 -0.007783 -0.064792 -0.030760 0.007493 0.999499 -0.263902 
1566536286743758992 1566536287743751035 0.999853 0.008334 -0.015015 9.159740 -0.008496 0.999906 -0.010728 -0.088633 0.014924 0.010854 0.999830 -0.200040 
1566536287844071617 1566536288947189839 0.999595 0.028409 -0.001662 9.792093 -0.028401 0.999585 0.004727 -0.125436 0.001796 -0.004678 0.999987 -0.228581 
1566536289045670843 1566536290147046585 0.999954 0.007682 0.005675 9.522849 -0.007658 0.999962 -0.004234 -0.058203 -0.005707 0.004190 0.999975 -0.356379 
1566536290247223152 1566536291348438381 0.998777 -0.000457 -0.049437 9.794940 0.000303 0.999995 -0.003122 -0.023876 0.049438 0.003103 0.998772 -0.110459 
1566536291448277634 1566536292448291132 0.999899 -0.014133 0.001265 9.274807 0.014131 0.999898 0.002176 0.050781 -0.001296 -0.002158 0.999997 -0.151490 
1566536292548374457 1566536293640700166 0.999854 -0.017079 0.000786 10.144430 0.017081 0.999848 -0.003453 0.028952 -0.000727 0.003466 0.999994 -0.224785 
1566536293740092559 1566536294840583406 0.998810 -0.001146 -0.048751 9.588689 0.001297 0.999994 0.003075 -0.014128 0.048747 -0.003134 0.998806 0.105593 
1566536294940648144 1566536296040839491 0.999924 0.010614 0.006278 9.464948 -0.010609 0.999943 -0.000753 -0.063781 -0.006286 0.000687 0.999980 -0.101298 
1566536296141075728 1566536297240524007 0.999922 0.010447 0.006870 9.646966 -0.010503 0.999912 0.008156 -0.043555 -0.006784 -0.008227 0.999943 -0.219341 
1566536297340612235 1566536298440847788 0.999935 0.011197 -0.002054 9.787801 -0.011191 0.999934 0.002774 -0.039967 0.002085 -0.002751 0.999994 -0.213153 
1566536298540832802 1566536299640860070 0.999958 0.009139 0.000719 9.783425 -0.009143 0.999942 0.005747 -0.028257 -0.000667 -0.005753 0.999983 -0.231020 
1566536299742562596 1566536300842249840 0.999912 -0.004422 0.012517 9.472230 0.004432 0.999990 -0.000787 -0.017161 -0.012513 0.000842 0.999921 -0.390333 
