1564718057011438772 1564718066805332863 0.998204 0.059221 -0.009068 9.713547 -0.059159 0.998224 0.006989 -0.001902 0.009466 -0.006440 0.999934 -0.156670 
1564718066904910683 1564718068403442754 0.999992 0.003680 -0.001576 9.302277 -0.003670 0.999971 0.006612 0.015568 0.001600 -0.006606 0.999977 -0.176720 
1564718068504910612 1564718069704604202 0.999848 -0.017330 0.002050 9.260515 0.017329 0.999850 0.000603 0.028205 -0.002060 -0.000568 0.999998 -0.211620 
1564718069806134773 1564718070906165841 0.999946 0.010404 0.000336 9.756536 -0.010402 0.999938 -0.004076 -0.072400 -0.000378 0.004072 0.999992 -0.198315 
1564718071006120855 1564718071910722791 0.999430 0.033710 -0.001655 8.879128 -0.033712 0.999431 -0.000810 -0.141602 0.001627 0.000865 0.999998 -0.195446 
1564718072010660392 1564718072902813076 0.998790 0.049109 -0.002453 9.569846 -0.049094 0.998778 0.005735 -0.185808 0.002732 -0.005607 0.999981 -0.180174 
1564718073002687831 1564718073802739975 0.999873 0.015924 0.000317 9.090773 -0.015924 0.999873 -0.000370 -0.055042 -0.000322 0.000365 1.000000 -0.201344 
1564718073902823048 1564718074702459898 0.999836 -0.016187 -0.008126 9.599592 0.016187 0.999869 -0.000115 0.043142 0.008127 -0.000017 0.999967 -0.144210 
1564718074802790870 1564718075504517963 0.999884 -0.015077 0.002158 8.817014 0.015080 0.999885 -0.001293 0.022003 -0.002139 0.001325 0.999997 -0.189070 
1564718075603928890 1564718076304544828 0.999977 -0.002530 -0.006311 8.992896 0.002544 0.999995 0.002080 -0.013283 0.006305 -0.002096 0.999978 -0.195818 
1564718076405958148 1564718077205949345 0.999975 -0.005393 -0.004658 10.086893 0.005423 0.999964 0.006465 0.021279 0.004623 -0.006490 0.999968 -0.215254 
1564718077305958060 1564718078107376407 0.999999 -0.000570 0.001581 10.033531 0.000574 0.999996 -0.002710 -0.031175 -0.001580 0.002711 0.999995 -0.254931 
1564718078207711120 1564718078910649908 0.999986 0.003418 -0.004073 8.757492 -0.003415 0.999994 0.000855 -0.011773 0.004076 -0.000841 0.999991 -0.199697 
1564718079010449214 1564718079804155861 0.999974 -0.003634 -0.006217 9.966295 0.003626 0.999993 -0.001316 -0.015813 0.006222 0.001293 0.999980 -0.216001 
1564718079902766361 1564718080704434372 0.999996 -0.002649 -0.000256 9.902244 0.002649 0.999995 0.001649 0.012880 0.000251 -0.001650 0.999999 -0.220869 
1564718080804436218 1564718081606609090 0.999984 0.003456 -0.004509 9.907544 -0.003452 0.999994 0.000972 -0.058191 0.004512 -0.000957 0.999989 -0.225460 
1564718081708999321 1564718082510266675 0.999998 0.001912 -0.000988 9.887933 -0.001914 0.999996 -0.001977 -0.020032 0.000984 0.001979 0.999998 -0.249573 
1564718082609597766 1564718083410367005 0.999997 -0.001896 -0.001217 9.929403 0.001914 0.999892 0.014537 0.023369 0.001189 -0.014540 0.999894 -0.238369 
1564718083510372468 1564718084302632013 1.000000 -0.000432 -0.000703 10.014509 0.000433 0.999999 0.001504 -0.021941 0.000702 -0.001505 0.999999 -0.242135 
1564718084401747746 1564718085102226200 0.999981 0.004182 -0.004567 8.806973 -0.004122 0.999907 0.012963 0.007988 0.004621 -0.012944 0.999906 -0.181970 
1564718085202529609 1564718085902785608 0.999996 -0.001259 -0.002649 8.779735 0.001259 0.999999 0.000273 0.006091 0.002649 -0.000276 0.999996 -0.222420 
1564718086002776480 1564718086804064826 0.999862 -0.008797 0.014083 9.819668 0.008801 0.999961 -0.000183 0.038275 -0.014080 0.000307 0.999901 -0.292315 
1564718086907083582 1564718087707431620 0.999988 0.004386 -0.002378 9.760843 -0.004396 0.999981 -0.004240 -0.058829 0.002359 0.004250 0.999988 -0.258844 
1564718087807450151 1564718088602341813 0.999966 0.007529 -0.003412 9.707270 -0.007541 0.999966 -0.003295 -0.061848 0.003387 0.003320 0.999989 -0.231771 
1564718088702269757 1564718089502476230 0.999957 0.008348 -0.003998 9.661429 -0.008382 0.999928 -0.008571 -0.059243 0.003926 0.008604 0.999955 -0.240837 
1564718089602752778 1564718090402619273 0.999947 -0.008938 0.005154 9.504806 0.008982 0.999924 -0.008502 0.003308 -0.005077 0.008548 0.999951 -0.288753 
1564718090502643945 1564718091310062635 0.999992 0.000674 -0.003859 9.358639 -0.000677 1.000000 -0.000576 -0.022223 0.003859 0.000579 0.999992 -0.233916 
1564718091410389346 1564718092202353218 0.999996 -0.001527 -0.002364 9.342273 0.001519 0.999994 -0.003098 -0.015124 0.002369 0.003094 0.999992 -0.222898 
1564718092302415675 1564718093102551743 0.999952 0.000433 -0.009780 9.476280 -0.000456 0.999997 -0.002402 -0.030009 0.009779 0.002406 0.999949 -0.162657 
1564718093202537175 1564718094004172593 0.999990 0.004106 -0.001647 9.733641 -0.004098 0.999981 0.004611 -0.024055 0.001665 -0.004605 0.999988 -0.207191 
1564718094104382178 1564718094810264735 0.999980 0.004010 -0.004899 8.817960 -0.004012 0.999992 -0.000383 -0.024419 0.004898 0.000402 0.999988 -0.167006 
1564718094902433512 1564718095604493409 0.999999 0.001632 0.000048 9.070091 -0.001632 0.999996 -0.002353 -0.015672 -0.000052 0.002353 0.999997 -0.207185 
1564718095704402531 1564718096408733632 0.999990 0.004452 -0.001044 9.357321 -0.004453 0.999989 -0.001093 -0.034057 0.001039 0.001098 0.999999 -0.199842 
1564718096508578559 1564718097210394963 0.999952 0.002743 -0.009447 9.570504 -0.002828 0.999955 -0.009011 -0.032479 0.009421 0.009038 0.999915 -0.176570 
1564718097310423510 1564718098010386471 1.000000 0.000021 -0.000029 9.836545 -0.000021 0.999999 -0.001259 -0.023439 0.000029 0.001259 0.999999 -0.225061 
1564718098110226465 1564718098810512436 0.999986 -0.001429 -0.005178 9.989057 0.001464 0.999977 0.006626 -0.007060 0.005169 -0.006633 0.999965 -0.215413 
1564718098901901244 1564718099502237669 0.999951 0.004063 -0.009081 8.771276 -0.004161 0.999933 -0.010778 -0.049974 0.009036 0.010816 0.999901 -0.153967 
1564718099602367132 1564718100202502658 0.999997 0.002283 0.000204 8.705032 -0.002283 0.999997 0.001227 -0.016054 -0.000201 -0.001227 0.999999 -0.224378 
1564718100302665784 1564718100901728263 0.999972 0.005626 -0.004982 8.670900 -0.005626 0.999984 0.000172 -0.040655 0.004983 -0.000144 0.999988 -0.199535 
1564718101004073819 1564718101602321141 0.999991 0.004092 -0.000562 8.734459 -0.004089 0.999977 0.005333 -0.020574 0.000584 -0.005331 0.999986 -0.210266 
1564718101702366414 1564718102304513315 0.999998 -0.001130 -0.001602 8.782330 0.001127 0.999997 -0.001958 -0.023159 0.001604 0.001957 0.999997 -0.226674 
1564718102403941075 1564718103007167473 0.999995 -0.000031 -0.003281 8.809150 0.000036 0.999999 0.001683 -0.014851 0.003281 -0.001683 0.999993 -0.184953 
1564718103107513414 1564718103707294844 0.999995 0.001817 -0.002507 8.952617 -0.001824 0.999995 -0.002711 -0.038378 0.002502 0.002715 0.999993 -0.162989 
1564718103807193965 1564718104402308027 0.999983 0.002566 -0.005177 8.982342 -0.002558 0.999995 0.001634 -0.026649 0.005181 -0.001621 0.999985 -0.197707 
1564718104502699660 1564718105102973596 0.999972 0.006232 -0.004213 9.080535 -0.006228 0.999980 0.001011 -0.064494 0.004219 -0.000985 0.999991 -0.203189 
1564718105204641679 1564718105806158011 0.999965 0.008300 -0.001366 9.135975 -0.008302 0.999964 -0.001729 -0.061957 0.001351 0.001740 0.999998 -0.186085 
1564718105907534049 1564718106508495542 0.999997 0.002478 0.000677 8.954223 -0.002483 0.999970 0.007388 -0.015243 -0.000659 -0.007390 0.999972 -0.262955 
1564718106608493445 1564718107208879084 0.999986 -0.001422 -0.004998 8.832432 0.001359 0.999921 -0.012524 -0.023729 0.005016 0.012517 0.999909 -0.200941 
1564718107308949589 1564718107910330650 0.999996 0.000784 0.002533 8.757979 -0.000810 0.999945 0.010494 -0.004558 -0.002524 -0.010496 0.999942 -0.209744 
1564718108010349423 1564718108602617379 0.999992 0.001440 -0.003669 8.712000 -0.001473 0.999960 -0.008779 -0.040922 0.003656 0.008784 0.999955 -0.187550 
1564718108702304205 1564718109304516432 0.999994 0.002838 0.001878 8.694204 -0.002829 0.999984 -0.004989 -0.029443 -0.001892 0.004984 0.999986 -0.221699 
1564718109404435863 1564718110009096740 0.999997 0.000949 -0.002268 8.666752 -0.000956 0.999995 -0.003162 -0.020315 0.002265 0.003164 0.999992 -0.230437 
1564718110110367201 1564718110702989340 0.999998 -0.001147 -0.001573 8.697448 0.001147 0.999999 -0.000555 0.008579 0.001574 0.000553 0.999999 -0.216742 
1564718110804455840 1564718111407094761 0.999998 0.000505 0.002021 8.805593 -0.000512 0.999994 0.003489 -0.024723 -0.002019 -0.003490 0.999992 -0.214035 
1564718111507388414 1564718112108905070 0.999946 0.003783 -0.009709 8.834567 -0.003860 0.999961 -0.007950 -0.065524 0.009679 0.007987 0.999921 -0.141326 
1564718112208961930 1564718112804563210 0.999872 0.004130 0.015459 8.914676 -0.004254 0.999959 0.007995 -0.035720 -0.015425 -0.008060 0.999849 -0.283726 
1564718112903946507 1564718113505807110 0.999987 -0.004962 -0.001079 8.940632 0.004973 0.999935 0.010230 -0.013818 0.001028 -0.010236 0.999947 -0.205163 
1564718113607599385 1564718114207387248 0.999991 0.003933 -0.001710 9.005950 -0.003939 0.999984 -0.004069 -0.077708 0.001694 0.004076 0.999990 -0.196126 
1564718114308084508 1564718114910501494 0.999988 0.004689 0.001590 9.019828 -0.004693 0.999987 0.001939 -0.036170 -0.001581 -0.001947 0.999997 -0.220636 
1564718115010560933 1564718115607908407 0.999966 -0.001176 -0.008107 9.040289 0.001122 0.999976 -0.006777 -0.019485 0.008115 0.006768 0.999944 -0.217042 
1564718115707180937 1564718116307328621 0.999995 -0.002927 0.001253 9.082410 0.002931 0.999992 -0.002889 -0.005423 -0.001244 0.002892 0.999995 -0.229473 
1564718116407171678 1564718117010122460 0.999979 0.000618 0.006408 9.074960 -0.000601 0.999996 -0.002638 -0.028031 -0.006410 0.002634 0.999976 -0.247189 
1564718117110609506 1564718117710357297 0.999986 0.005253 0.000076 8.993122 -0.005253 0.999973 -0.005054 -0.058869 -0.000102 0.005053 0.999987 -0.256174 
1564718117810409041 1564718118402020888 0.999984 0.001466 -0.005448 8.920188 -0.001376 0.999863 0.016473 0.001567 0.005471 -0.016466 0.999849 -0.186610 
1564718118503143501 1564718119109007603 0.999991 -0.003506 -0.002244 8.888443 0.003501 0.999992 -0.001909 -0.009250 0.002250 0.001901 0.999996 -0.226299 
1564718119209105816 1564718119809015703 0.999998 0.000386 -0.001863 8.945447 -0.000383 0.999998 0.001966 -0.020179 0.001863 -0.001965 0.999996 -0.236326 
1564718119908119579 1564718120502346181 0.999963 -0.002246 -0.008246 8.917019 0.002322 0.999955 0.009153 -0.016277 0.008225 -0.009172 0.999924 -0.235205 
1564718120602309616 1564718121202469936 0.999999 0.001336 -0.000695 8.914893 -0.001334 0.999996 0.002646 -0.014598 0.000699 -0.002645 0.999996 -0.228348 
1564718121302454180 1564718121901827426 0.999998 0.001955 -0.000207 8.902476 -0.001955 0.999997 -0.001269 -0.022235 0.000204 0.001269 0.999999 -0.236961 
1564718122002454630 1564718122604227847 0.999969 0.000988 -0.007754 8.936766 -0.000966 0.999996 0.002811 -0.024433 0.007757 -0.002804 0.999966 -0.216099 
1564718122705698944 1564718123305522529 0.999999 -0.000510 -0.001388 8.919262 0.000511 1.000000 0.000845 -0.019621 0.001387 -0.000846 0.999999 -0.209062 
1564718123405588480 1564718124005701735 0.999997 0.001870 -0.001668 8.946292 -0.001873 0.999997 -0.001709 -0.018753 0.001665 0.001712 0.999997 -0.212892 
1564718124105858853 1564718124705960181 0.999999 0.000319 0.001166 8.972867 -0.000321 1.000000 0.000936 -0.013402 -0.001165 -0.000936 0.999999 -0.261260 
1564718124805856895 1564718125405810158 0.999994 0.001621 -0.002897 9.018760 -0.001629 0.999995 -0.002645 -0.040274 0.002893 0.002650 0.999992 -0.221533 
1564718125507282311 1564718126107163416 0.999992 0.001915 -0.003583 8.987151 -0.001939 0.999976 -0.006661 -0.053686 0.003570 0.006668 0.999971 -0.240298 
1564718126207167426 1564718126808541775 0.999991 0.001768 -0.003936 8.984329 -0.001731 0.999955 0.009364 -0.025369 0.003953 -0.009357 0.999948 -0.221226 
1564718126909466903 1564718127509825770 0.999998 -0.002022 0.000141 8.990749 0.002022 0.999998 0.000778 -0.009509 -0.000143 -0.000778 1.000000 -0.218135 
1564718127609775990 1564718128202217703 0.999990 0.000936 -0.004333 8.975389 -0.000953 0.999992 -0.003981 -0.023997 0.004329 0.003985 0.999983 -0.183168 
1564718128302063778 1564718128901962470 0.999996 0.001639 0.002457 8.990305 -0.001627 0.999987 -0.004819 -0.037671 -0.002465 0.004815 0.999985 -0.247285 
1564718129001967084 1564718129601912483 0.999992 0.002634 -0.002848 9.010994 -0.002634 0.999997 0.000235 -0.035224 0.002848 -0.000227 0.999996 -0.229561 
1564718129701943728 1564718130301844792 0.999996 0.002394 -0.001467 9.018526 -0.002392 0.999996 0.001548 -0.026320 0.001471 -0.001544 0.999998 -0.203634 
1564718130405269969 1564718131008268508 0.999998 0.001755 -0.000354 9.019605 -0.001753 0.999994 0.003133 -0.023745 0.000360 -0.003132 0.999995 -0.220035 
1564718131108198825 1564718131708373291 0.999996 0.002630 -0.000891 9.037360 -0.002626 0.999986 0.004546 -0.033775 0.000903 -0.004543 0.999989 -0.265367 
1564718131808297356 1564718132409675150 0.999989 0.002331 -0.004187 8.909466 -0.002323 0.999995 0.001956 -0.019737 0.004192 -0.001946 0.999989 -0.222210 
1564718132509697441 1564718133101926048 0.999992 -0.003819 -0.000949 8.863829 0.003819 0.999993 -0.000135 0.002564 0.000949 0.000131 1.000000 -0.212474 
1564718133202165145 1564718133801837094 0.999997 0.001609 0.002058 8.861293 -0.001609 0.999999 0.000243 -0.019681 -0.002058 -0.000247 0.999998 -0.264474 
1564718133901817037 1564718134501751830 0.999998 -0.001734 0.000740 8.845869 0.001731 0.999988 0.004626 0.002911 -0.000748 -0.004625 0.999989 -0.248144 
1564718134601945831 1564718135205166225 0.999993 -0.002951 -0.002406 8.865291 0.002945 0.999992 -0.002631 -0.008035 0.002414 0.002624 0.999994 -0.218601 
1564718135305048307 1564718135901835043 0.999994 0.003270 0.000618 8.831728 -0.003269 0.999994 -0.001077 -0.029549 -0.000621 0.001075 0.999999 -0.229758 
1564718136001924743 1564718136601863016 0.999999 0.000903 -0.000480 8.851867 -0.000900 0.999981 0.006143 -0.006922 0.000485 -0.006143 0.999981 -0.227106 
1564718136701855631 1564718137303641274 0.999987 -0.002455 -0.004399 8.851120 0.002455 0.999997 0.000108 -0.011135 0.004399 -0.000119 0.999990 -0.203909 
1564718137403454529 1564718138003488365 0.999998 -0.001827 -0.000028 8.821472 0.001827 0.999996 -0.002010 -0.011224 0.000032 0.002010 0.999998 -0.238341 
1564718138103492574 1564718138703471358 0.999906 -0.012893 -0.004707 8.793926 0.012896 0.999917 0.000619 0.030107 0.004699 -0.000679 0.999989 -0.207612 
1564718138803424138 1564718139406528321 0.999874 -0.015293 -0.004262 8.810393 0.015279 0.999877 -0.003417 0.033165 0.004314 0.003352 0.999985 -0.187435 
1564718139507936523 1564718140101373101 0.999811 -0.019439 -0.000350 8.756190 0.019439 0.999811 -0.000223 0.051596 0.000354 0.000216 1.000000 -0.227065 
1564718140201829130 1564718140804893376 0.999834 -0.018151 -0.001821 8.751387 0.018137 0.999805 -0.007814 0.039933 0.001962 0.007780 0.999968 -0.213960 
1564718140904911440 1564718141506455289 0.999982 0.003355 -0.004890 8.793961 -0.003293 0.999913 0.012766 -0.022448 0.004933 -0.012750 0.999907 -0.233714 
1564718141607894878 1564718142209465411 0.999957 -0.007129 -0.005897 8.841067 0.007204 0.999893 0.012762 0.014196 0.005806 -0.012804 0.999901 -0.200894 
1564718142309639414 1564718142901861055 0.999993 -0.003626 0.001020 8.796751 0.003632 0.999976 -0.005963 -0.033574 -0.000998 0.005966 0.999982 -0.209731 
1564718143006549395 1564718143608117699 0.999994 0.003317 -0.000364 8.770990 -0.003319 0.999987 -0.003951 -0.033297 0.000351 0.003952 0.999992 -0.204701 
1564718143707732271 1564718144303346946 0.999987 0.005119 0.000429 8.737097 -0.005117 0.999971 -0.005666 -0.053266 -0.000458 0.005664 0.999984 -0.243250 
1564718144403344404 1564718145005117875 0.999979 0.004762 -0.004360 8.711501 -0.004714 0.999929 0.010959 -0.022606 0.004411 -0.010938 0.999930 -0.192201 
1564718145105185846 1564718145704159021 0.999976 -0.006861 0.000474 8.661667 0.006862 0.999973 -0.002453 0.004441 -0.000457 0.002457 0.999997 -0.228868 
1564718145806450656 1564718146407857503 0.999984 -0.005536 -0.000909 8.679996 0.005534 0.999983 -0.001730 -0.012296 0.000919 0.001725 0.999998 -0.236337 
1564718146509378390 1564718147109298891 0.999991 0.004000 -0.001505 8.630728 -0.004005 0.999986 -0.003552 -0.033593 0.001491 0.003558 0.999993 -0.189343 
1564718147209567554 1564718147809681690 0.999989 0.004676 -0.000682 8.624214 -0.004674 0.999984 0.003212 -0.032008 0.000697 -0.003209 0.999995 -0.223798 
1564718147909726733 1564718148609583371 0.999991 0.002046 -0.003709 10.007434 -0.002033 0.999991 0.003610 -0.036198 0.003717 -0.003603 0.999987 -0.273132 
1564718148708699364 1564718149309364099 0.999998 0.001802 0.001140 8.586413 -0.001796 0.999987 -0.004824 -0.038661 -0.001149 0.004822 0.999988 -0.218133 
1564718149409461691 1564718150109448062 0.999990 0.003450 -0.002770 9.958798 -0.003442 0.999990 0.002897 -0.036956 0.002780 -0.002887 0.999992 -0.225156 
1564718150209539395 1564718150909647366 0.999981 -0.005316 0.003113 9.919402 0.005320 0.999985 -0.001459 0.007579 -0.003105 0.001476 0.999994 -0.283590 
1564718151009356057 1564718151709342841 0.999998 -0.001940 0.000456 9.874071 0.001941 0.999995 -0.002667 -0.020818 -0.000451 0.002668 0.999996 -0.264042 
1564718151801659280 1564718152401905302 0.999998 -0.001555 0.001221 8.484835 0.001560 0.999992 -0.003723 -0.026937 -0.001216 0.003725 0.999992 -0.240928 
1564718152503253698 1564718153203555494 0.999987 -0.002796 -0.004195 9.878497 0.002817 0.999984 0.004963 -0.009974 0.004181 -0.004974 0.999979 -0.257326 
1564718153303140059 1564718154004995822 0.999998 -0.001757 0.000940 9.860658 0.001753 0.999989 0.004401 -0.010672 -0.000948 -0.004399 0.999990 -0.251987 
1564718154104634466 1564718154809424029 0.999995 0.003132 -0.000777 9.813803 -0.003127 0.999979 0.005691 -0.026273 0.000794 -0.005688 0.999984 -0.317672 
1564718154909144257 1564718155602022027 0.999998 0.002147 -0.000189 9.429112 -0.002146 0.999992 0.003243 -0.025402 0.000196 -0.003242 0.999995 -0.301525 
1564718155701932320 1564718156503346023 0.999997 0.001244 0.001957 9.598985 -0.001245 0.999999 0.000632 -0.013604 -0.001956 -0.000634 0.999998 -0.347671 
1564718156604801823 1564718157601687508 0.999990 0.000325 -0.004542 10.120538 -0.000324 1.000000 0.000325 -0.006669 0.004542 -0.000323 0.999990 -0.333315 
1564718157701944034 1564718159003147185 1.000000 0.000070 0.000461 10.093496 -0.000070 1.000000 -0.000546 -0.016980 -0.000461 0.000545 1.000000 -0.353514 
1564718159103033810 1564718161004779011 0.999952 -0.000791 -0.009723 9.844739 0.000760 0.999994 -0.003264 -0.012859 0.009725 0.003257 0.999947 -0.271306 
1564718171209184592 1564718181000869778 0.999869 -0.010979 -0.011863 9.652163 0.010980 0.999940 -0.000008 0.039156 0.011863 -0.000122 0.999930 -0.170695 
1564718181101005253 1564718182801639706 0.999945 0.010528 -0.000236 9.896501 -0.010529 0.999940 -0.002944 -0.054593 0.000205 0.002947 0.999996 -0.171767 
1564718182901579740 1564718184201313288 0.999948 0.010127 0.001093 9.562580 -0.010134 0.999928 0.006439 -0.043993 -0.001027 -0.006450 0.999979 -0.221066 
1564718184301367807 1564718185404312989 0.999990 0.003057 -0.003353 9.375138 -0.003070 0.999988 -0.003837 -0.035541 0.003341 0.003847 0.999987 -0.174815 
1564718185504332828 1564718186504575255 0.999984 -0.005653 0.000709 9.479484 0.005656 0.999971 -0.005131 -0.024088 -0.000680 0.005135 0.999987 -0.207938 
1564718186604477132 1564718187504567438 0.999998 -0.000449 -0.002158 9.282115 0.000448 1.000000 -0.000606 -0.027504 0.002158 0.000605 0.999997 -0.194527 
1564718187604476553 1564718188500716903 0.999999 -0.000901 0.001240 9.961471 0.000899 0.999999 0.001270 -0.020494 -0.001241 -0.001268 0.999998 -0.228119 
1564718188601486073 1564718189401118570 0.999998 -0.000194 -0.001836 9.379568 0.000200 0.999995 0.003217 -0.020901 0.001836 -0.003218 0.999993 -0.228930 
1564718189500468798 1564718190302905878 0.999998 0.002191 -0.000313 9.843571 -0.002190 0.999991 0.003572 -0.028913 0.000321 -0.003572 0.999994 -0.235627 
1564718190402928669 1564718191100953740 0.999993 0.002313 -0.003060 8.853339 -0.002277 0.999928 0.011796 0.003486 0.003087 -0.011789 0.999926 -0.205315 
1564718191200776656 1564718192001168255 0.999991 0.001484 -0.004027 9.903844 -0.001497 0.999994 -0.003213 -0.027728 0.004022 0.003219 0.999987 -0.219433 
1564718192101060669 1564718192903232586 0.999998 0.001715 0.001047 9.893894 -0.001718 0.999996 0.002217 -0.018881 -0.001043 -0.002219 0.999997 -0.239442 
1564718193003153732 1564718193703438810 0.999995 0.002523 -0.001947 8.836121 -0.002521 0.999996 0.001003 -0.014901 0.001950 -0.000998 0.999998 -0.202466 
1564718193803047268 1564718194502041054 0.999990 -0.002951 -0.003347 8.983273 0.002975 0.999970 0.007094 0.004585 0.003326 -0.007103 0.999969 -0.189776 
1564718194602951394 1564718195307623118 0.999837 -0.015894 -0.008514 9.009375 0.015866 0.999868 -0.003392 0.053380 0.008567 0.003256 0.999958 -0.182145 
1564718195407554181 1564718196108935281 0.999455 -0.032737 -0.004310 8.998388 0.032684 0.999395 -0.011926 0.086783 0.004697 0.011779 0.999920 -0.193214 
1564718196209073364 1564718196901006585 0.999899 -0.006040 0.012898 9.096883 0.006001 0.999977 0.003112 -0.034444 -0.012916 -0.003034 0.999912 -0.286734 
1564718197001096325 1564718197703154324 0.999762 0.021173 -0.005323 8.789846 -0.021172 0.999776 0.000154 -0.088012 0.005325 -0.000041 0.999986 -0.200153 
1564718197801476526 1564718198602991368 0.999928 0.011978 -0.000751 9.922803 -0.011980 0.999923 -0.003335 -0.073750 0.000711 0.003344 0.999994 -0.264080 
1564718198703358014 1564718199503646708 0.999923 0.012029 -0.002937 9.756171 -0.012031 0.999927 -0.000690 -0.074497 0.002928 0.000725 0.999995 -0.257471 
1564718199604414201 1564718200405940254 0.999990 -0.004005 -0.002031 9.503346 0.004021 0.999960 0.008040 0.021979 0.001999 -0.008048 0.999966 -0.230622 
1564718200505393865 1564718201301253712 0.999803 -0.019833 -0.000757 9.198083 0.019832 0.999802 -0.001416 0.053837 0.000785 0.001401 0.999999 -0.214632 
1564718201401169922 1564718202301148192 0.999813 -0.015020 0.012166 9.448160 0.014932 0.999862 0.007344 0.035862 -0.012275 -0.007161 0.999899 -0.396496 
1564718202401200371 1564718203505426430 0.999885 -0.013832 -0.006209 9.873392 0.013816 0.999901 -0.002533 0.002441 0.006243 0.002447 0.999978 -0.295056 
1564718203605789378 1564718205000708920 0.999988 -0.003870 -0.002970 10.079228 0.003873 0.999992 0.001192 -0.009601 0.002965 -0.001203 0.999995 -0.324660 
1564718205100955193 1564718207801528820 0.998353 -0.055318 -0.015214 10.149513 0.055242 0.998458 -0.005416 0.293846 0.015490 0.004567 0.999870 -0.225430 
1564718207901528473 1564718214107400826 0.876732 -0.480354 -0.024526 9.748078 0.480559 0.876958 0.002880 1.690559 0.020125 -0.014311 0.999695 -0.120143 
1564718214208892208 1564718217101353106 0.774707 -0.632317 0.001934 9.666892 0.632320 0.774706 -0.001490 2.517877 -0.000556 0.002377 0.999997 -0.270194 
1564718217201253168 1564718219300290674 0.796213 -0.604930 0.010215 9.455146 0.604989 0.795902 -0.023004 1.592808 0.005786 0.024496 0.999683 -0.151002 
1564718219400992974 1564718220901129164 0.994938 -0.100493 -0.000181 9.835189 0.100485 0.994879 -0.010929 0.017351 0.001278 0.010856 0.999940 -0.206569 
1564718221000930326 1564718222204527846 0.999954 0.009198 -0.002842 9.559382 -0.009200 0.999958 -0.000539 -0.043647 0.002837 0.000565 0.999996 -0.161804 
1564718222303574076 1564718223303849915 0.999997 -0.000727 0.002370 9.094122 0.000731 0.999999 -0.001329 -0.029410 -0.002369 0.001331 0.999996 -0.186936 
1564718223404332188 1564718224303346234 0.999934 0.001854 -0.011346 8.974032 -0.001812 0.999992 0.003691 -0.028436 0.011353 -0.003670 0.999929 -0.117163 
1564718224404205429 1564718225303498336 0.999978 -0.004745 0.004671 9.735454 0.004750 0.999988 -0.001008 -0.020705 -0.004667 0.001031 0.999989 -0.224368 
1564718225403997017 1564718226204096865 0.999983 -0.005166 -0.002773 8.950262 0.005159 0.999984 -0.002519 -0.015783 0.002786 0.002504 0.999993 -0.161463 
1564718226303370767 1564718227106449950 0.999992 0.003612 0.001548 8.977859 -0.003610 0.999993 -0.000835 -0.034674 -0.001551 0.000830 0.999998 -0.216709 
1564718227205485487 1564718228005738813 0.999984 0.003374 -0.004450 9.200767 -0.003377 0.999994 -0.000597 -0.036277 0.004448 0.000612 0.999990 -0.153016 
1564718228105097568 1564718228900679954 0.999986 0.002762 -0.004592 9.528561 -0.002764 0.999996 -0.000372 -0.036231 0.004591 0.000384 0.999989 -0.154102 
1564718229000868570 1564718229800759998 0.999926 0.001236 -0.012139 9.731253 -0.001268 0.999996 -0.002643 -0.026101 0.012135 0.002658 0.999923 -0.165406 
1564718229900698263 1564718230700708145 0.999999 0.000406 -0.001235 10.026597 -0.000406 1.000000 -0.000195 -0.025276 0.001235 0.000196 0.999999 -0.134810 
1564718230800783972 1564718231500676344 1.000000 0.000148 -0.000319 8.926600 -0.000149 0.999995 -0.003010 -0.039443 0.000319 0.003010 0.999995 -0.179830 
1564718231600658663 1564718232300170367 0.999990 -0.003630 -0.002495 8.884844 0.003628 0.999993 -0.000953 -0.021841 0.002499 0.000944 0.999996 -0.179688 
1564718232402099104 1564718233100804109 0.999989 -0.001351 -0.004531 8.981329 0.001350 0.999999 -0.000304 -0.037641 0.004532 0.000297 0.999990 -0.196018 
1564718233202350778 1564718233904170801 0.999997 0.002062 -0.001220 9.049062 -0.002063 0.999998 -0.000749 -0.042185 0.001219 0.000752 0.999999 -0.195391 
1564718234005202610 1564718234705301111 0.999994 0.002522 -0.002237 9.116320 -0.002514 0.999990 0.003566 -0.030203 0.002246 -0.003560 0.999991 -0.210815 
1564718234805041067 1564718235506876733 0.999964 0.002123 -0.008202 9.215552 -0.002109 0.999996 0.001722 -0.033394 0.008205 -0.001705 0.999965 -0.170377 
1564718235606678900 1564718236308178623 0.999993 0.002967 -0.002390 9.303013 -0.002973 0.999993 -0.002448 -0.045008 0.002383 0.002455 0.999994 -0.160437 
1564718236408583015 1564718237100833568 0.999976 0.000858 -0.006812 9.087153 -0.000851 0.999999 0.000977 -0.032459 0.006813 -0.000971 0.999976 -0.165223 
1564718237200931617 1564718237900844744 0.999996 0.002118 -0.001956 9.317338 -0.002114 0.999996 0.001921 -0.035698 0.001960 -0.001917 0.999996 -0.200710 
1564718238004066999 1564718238707966064 0.999977 0.002002 -0.006448 9.177073 -0.001987 0.999995 0.002273 -0.032377 0.006452 -0.002260 0.999977 -0.192801 
1564718238807508486 1564718239508379873 0.999994 0.001450 -0.003186 9.058385 -0.001464 0.999989 -0.004406 -0.036396 0.003179 0.004410 0.999985 -0.193161 
1564718239600303361 1564718240299880252 0.999999 0.000538 -0.001331 9.010776 -0.000539 1.000000 -0.000642 -0.034758 0.001330 0.000643 0.999999 -0.166217 
1564718240400901206 1564718241102143951 0.999999 -0.000086 -0.001720 9.015074 0.000085 1.000000 -0.000906 -0.028283 0.001720 0.000906 0.999998 -0.189873 
1564718241202301166 1564718241903555031 0.999988 0.000891 -0.004901 9.040604 -0.000898 0.999999 -0.001406 -0.027439 0.004899 0.001410 0.999987 -0.183895 
1564718242005147207 1564718242700562972 0.999999 0.000194 0.001119 8.883472 -0.000195 0.999999 0.001666 -0.028109 -0.001118 -0.001666 0.999998 -0.238115 
1564718242800637792 1564718243500905250 0.999939 -0.000062 -0.011078 8.889063 0.000037 0.999997 -0.002250 -0.021852 0.011078 0.002250 0.999936 -0.147327 
1564718243600632488 1564718244402139959 0.999987 0.000800 0.005085 10.014827 -0.000813 0.999996 0.002643 -0.027120 -0.005083 -0.002647 0.999984 -0.254063 
1564718244504068162 1564718245302142152 0.999982 -0.003744 -0.004642 9.757695 0.003756 0.999989 0.002675 -0.007322 0.004632 -0.002693 0.999986 -0.260814 
1564718245402216419 1564718246203770050 0.999989 -0.002267 0.003990 9.489432 0.002275 0.999996 -0.001934 -0.028909 -0.003985 0.001943 0.999990 -0.264555 
1564718246303720807 1564718247205355331 0.999993 0.002879 0.002393 9.672430 -0.002880 0.999996 0.000656 -0.038741 -0.002391 -0.000663 0.999997 -0.326295 
1564718247305015717 1564718248308002022 0.999964 0.003062 -0.007913 9.656714 -0.003070 0.999995 -0.000917 -0.042459 0.007910 0.000941 0.999968 -0.233085 
1564718248408303769 1564718249700870756 0.998920 -0.044839 0.012148 9.988305 0.044821 0.998993 0.001771 0.281000 -0.012215 -0.001225 0.999925 -0.446599 
1564718249800053588 1564718251600580628 0.801764 -0.597449 -0.015150 9.529826 0.597544 0.801833 0.002326 2.592565 0.010758 -0.010918 0.999883 -0.183210 
1564718251700686207 1564718253299625525 0.859470 -0.509588 0.040387 9.602312 0.511149 0.857672 -0.055913 1.247147 -0.006147 0.068699 0.997618 -0.367259 
1564718253400252860 1564718254700481394 0.997936 -0.063021 -0.012304 9.615661 0.062986 0.998009 -0.003228 0.062277 0.012483 0.002446 0.999919 -0.179513 
1564718254799891157 1564718255900792498 0.999788 0.019620 0.006289 9.582903 -0.019510 0.999662 -0.017159 -0.141089 -0.006623 0.017032 0.999833 -0.198905 
1564718256000922199 1564718257003911817 0.999181 0.040441 0.001686 9.870309 -0.040444 0.999180 0.001719 -0.175728 -0.001616 -0.001786 0.999997 -0.217656 
1564718257103841749 1564718258003974193 0.999287 0.037740 0.001149 9.787833 -0.037745 0.999273 0.005348 -0.154028 -0.000946 -0.005388 0.999985 -0.254968 
1564718258103939236 1564718258906766987 0.999608 0.027233 0.006464 9.381565 -0.027285 0.999596 0.007966 -0.101243 -0.006245 -0.008139 0.999947 -0.267702 
1564718259006826773 1564718259807028972 0.999955 0.009185 -0.002547 9.480157 -0.009164 0.999925 0.008135 -0.039495 0.002621 -0.008111 0.999964 -0.206968 
1564718259907319058 1564718260708299861 0.999988 0.000901 0.004905 9.691165 -0.000892 0.999998 -0.001892 -0.042075 -0.004907 0.001888 0.999986 -0.267987 
1564718260808076259 1564718261600598929 0.999952 -0.001752 -0.009656 9.999094 0.001786 0.999992 0.003502 -0.027942 0.009650 -0.003519 0.999947 -0.143030 
1564718261700495273 1564718262402100798 0.999929 0.002739 0.011613 9.078771 -0.002800 0.999983 0.005206 -0.045738 -0.011598 -0.005238 0.999919 -0.291057 
1564718262500460286 1564718263200549542 0.999894 0.000071 -0.014576 9.289482 -0.000179 0.999972 -0.007418 -0.047760 0.014575 0.007420 0.999866 -0.082490 
1564718263300540153 1564718264000977845 0.999976 0.001151 0.006868 9.548446 -0.001185 0.999987 0.004922 -0.041448 -0.006863 -0.004930 0.999964 -0.226902 
1564718264100765984 1564718264805457600 0.999975 0.002151 -0.006748 9.724667 -0.002153 0.999998 -0.000199 -0.048241 0.006748 0.000213 0.999977 -0.234389 
1564718264905571761 1564718265600876503 0.999998 0.001002 -0.001665 9.909511 -0.000999 0.999998 0.001957 -0.032440 0.001667 -0.001956 0.999997 -0.207622 
1564718265702483382 1564718266302474513 0.999944 0.002482 -0.010262 8.663865 -0.002519 0.999990 -0.003567 -0.047016 0.010253 0.003592 0.999941 -0.161618 
1564718266404077398 1564718267006020230 0.999971 0.007268 0.002377 8.804647 -0.007294 0.999912 0.011047 -0.043916 -0.002296 -0.011064 0.999936 -0.198462 
1564718267105648787 1564718267706925406 0.999979 0.006280 -0.001472 8.843208 -0.006284 0.999976 -0.002938 -0.047880 0.001454 0.002947 0.999995 -0.204948 
1564718267806670543 1564718268406929537 0.999975 0.006786 0.002174 8.781572 -0.006775 0.999964 -0.005095 -0.060656 -0.002209 0.005080 0.999985 -0.225248 
1564718268507139368 1564718269107059040 0.999955 0.009338 0.001498 8.718125 -0.009350 0.999922 0.008258 -0.038653 -0.001421 -0.008271 0.999965 -0.257034 
1564718269206926983 1564718269902270102 0.999891 0.014153 -0.004310 10.245981 -0.014176 0.999886 -0.005178 -0.091317 0.004236 0.005239 0.999977 -0.229706 
1564718270001128478 1564718270602264146 0.999848 0.016425 -0.005769 8.813339 -0.016437 0.999863 -0.002165 -0.096556 0.005733 0.002259 0.999981 -0.195232 
1564718270703895701 1564718271304197289 0.999588 0.021870 0.018571 8.833978 -0.022066 0.999702 0.010449 -0.098564 -0.018337 -0.010855 0.999773 -0.330425 
1564718271404131475 1564718272003697602 0.999377 0.028030 -0.021464 8.871919 -0.028116 0.999598 -0.003702 -0.127094 0.021351 0.004303 0.999763 -0.177308 
1564718272104128436 1564718272703816208 0.999826 0.018647 0.000957 8.968610 -0.018647 0.999826 -0.000550 -0.084953 -0.000967 0.000533 0.999999 -0.241598 
1564718272803887596 1564718273404181313 0.999921 0.012295 0.002504 9.121927 -0.012288 0.999921 -0.002704 -0.073772 -0.002537 0.002673 0.999993 -0.245539 
1564718273504126643 1564718274104326370 0.999943 0.009529 -0.004846 9.272690 -0.009510 0.999947 0.003969 -0.050351 0.004883 -0.003923 0.999980 -0.187236 
1564718274203959356 1564718274803917701 0.999895 0.010385 -0.010059 9.419951 -0.010447 0.999927 -0.006109 -0.077699 0.009995 0.006214 0.999931 -0.069756 
1564718274903857973 1564718275503720527 0.999979 0.006267 0.001845 9.541896 -0.006266 0.999980 -0.000401 -0.051890 -0.001847 0.000389 0.999998 -0.192483 
1564718275604415507 1564718276203945097 0.999976 0.005774 -0.003739 9.667626 -0.005734 0.999928 0.010532 -0.037938 0.003799 -0.010511 0.999938 -0.201596 
1564718276303337762 1564718276905601348 0.999924 0.012085 0.002254 9.833069 -0.012070 0.999905 -0.006681 -0.095526 -0.002334 0.006653 0.999975 -0.273026 
1564718277004854753 1564718277605618279 0.999870 0.016010 0.001739 9.935254 -0.016021 0.999850 0.006571 -0.081493 -0.001634 -0.006598 0.999977 -0.245256 
1564718277705468575 1564718278305575681 0.999900 0.013839 -0.002946 9.795942 -0.013800 0.999821 0.012960 -0.065947 0.003125 -0.012918 0.999912 -0.230860 
1564718278405546433 1564718279005996306 0.999904 0.012774 0.005395 9.738831 -0.012721 0.999872 -0.009715 -0.082739 -0.005519 0.009645 0.999938 -0.226585 
1564718279105814839 1564718279708809243 0.999946 0.010419 -0.000258 9.741979 -0.010421 0.999913 -0.008068 -0.090085 0.000174 0.008070 0.999967 -0.227309 
1564718279810197005 1564718280400945512 0.999797 0.020038 -0.002124 9.731949 -0.020030 0.999794 0.003421 -0.107424 0.002192 -0.003378 0.999992 -0.219457 
1564718280500519466 1564718281101065817 0.999926 0.011814 0.002992 9.773135 -0.011823 0.999926 0.003016 -0.067908 -0.002956 -0.003051 0.999991 -0.216418 
1564718281201081802 1564718281801073660 0.999938 0.008502 -0.007177 9.820059 -0.008526 0.999958 -0.003355 -0.057036 0.007148 0.003416 0.999969 -0.178004 
1564718281901026052 1564718282501154259 0.999978 0.006488 0.001493 9.877893 -0.006486 0.999978 -0.001300 -0.062662 -0.001502 0.001290 0.999998 -0.241014 
1564718282601152905 1564718283202967264 0.999955 0.007007 -0.006412 9.898565 -0.006972 0.999961 0.005396 -0.059930 0.006449 -0.005351 0.999965 -0.216370 
1564718283304066085 1564718283905647051 0.999979 0.006369 0.000823 9.958507 -0.006379 0.999894 0.013069 -0.038243 -0.000740 -0.013074 0.999914 -0.264576 
1564718284005011818 1564718284607269670 0.999997 0.001423 -0.002032 9.773926 -0.001428 0.999995 -0.002674 -0.039161 0.002028 0.002677 0.999994 -0.244827 
1564718284707113048 1564718285300510167 0.999987 0.002089 -0.004594 9.661561 -0.002018 0.999879 0.015393 0.005774 0.004626 -0.015383 0.999871 -0.223418 
1564718285400595284 1564718285999994012 0.999868 0.016034 -0.002736 9.734746 -0.016069 0.999781 -0.013414 -0.101145 0.002520 0.013456 0.999906 -0.239631 
1564718286100506457 1564718286701343880 0.999811 0.019462 -0.000114 9.698482 -0.019462 0.999810 0.000809 -0.100506 0.000130 -0.000806 1.000000 -0.247989 
1564718286805592852 1564718287405241266 0.999836 0.018032 -0.001521 9.668306 -0.018047 0.999787 -0.009991 -0.101619 0.001341 0.010017 0.999949 -0.213998 
1564718287506267213 1564718288106814103 0.999915 0.012952 -0.001640 9.686158 -0.012953 0.999916 -0.000468 -0.067134 0.001634 0.000489 0.999999 -0.220423 
1564718288206683320 1564718288807030047 0.999866 0.015875 0.003960 9.723453 -0.015884 0.999871 0.002230 -0.089953 -0.003924 -0.002293 0.999990 -0.300542 
1564718288907031229 1564718289508465469 0.999838 0.017720 -0.003193 9.682174 -0.017697 0.999818 0.007114 -0.077952 0.003318 -0.007056 0.999970 -0.244260 
1564718289608466568 1564718290201057446 0.999881 0.015340 -0.001493 9.729610 -0.015343 0.999880 -0.001910 -0.090106 0.001463 0.001932 0.999997 -0.281047 
1564718290302106802 1564718290900549664 0.999795 0.019688 -0.004635 9.697694 -0.019687 0.999806 0.000286 -0.098972 0.004639 -0.000194 0.999989 -0.220543 
1564718291000879417 1564718291605625171 0.999809 0.019524 -0.001151 9.724963 -0.019534 0.999758 -0.010114 -0.113253 0.000954 0.010135 0.999948 -0.231118 
1564718291705939364 1564718292306690617 0.999855 0.017011 -0.000023 9.728958 -0.017011 0.999840 0.005455 -0.077536 0.000116 -0.005453 0.999985 -0.223194 
1564718292407057267 1564718293006835283 0.999860 0.016750 0.000255 9.747435 -0.016752 0.999827 0.008128 -0.065532 -0.000119 -0.008131 0.999967 -0.245441 
1564718293106970264 1564718293700867310 0.999823 0.018166 -0.004915 9.787591 -0.018175 0.999833 -0.001942 -0.089019 0.004879 0.002031 0.999986 -0.222046 
1564718293800730186 1564718294400986408 0.999906 0.013367 0.003049 9.708237 -0.013365 0.999910 -0.000827 -0.068542 -0.003060 0.000786 0.999995 -0.273487 
1564718294500161626 1564718295105559430 0.999995 0.003196 -0.000694 9.623426 -0.003193 0.999990 0.003171 -0.013310 0.000705 -0.003169 0.999995 -0.261814 
1564718295207211172 1564718295800518266 0.999997 -0.000998 -0.002379 9.625369 0.000982 0.999977 -0.006740 -0.023321 0.002385 0.006737 0.999974 -0.231667 
1564718295900540961 1564718296500744554 0.999998 0.001353 -0.001655 9.656607 -0.001343 0.999978 0.006558 0.001815 0.001664 -0.006556 0.999977 -0.230630 
1564718296600911926 1564718297200941572 0.999945 0.003655 -0.009824 9.671660 -0.003608 0.999982 0.004884 -0.014258 0.009842 -0.004848 0.999940 -0.220745 
1564718297301130096 1564718297900882360 0.999979 0.003573 -0.005415 9.657855 -0.003616 0.999962 -0.007884 -0.029892 0.005386 0.007903 0.999954 -0.196455 
1564718298001100484 1564718298600891364 0.999963 0.002007 0.008392 9.678625 -0.001941 0.999968 -0.007771 -0.063725 -0.008408 0.007755 0.999935 -0.268376 
1564718298701034876 1564718299302707549 0.999999 0.000572 -0.001549 9.711811 -0.000575 0.999997 -0.002194 -0.032519 0.001547 0.002195 0.999996 -0.220427 
1564718299404055574 1564718300004326610 0.999987 0.002350 -0.004536 9.701982 -0.002365 0.999992 -0.003347 -0.046437 0.004528 0.003358 0.999984 -0.224968 
1564718300104313652 1564718300705594435 0.999998 0.002120 -0.000420 9.702234 -0.002119 0.999995 0.002484 -0.036854 0.000425 -0.002483 0.999997 -0.223559 
1564718300805241500 1564718301405592983 0.999997 0.001545 -0.001912 9.602687 -0.001553 0.999991 -0.003979 -0.050623 0.001906 0.003982 0.999990 -0.226232 
1564718301505161896 1564718302108657696 0.999991 -0.000338 0.004128 9.440685 0.000305 0.999969 0.007866 -0.002993 -0.004130 -0.007865 0.999961 -0.263430 
1564718302208379848 1564718302800643697 1.000000 -0.000295 -0.000407 9.314662 0.000290 0.999925 -0.012216 -0.041666 0.000411 0.012216 0.999925 -0.239397 
1564718302900520173 1564718303500844936 0.999997 -0.000774 -0.002487 9.205480 0.000792 0.999974 0.007208 0.005286 0.002481 -0.007210 0.999971 -0.218484 
1564718303600833755 1564718304201203110 0.999993 0.000524 -0.003825 9.214832 -0.000468 0.999896 0.014405 -0.002572 0.003833 -0.014403 0.999889 -0.202374 
1564718304301122342 1564718304904149141 0.999995 0.002864 -0.001467 9.253222 -0.002870 0.999989 -0.003620 -0.020006 0.001457 0.003624 0.999992 -0.218693 
1564718305004175292 1564718305605477035 0.999997 0.000665 -0.002491 9.219036 -0.000671 0.999996 -0.002602 -0.021127 0.002489 0.002603 0.999994 -0.207562 
1564718305706678498 1564718306300661007 0.999991 0.000992 -0.004012 9.250841 -0.001014 0.999984 -0.005553 -0.028570 0.004006 0.005557 0.999977 -0.209976 
1564718306400753874 1564718307006860255 0.999991 -0.002468 0.003556 9.227722 0.002485 0.999987 -0.004555 -0.007466 -0.003545 0.004563 0.999983 -0.224539 
1564718307106775956 1564718307706243717 0.999994 -0.001228 0.003339 9.245059 0.001225 0.999999 0.001029 -0.005099 -0.003341 -0.001025 0.999994 -0.241379 
1564718307807008543 1564718308408487300 0.999985 0.005276 -0.001555 9.102238 -0.005269 0.999977 0.004184 -0.030043 0.001577 -0.004176 0.999990 -0.236631 
1564718308508497615 1564718309100540342 0.999983 0.003161 -0.004797 8.954636 -0.003162 0.999995 -0.000123 -0.021993 0.004796 0.000138 0.999988 -0.207026 
