1561007113891843437 1561007123698019396 0.999084 0.040905 -0.012607 9.968026 -0.040843 0.999152 0.005146 -0.074889 0.012806 -0.004626 0.999907 -0.142089 
1561007123799118852 1561007125298796756 0.998595 0.052801 -0.004516 9.352021 -0.052813 0.998601 -0.002689 -0.245721 0.004368 0.002924 0.999986 -0.137124 
1561007125398195165 1561007126897937905 0.966948 0.254971 0.001200 9.783441 -0.254971 0.966949 -0.000045 -1.115429 -0.001171 -0.000262 0.999999 -0.227982 
1561007126999000084 1561007128599035962 0.940913 0.338123 0.018827 9.957470 -0.338507 0.940668 0.023576 -1.213370 -0.009738 -0.028556 0.999545 -0.271768 
1561007128697843845 1561007130298863799 0.859173 0.511686 -0.000474 9.834333 -0.511653 0.859106 -0.012132 -2.063294 -0.005801 0.010666 0.999926 -0.180684 
1561007130397865675 1561007131890003811 0.883676 0.468070 -0.005217 9.656430 -0.467959 0.883628 0.014676 -1.508277 0.011479 -0.010527 0.999879 -0.137401 
1561007131990815148 1561007133290987129 0.992917 0.118426 0.009576 9.497458 -0.118450 0.992958 0.001917 -0.136442 -0.009281 -0.003038 0.999952 -0.231469 
1561007133390667409 1561007134590762390 0.999908 -0.013499 0.001149 9.709234 0.013501 0.999907 -0.001812 0.007935 -0.001125 0.001828 0.999998 -0.193929 
1561007134690079323 1561007135791212105 0.999991 -0.002232 -0.003588 9.747823 0.002235 0.999997 0.000620 -0.015650 0.003587 -0.000628 0.999993 -0.164007 
1561007135891807834 1561007136891449762 0.999990 -0.004016 0.001957 9.579270 0.004018 0.999992 -0.000786 -0.009135 -0.001954 0.000794 0.999998 -0.178878 
1561007136992744470 1561007137892959337 0.999623 -0.027407 0.001362 9.086936 0.027400 0.999611 0.005192 0.117062 -0.001504 -0.005153 0.999986 -0.193648 
1561007137992387771 1561007138891485337 0.998942 -0.045395 -0.007302 9.599035 0.045406 0.998968 0.001335 0.142574 0.007234 -0.001665 0.999972 -0.171967 
1561007138993290442 1561007139794609301 0.999479 -0.023379 -0.022232 8.858310 0.023245 0.999710 -0.006261 0.028266 0.022372 0.005741 0.999733 -0.051893 
1561007139892670340 1561007140692968571 0.999501 -0.023232 0.021420 9.013336 0.023138 0.999722 0.004625 0.058067 -0.021521 -0.004127 0.999760 -0.316714 
1561007140794809361 1561007141594806761 0.998787 -0.048970 -0.005241 9.013025 0.048957 0.998798 -0.002539 0.145065 0.005359 0.002280 0.999983 -0.164212 
1561007141693565301 1561007142494663032 0.999344 -0.035960 -0.004273 9.096059 0.035966 0.999352 0.001263 0.082541 0.004225 -0.001416 0.999990 -0.165568 
1561007142594594507 1561007143394070698 0.999616 -0.027665 0.001451 9.309515 0.027668 0.999616 -0.001732 0.065718 -0.001403 0.001771 0.999997 -0.180503 
1561007143493228652 1561007144296193670 0.999299 -0.036917 -0.006289 9.198568 0.036931 0.999316 0.002105 0.115114 0.006207 -0.002336 0.999978 -0.158562 
1561007144395158789 1561007145194336387 0.999209 -0.036772 0.015107 8.917590 0.036680 0.999307 0.006345 0.088849 -0.015330 -0.005786 0.999866 -0.308878 
1561007145294744593 1561007146197415036 0.999187 -0.039425 -0.008378 9.580287 0.039464 0.999211 0.004504 0.111605 0.008194 -0.004831 0.999955 -0.140809 
1561007146297657523 1561007147296204032 0.999290 -0.037631 0.001999 9.709033 0.037669 0.998977 -0.025005 0.042922 -0.001056 0.025062 0.999685 -0.303090 
1561007147396120113 1561007148697499028 0.999182 -0.032620 -0.023904 9.862179 0.032517 0.999460 -0.004657 0.062475 0.024043 0.003876 0.999703 -0.214793 
1561007148798855776 1561007150389689413 0.999816 -0.019009 0.002747 9.831263 0.019033 0.999779 -0.008980 0.032003 -0.002575 0.009031 0.999956 -0.275451 
1561007150490821842 1561007153389916073 0.999612 -0.027763 -0.002181 10.107141 0.027760 0.999614 -0.001113 0.061989 0.002211 0.001052 0.999997 -0.270679 
1561007195291610018 1561007205094587872 0.998742 -0.041744 -0.027781 9.647934 0.041948 0.999096 0.006829 0.172919 0.027471 -0.007986 0.999591 -0.091828 
1561007205193173485 1561007206994954034 0.997660 -0.068357 -0.000935 9.836863 0.068363 0.997618 0.009239 0.208996 0.000301 -0.009281 0.999957 -0.144521 
1561007207094801252 1561007208393488944 0.999302 -0.037243 0.002970 9.828030 0.037236 0.999304 0.002432 0.106518 -0.003059 -0.002320 0.999993 -0.190847 
1561007208494829034 1561007209594888287 0.999982 -0.004091 -0.004352 9.876029 0.004101 0.999989 0.002371 -0.021829 0.004342 -0.002389 0.999988 -0.147928 
1561007209694946773 1561007210594684868 0.999946 -0.010290 0.001585 9.079474 0.010306 0.999890 -0.010635 0.009934 -0.001476 0.010651 0.999942 -0.161409 
1561007210693230015 1561007211597536024 0.999977 -0.001454 -0.006604 9.889020 0.001542 0.999909 0.013432 -0.033112 0.006584 -0.013442 0.999888 -0.140126 
1561007211696218603 1561007212488249335 0.999989 -0.000253 0.004610 9.451391 0.000284 0.999977 -0.006742 -0.049777 -0.004608 0.006743 0.999967 -0.183709 
1561007212589493451 1561007213388409243 0.999947 0.008573 -0.005735 10.059301 -0.008578 0.999963 -0.000810 -0.081795 0.005728 0.000859 0.999983 -0.155440 
1561007213488667987 1561007214188283028 0.999987 0.004304 -0.002609 9.202017 -0.004302 0.999991 0.000700 -0.056466 0.002612 -0.000689 0.999996 -0.128803 
1561007214289513660 1561007214988343686 0.999985 0.000987 -0.005354 9.597969 -0.000940 0.999960 0.008879 -0.024387 0.005362 -0.008874 0.999946 -0.115700 
1561007215089841685 1561007215789817495 0.999986 0.003480 0.003874 9.922859 -0.003488 0.999992 0.002081 -0.028011 -0.003867 -0.002095 0.999990 -0.192003 
1561007215888912914 1561007216487943400 0.999991 0.000196 -0.004189 8.847200 -0.000213 0.999991 -0.004166 -0.027618 0.004188 0.004167 0.999983 -0.166072 
1561007216589113136 1561007217188323146 0.999999 -0.000375 -0.001614 9.010122 0.000371 0.999997 -0.002210 -0.034752 0.001615 0.002209 0.999996 -0.156627 
1561007217289724224 1561007217888631025 0.999986 -0.004583 -0.002693 9.019220 0.004604 0.999958 0.007920 0.002926 0.002656 -0.007932 0.999965 -0.187205 
1561007217988141733 1561007218588955456 0.999973 -0.000770 -0.007373 8.994139 0.000685 0.999933 -0.011522 -0.045143 0.007382 0.011516 0.999906 -0.151289 
1561007218687945309 1561007219289411733 0.999983 0.004200 -0.004038 8.927971 -0.004216 0.999983 -0.003958 -0.057059 0.004021 0.003975 0.999984 -0.143174 
1561007219388629700 1561007219988544758 0.999978 0.002111 -0.006209 8.853517 -0.002066 0.999971 0.007275 -0.026122 0.006225 -0.007262 0.999954 -0.088443 
1561007220090144955 1561007220687898546 0.999971 -0.003558 -0.006749 8.833792 0.003610 0.999964 0.007640 -0.007412 0.006721 -0.007664 0.999948 -0.125723 
1561007220787859279 1561007221388234456 0.999900 -0.012775 -0.006047 8.897541 0.012766 0.999917 -0.001473 0.028272 0.006065 0.001396 0.999981 -0.110450 
1561007221488152609 1561007222089865946 0.999891 -0.014504 -0.002917 8.855513 0.014525 0.999868 0.007339 0.037955 0.002810 -0.007380 0.999969 -0.164375 
1561007222188220622 1561007222789893083 0.999764 -0.019827 -0.008872 9.060381 0.019797 0.999798 -0.003459 0.035174 0.008939 0.003282 0.999955 -0.121644 
1561007222888878357 1561007223487687680 0.999731 -0.023124 -0.001995 9.079318 0.023137 0.999710 0.006674 0.079728 0.001840 -0.006719 0.999976 -0.158161 
1561007223589439367 1561007224187944634 0.999449 -0.032667 -0.005944 9.071427 0.032604 0.999413 -0.010523 0.073735 0.006285 0.010324 0.999927 -0.111667 
1561007224289062063 1561007224889571200 0.999699 -0.024025 -0.004948 9.135295 0.024052 0.999696 0.005433 0.075710 0.004816 -0.005551 0.999973 -0.147524 
1561007224989673329 1561007225591406140 0.999242 -0.038785 -0.003363 9.215907 0.038776 0.999244 -0.002667 0.114626 0.003464 0.002535 0.999991 -0.138837 
1561007225689421444 1561007226292307975 0.999656 -0.025824 -0.004477 9.204418 0.025850 0.999649 0.005881 0.076374 0.004323 -0.005995 0.999973 -0.156444 
1561007226390784690 1561007226991022269 0.999502 -0.030924 -0.006231 9.222607 0.030910 0.999519 -0.002360 0.085021 0.006301 0.002166 0.999978 -0.153784 
1561007227092335537 1561007227690795409 0.999672 -0.025612 0.000133 9.222723 0.025613 0.999659 -0.005065 0.050198 -0.000003 0.005067 0.999987 -0.144959 
1561007227791842199 1561007228391391833 0.999185 -0.039645 -0.007530 9.171116 0.039597 0.999196 -0.006327 0.134634 0.007774 0.006023 0.999952 -0.130843 
1561007228490821860 1561007229092515330 0.999270 -0.037101 -0.009123 9.227305 0.037127 0.999307 0.002636 0.121124 0.009019 -0.002973 0.999955 -0.119891 
1561007229190998662 1561007229792292709 0.999543 -0.030128 -0.002409 9.322911 0.030126 0.999546 -0.000816 0.069877 0.002433 0.000743 0.999997 -0.151410 
1561007229891631479 1561007230490890648 0.999571 -0.028717 0.005759 9.341690 0.028739 0.999580 -0.003687 0.070572 -0.005651 0.003851 0.999977 -0.205217 
1561007230592224917 1561007231192989276 0.999658 -0.026110 0.001263 9.168089 0.026121 0.999608 -0.010123 0.056875 -0.000998 0.010153 0.999948 -0.200087 
1561007231292976956 1561007231890465196 0.999707 -0.021188 -0.011715 9.102465 0.021252 0.999760 0.005373 0.055026 0.011598 -0.005621 0.999917 -0.120022 
1561007231990745609 1561007232592653157 0.999812 -0.019379 -0.000896 9.123961 0.019376 0.999807 -0.003279 0.039394 0.000959 0.003261 0.999994 -0.131444 
1561007232691023957 1561007233292491052 0.999934 -0.009235 -0.006764 9.190012 0.009181 0.999927 -0.007908 -0.002582 0.006836 0.007846 0.999946 -0.123901 
1561007233391209303 1561007233992168889 0.999208 -0.038847 -0.008661 9.247417 0.039019 0.999025 0.020644 0.148300 0.007851 -0.020965 0.999749 -0.099370 
1561007234093639087 1561007234692898319 0.999230 -0.039227 0.000299 9.364314 0.039228 0.999209 -0.006538 0.082452 -0.000043 0.006545 0.999979 -0.143541 
1561007234793421367 1561007235392668398 0.999331 -0.036473 0.002868 9.413289 0.036459 0.999324 0.004754 0.132134 -0.003040 -0.004646 0.999985 -0.186721 
1561007235492758121 1561007236093436965 0.999381 -0.035165 -0.001311 9.562088 0.035158 0.999372 -0.004432 0.091631 0.001466 0.004384 0.999989 -0.159689 
1561007236192812019 1561007236793556260 0.999975 -0.006680 -0.002421 9.700923 0.006670 0.999970 -0.004006 -0.022370 0.002448 0.003990 0.999989 -0.159859 
1561007236892190734 1561007237492382183 0.999990 -0.004295 -0.001069 9.709643 0.004294 0.999990 -0.001183 -0.012976 0.001074 0.001179 0.999999 -0.155601 
1561007237593786977 1561007238191911047 0.999990 0.000342 -0.004557 9.767288 -0.000352 0.999998 -0.002019 -0.043340 0.004557 0.002021 0.999988 -0.166965 
1561007238293372357 1561007238892503438 0.999990 -0.000552 -0.004342 9.881779 0.000551 1.000000 -0.000387 -0.024900 0.004342 0.000385 0.999990 -0.158365 
1561007238992272185 1561007239593520920 0.999999 0.000644 -0.001469 9.982120 -0.000644 1.000000 0.000150 -0.032059 0.001469 -0.000149 0.999999 -0.187261 
1561007239692331703 1561007240191971597 0.999997 0.000021 -0.002618 8.371843 -0.000024 0.999999 -0.001160 -0.031714 0.002618 0.001161 0.999996 -0.140613 
1561007240293140641 1561007240892196017 0.999985 0.001785 -0.005171 10.097313 -0.001794 0.999997 -0.001690 -0.046743 0.005168 0.001699 0.999985 -0.147781 
1561007240992310551 1561007241493687036 0.999998 0.001630 -0.001520 8.525740 -0.001631 0.999999 -0.000379 -0.030117 0.001520 0.000382 0.999999 -0.151395 
1561007241594837421 1561007242096277364 0.999977 -0.002387 -0.006309 8.578927 0.002374 0.999995 -0.002070 -0.032138 0.006314 0.002055 0.999978 -0.134040 
1561007242195195953 1561007242695103644 0.999980 0.004999 -0.003777 8.635747 -0.004999 0.999988 -0.000052 -0.047444 0.003777 0.000071 0.999993 -0.143170 
1561007242796401170 1561007243296243501 0.999996 0.002343 -0.001608 8.715140 -0.002342 0.999997 0.000641 -0.032660 0.001610 -0.000637 0.999999 -0.161364 
1561007243395466867 1561007243895548940 1.000000 0.000095 -0.000130 8.669479 -0.000095 1.000000 0.000559 -0.023426 0.000130 -0.000559 1.000000 -0.173767 
1561007243995344698 1561007244495752236 0.999991 0.003280 -0.002776 8.596206 -0.003273 0.999991 0.002648 -0.041054 0.002784 -0.002639 0.999993 -0.189299 
1561007244596363358 1561007245095901012 0.999932 -0.005652 -0.010245 8.465514 0.005596 0.999969 -0.005483 -0.011023 0.010275 0.005425 0.999932 -0.129233 
1561007245195119415 1561007245695482095 0.999987 0.001074 -0.004909 8.413378 -0.001076 0.999999 -0.000302 -0.032827 0.004909 0.000308 0.999988 -0.127553 
1561007245795694899 1561007246296468300 0.999991 0.003380 0.002504 8.531822 -0.003385 0.999992 0.002125 -0.039306 -0.002497 -0.002133 0.999995 -0.180891 
1561007246395398401 1561007246895214498 0.999999 -0.001146 0.000928 8.467684 0.001146 0.999999 -0.000270 -0.017616 -0.000927 0.000271 1.000000 -0.176069 
1561007246996502421 1561007247487630767 0.999998 0.000638 -0.002028 8.365223 -0.000640 0.999999 -0.000969 -0.025433 0.002027 0.000971 0.999997 -0.162094 
1561007247588024497 1561007248088712406 0.999993 0.002471 -0.002833 8.547819 -0.002476 0.999996 -0.001666 -0.037931 0.002829 0.001673 0.999995 -0.161457 
1561007248187614236 1561007248686810122 0.999999 0.000628 -0.001489 8.532343 -0.000630 0.999999 -0.001323 -0.024788 0.001488 0.001324 0.999998 -0.165754 
1561007248787905790 1561007249289368218 0.999996 0.001702 -0.002061 8.614768 -0.001702 0.999999 0.000052 -0.038463 0.002061 -0.000048 0.999998 -0.168092 
1561007249387557054 1561007249888774161 0.999996 0.000642 0.002817 8.494840 -0.000645 0.999999 0.001073 -0.026842 -0.002816 -0.001075 0.999995 -0.166970 
1561007249989115795 1561007250490692158 0.999991 0.002245 -0.003641 8.517157 -0.002245 0.999997 -0.000139 -0.023630 0.003641 0.000147 0.999993 -0.162099 
1561007250592073273 1561007251092003628 0.999991 -0.000808 -0.004175 8.509166 0.000805 0.999999 -0.000625 -0.024045 0.004176 0.000622 0.999991 -0.156250 
1561007251192061139 1561007251690422600 0.999998 -0.000565 -0.001873 8.471396 0.000562 0.999999 -0.001519 -0.031912 0.001874 0.001518 0.999997 -0.166127 
1561007251791838799 1561007252293234149 0.999991 0.001818 -0.003869 8.481857 -0.001818 0.999998 -0.000079 -0.035171 0.003869 0.000086 0.999993 -0.147396 
1561007252391993108 1561007252894844993 0.999997 0.001464 -0.002142 8.503471 -0.001466 0.999998 -0.001029 -0.034638 0.002141 0.001032 0.999997 -0.142921 
1561007252994705369 1561007253493788849 0.999999 0.001222 -0.000060 8.543110 -0.001222 0.999999 -0.000804 -0.031978 0.000059 0.000804 1.000000 -0.150429 
1561007253595320562 1561007254095052295 0.999998 0.000067 0.002234 8.598215 -0.000065 0.999999 -0.001089 -0.026904 -0.002234 0.001089 0.999997 -0.174723 
1561007254193567858 1561007254695073727 0.999996 -0.000599 -0.002917 8.577206 0.000598 1.000000 -0.000217 -0.025803 0.002917 0.000215 0.999996 -0.160890 
1561007254794731195 1561007255294557961 0.999999 0.000365 0.001514 8.569234 -0.000361 0.999998 -0.002164 -0.038095 -0.001515 0.002164 0.999997 -0.189295 
1561007255393605870 1561007255895534259 0.999986 0.001661 -0.005072 8.584838 -0.001661 0.999999 0.000017 -0.037451 0.005072 -0.000009 0.999987 -0.152236 
1561007255995314452 1561007256495384446 0.999997 0.000356 -0.002235 8.631496 -0.000361 0.999998 -0.002005 -0.028571 0.002234 0.002006 0.999995 -0.151586 
1561007256596429102 1561007257096590411 0.999992 0.000995 0.003806 8.646311 -0.000992 0.999999 -0.000843 -0.031197 -0.003807 0.000839 0.999992 -0.212063 
1561007257195411163 1561007257687160148 0.999983 0.005472 -0.002201 8.579527 -0.005471 0.999985 0.000339 -0.040191 0.002203 -0.000327 0.999998 -0.183315 
1561007257788222559 1561007258287951906 1.000000 0.000719 -0.000546 8.494907 -0.000717 0.999994 0.003308 -0.020402 0.000548 -0.003308 0.999994 -0.162183 
1561007258387058482 1561007258887405313 0.999989 0.000022 0.004758 8.550377 -0.000016 0.999999 -0.001302 -0.030368 -0.004758 0.001302 0.999988 -0.221188 
1561007258987211935 1561007259487392835 0.999996 0.002854 0.000361 8.506322 -0.002853 0.999994 -0.001971 -0.035302 -0.000367 0.001970 0.999998 -0.210734 
1561007259588121408 1561007260087719503 0.999985 0.000349 -0.005539 8.493872 -0.000346 1.000000 0.000420 -0.026187 0.005539 -0.000418 0.999985 -0.170046 
1561007260186594829 1561007260687128707 0.999994 0.000608 -0.003528 8.502555 -0.000610 1.000000 -0.000457 -0.027354 0.003527 0.000459 0.999994 -0.146461 
1561007260787127583 1561007261287399245 0.999999 -0.000592 0.001326 8.518924 0.000590 0.999999 0.001267 -0.015364 -0.001327 -0.001266 0.999998 -0.178144 
1561007261387277080 1561007261887198826 0.999999 -0.000040 -0.001159 8.522754 0.000036 0.999995 -0.003247 -0.020659 0.001159 0.003247 0.999994 -0.191434 
1561007261986889154 1561007262487785737 0.999999 -0.000336 0.001138 8.528229 0.000337 0.999999 -0.001118 -0.021065 -0.001138 0.001119 0.999999 -0.213241 
1561007262588392626 1561007263087828505 0.999999 -0.000587 -0.001597 8.424853 0.000586 1.000000 -0.000383 -0.015082 0.001597 0.000382 0.999999 -0.188591 
1561007263186721101 1561007263686615565 0.999999 0.000723 -0.001130 8.361489 -0.000725 0.999998 -0.001950 -0.029299 0.001129 0.001951 0.999997 -0.187118 
1561007263787955457 1561007264288690697 0.999995 -0.001627 0.002886 8.300462 0.001622 0.999997 0.001669 -0.007750 -0.002889 -0.001665 0.999994 -0.219073 
1561007264387216448 1561007264987504930 0.999996 -0.000295 -0.002922 9.901453 0.000295 1.000000 0.000054 -0.022248 0.002922 -0.000055 0.999996 -0.232397 
1561007265087835018 1561007265687147203 0.999999 0.000663 -0.001264 9.826134 -0.000663 1.000000 0.000093 -0.025145 0.001264 -0.000092 0.999999 -0.240820 
1561007265788839630 1561007266387083848 0.999996 0.000037 -0.002897 9.785534 -0.000038 1.000000 -0.000385 -0.025759 0.002897 0.000385 0.999996 -0.224231 
1561007266488781640 1561007267089285401 0.999999 0.001166 0.000810 9.750563 -0.001166 0.999999 0.000179 -0.028995 -0.000810 -0.000180 1.000000 -0.213657 
1561007267189013789 1561007267788696958 0.999984 0.003584 0.004482 9.734233 -0.003579 0.999993 -0.001192 -0.043287 -0.004486 0.001176 0.999989 -0.229335 
1561007267886772413 1561007268489045896 1.000000 0.000719 0.000607 9.815308 -0.000719 0.999999 0.000762 -0.018637 -0.000607 -0.000763 1.000000 -0.228252 
1561007268587204747 1561007269188793771 0.999993 0.002101 -0.002961 9.958009 -0.002101 0.999998 -0.000061 -0.036821 0.002961 0.000067 0.999996 -0.231370 
1561007269290428581 1561007269888761279 0.999995 -0.002685 0.001696 9.892199 0.002691 0.999990 -0.003462 -0.021798 -0.001687 0.003467 0.999993 -0.217035 
1561007269988611184 1561007270590556069 0.999997 0.002448 -0.000119 9.902752 -0.002448 0.999997 -0.000384 -0.032504 0.000118 0.000384 1.000000 -0.251504 
1561007270688781594 1561007271290165194 0.999999 -0.000324 -0.001059 9.905984 0.000324 1.000000 -0.000215 -0.025905 0.001059 0.000214 0.999999 -0.233359 
1561007271388917014 1561007271990025208 1.000000 -0.000502 -0.000304 9.845564 0.000503 1.000000 0.000236 -0.025236 0.000303 -0.000236 1.000000 -0.259839 
1561007272090113885 1561007272690457504 0.999997 0.000279 -0.002494 9.777899 -0.000275 0.999999 0.001692 -0.023372 0.002494 -0.001692 0.999995 -0.243241 
1561007272790203477 1561007273390412579 0.999995 -0.000498 -0.003168 9.634462 0.000502 0.999999 0.001306 -0.021337 0.003167 -0.001307 0.999994 -0.237064 
1561007273492033869 1561007274091818991 0.999995 0.003044 0.000537 9.596622 -0.003045 0.999992 0.002528 -0.037725 -0.000529 -0.002529 0.999997 -0.217992 
1561007274190420852 1561007274791678321 0.999996 -0.001745 0.002217 9.568374 0.001741 0.999997 0.001679 -0.010050 -0.002220 -0.001675 0.999996 -0.231918 
1561007274890200236 1561007275491877235 0.999994 -0.003503 0.000228 9.554072 0.003503 0.999994 -0.000271 -0.013046 -0.000227 0.000272 1.000000 -0.245700 
1561007275591773512 1561007276190097566 0.999999 0.000645 -0.000937 9.479753 -0.000644 1.000000 0.000438 -0.029501 0.000937 -0.000437 0.999999 -0.226058 
1561007276291585191 1561007276890371523 1.000000 0.000034 -0.000201 9.425113 -0.000034 0.999999 0.001657 -0.019619 0.000201 -0.001657 0.999999 -0.237030 
1561007276990348394 1561007277591571363 0.999999 -0.000903 -0.001101 9.272744 0.000903 1.000000 0.000146 -0.014981 0.001101 -0.000147 0.999999 -0.228007 
1561007277690185789 1561007278293335467 0.999992 0.003879 0.000595 8.963518 -0.003880 0.999990 0.001995 -0.028380 -0.000587 -0.001998 0.999998 -0.287033 
1561007278391941930 1561007278993133566 0.999971 0.001008 -0.007511 8.769239 -0.001004 0.999999 0.000459 -0.021395 0.007511 -0.000451 0.999972 -0.202965 
1561007279092640110 1561007279693399093 0.999989 0.000826 -0.004522 8.707803 -0.000817 0.999997 0.002158 -0.025124 0.004524 -0.002155 0.999987 -0.183704 
1561007279794632280 1561007280393581958 0.999993 -0.001675 0.003421 8.615192 0.001667 0.999996 0.002267 -0.014867 -0.003425 -0.002262 0.999992 -0.208570 
1561007280494683605 1561007281194655314 0.999997 0.001681 0.001605 9.592524 -0.001680 0.999998 -0.000754 -0.045680 -0.001606 0.000751 0.999998 -0.286674 
1561007281296027801 1561007282095587919 0.999951 -0.006591 -0.007356 9.792654 0.006579 0.999977 -0.001612 -0.002571 0.007367 0.001564 0.999972 -0.252986 
1561007282195137303 1561007283095234604 0.999977 -0.006734 -0.000816 10.093535 0.006734 0.999977 0.000704 -0.020559 0.000812 -0.000709 0.999999 -0.279898 
1561007283195007844 1561007284195612345 0.999992 0.003337 -0.002063 9.720956 -0.003334 0.999993 0.001474 -0.051013 0.002068 -0.001467 0.999997 -0.271001 
1561007284295973172 1561007285488162293 0.999969 0.004588 -0.006473 10.034694 -0.004609 0.999984 -0.003337 -0.044485 0.006458 0.003367 0.999973 -0.263739 
1561007285587131728 1561007286991129462 0.999977 0.005395 0.004075 9.732420 -0.005407 0.999981 0.002878 -0.054562 -0.004059 -0.002900 0.999988 -0.295183 
1561007287088836896 1561007288992063890 0.999965 0.007522 -0.003559 9.785456 -0.007511 0.999967 0.003104 -0.052122 0.003583 -0.003078 0.999989 -0.256493 
1561007289090942876 1561007293393381335 0.999961 0.008008 -0.003764 10.155791 -0.007992 0.999960 0.004134 -0.071566 0.003797 -0.004104 0.999984 -0.260739 
1561007293994681711 1561007303795313962 0.999922 -0.002947 -0.012102 9.625020 0.002945 0.999996 -0.000195 0.012592 0.012103 0.000159 0.999927 -0.130681 
1561007303895057414 1561007305695089909 0.999974 -0.007165 0.000854 9.816844 0.007167 0.999972 -0.001961 -0.044925 -0.000840 0.001967 0.999998 -0.177316 
1561007305795173134 1561007307295174087 0.999946 0.010355 -0.000064 9.719181 -0.010355 0.999944 -0.002397 -0.085101 0.000039 0.002398 0.999997 -0.193229 
1561007307393938945 1561007308794817673 0.999987 -0.004583 -0.002080 9.878066 0.004573 0.999978 -0.004865 0.010583 0.002102 0.004856 0.999986 -0.183893 
1561007308894979966 1561007310194976367 0.999966 -0.006297 0.005389 9.577075 0.006344 0.999943 -0.008625 -0.041693 -0.005335 0.008658 0.999948 -0.177817 
1561007310295406105 1561007311488142102 0.999975 0.005347 -0.004719 9.658159 -0.005327 0.999977 0.004268 -0.041929 0.004741 -0.004243 0.999980 -0.206230 
1561007311587042829 1561007312687267044 0.999929 0.010220 -0.006052 9.524052 -0.010167 0.999911 0.008611 -0.053947 0.006139 -0.008549 0.999945 -0.210149 
1561007312788376240 1561007313788449300 0.999986 -0.001220 -0.005079 9.127313 0.001220 0.999999 -0.000119 -0.023712 0.005079 0.000113 0.999987 -0.147546 
1561007313887136284 1561007314988173599 0.999996 -0.002318 -0.001511 10.048459 0.002300 0.999932 -0.011416 -0.034305 0.001538 0.011413 0.999934 -0.224976 
1561007315087106918 1561007316187826797 0.999987 -0.002243 0.004580 9.973611 0.002215 0.999979 0.006148 -0.026675 -0.004593 -0.006138 0.999971 -0.252856 
1561007316288016860 1561007317387586701 0.999945 0.000434 -0.010474 9.915192 -0.000448 0.999999 -0.001287 -0.048740 0.010474 0.001292 0.999944 -0.195239 
1561007317487599603 1561007318587482081 0.999991 0.003615 -0.002126 10.014082 -0.003619 0.999991 -0.002124 -0.033614 0.002119 0.002131 0.999995 -0.208958 
1561007318688084515 1561007319687640533 0.999999 0.001249 0.000557 9.267577 -0.001252 0.999988 0.004725 -0.016307 -0.000552 -0.004725 0.999989 -0.203284 
1561007319787466341 1561007320787885372 0.999992 0.003797 0.000953 9.511013 -0.003795 0.999991 -0.001768 -0.058736 -0.000959 0.001764 0.999998 -0.247962 
1561007320887823859 1561007321887163148 0.999912 0.005548 -0.012062 9.954637 -0.005551 0.999985 -0.000173 -0.042460 0.012061 0.000240 0.999927 -0.190642 
1561007321987979088 1561007322887009496 0.999995 -0.001674 -0.002620 9.300817 0.001687 0.999987 0.004802 -0.018627 0.002612 -0.004806 0.999985 -0.174829 
1561007322987922287 1561007323886285397 1.000000 -0.000365 -0.000567 9.757337 0.000367 0.999993 0.003714 -0.026078 0.000566 -0.003714 0.999993 -0.196991 
1561007323987337826 1561007324787900028 0.999944 0.003111 -0.010150 9.003261 -0.003134 0.999993 -0.002259 -0.032348 0.010143 0.002290 0.999946 -0.130076 
1561007324886685636 1561007325687051394 0.999994 0.003455 -0.000751 9.246082 -0.003455 0.999994 -0.000102 -0.040022 0.000751 0.000105 1.000000 -0.171054 
1561007325787622665 1561007326586590815 0.999997 0.002422 0.000729 9.620183 -0.002421 0.999996 -0.001082 -0.033221 -0.000732 0.001081 0.999999 -0.228868 
1561007326686500808 1561007327488729444 0.999946 0.006118 -0.008367 9.777606 -0.006179 0.999954 -0.007314 -0.104469 0.008322 0.007365 0.999938 -0.176038 
1561007327587083963 1561007328388678433 0.999956 0.005787 -0.007442 9.743606 -0.005937 0.999777 -0.020269 -0.096178 0.007323 0.020312 0.999767 -0.177304 
1561007328488294800 1561007329289768543 0.999889 -0.002725 -0.014629 9.809835 0.003304 0.999206 0.039698 -0.005166 0.014509 -0.039742 0.999105 -0.041522 
1561007329389696773 1561007330189953562 0.999979 0.002666 -0.005882 9.872959 -0.002669 0.999996 -0.000360 -0.036219 0.005881 0.000376 0.999983 -0.122669 
1561007330290193155 1561007331088184290 0.999925 -0.002252 0.012003 9.906533 0.002402 0.999919 -0.012525 -0.020878 -0.011973 0.012553 0.999850 -0.197232 
1561007331189736779 1561007331990888812 0.999954 0.002176 -0.009374 9.991632 -0.002296 0.999915 -0.012864 -0.045233 0.009345 0.012885 0.999873 -0.122782 
1561007332089396387 1561007332789691034 0.999976 -0.000594 0.006969 8.903338 0.000494 0.999898 0.014258 -0.019411 -0.006977 -0.014254 0.999874 -0.198643 
1561007332892456792 1561007333591098693 0.999998 -0.000245 0.001773 8.935843 0.000256 0.999978 -0.006632 -0.042873 -0.001772 0.006632 0.999976 -0.198290 
1561007333692740808 1561007334392422539 0.999991 0.004255 0.000606 8.816288 -0.004257 0.999988 0.002424 -0.025335 -0.000595 -0.002426 0.999997 -0.192685 
1561007334492395489 1561007335292047699 0.999988 -0.003298 -0.003725 9.826505 0.003308 0.999991 0.002734 -0.002796 0.003716 -0.002746 0.999989 -0.206892 
1561007335391242237 1561007336192520902 0.999996 0.002619 0.000596 9.893862 -0.002619 0.999996 0.001213 -0.028372 -0.000593 -0.001215 0.999999 -0.187000 
1561007336292962979 1561007336992604961 0.999998 0.002048 -0.000887 8.854328 -0.002044 0.999987 0.004656 -0.022414 0.000897 -0.004655 0.999989 -0.185352 
1561007337091046133 1561007337791333620 0.999982 0.001929 -0.005631 8.952685 -0.001966 0.999976 -0.006580 -0.037306 0.005618 0.006591 0.999962 -0.149522 
1561007337892770848 1561007338590950107 0.999993 -0.002095 0.003144 9.040721 0.002092 0.999997 0.001005 -0.021672 -0.003146 -0.000998 0.999995 -0.199824 
1561007338692374112 1561007339391295603 0.999978 -0.006341 0.001713 9.231890 0.006337 0.999976 0.002753 -0.017946 -0.001730 -0.002742 0.999995 -0.207603 
1561007339492877585 1561007340194073019 0.999996 0.001975 -0.001955 9.361912 -0.001976 0.999998 -0.000695 -0.033536 0.001954 0.000699 0.999998 -0.170432 
1561007340293853354 1561007340993958325 0.999991 0.003749 -0.001774 9.522588 -0.003731 0.999941 0.010162 -0.019784 0.001812 -0.010155 0.999947 -0.192168 
1561007341092578210 1561007341793160969 0.999999 -0.000824 0.000610 9.615758 0.000821 0.999991 0.004090 -0.013015 -0.000613 -0.004090 0.999991 -0.193038 
1561007341892773756 1561007342593896650 0.999990 0.004395 -0.000742 9.473347 -0.004397 0.999986 -0.002779 -0.054502 0.000730 0.002782 0.999996 -0.224991 
1561007342694454518 1561007343394022148 0.999962 0.005583 -0.006751 9.356619 -0.005603 0.999980 -0.003021 -0.048188 0.006734 0.003059 0.999973 -0.171824 
1561007343495072028 1561007344195082422 0.999991 0.003048 0.002933 9.285476 -0.003055 0.999992 0.002416 -0.037190 -0.002926 -0.002425 0.999993 -0.198192 
1561007344293922782 1561007344995104555 0.999995 0.001731 -0.002601 9.273102 -0.001756 0.999950 -0.009828 -0.039207 0.002584 0.009833 0.999948 -0.200596 
1561007345093907403 1561007345793651210 0.999986 -0.004715 -0.002314 9.294208 0.004724 0.999981 0.003910 -0.009228 0.002295 -0.003921 0.999990 -0.191154 
1561007345894573777 1561007346593595635 0.999996 0.001338 -0.002582 9.311689 -0.001334 0.999998 0.001750 -0.028360 0.002585 -0.001746 0.999995 -0.217420 
1561007346694847746 1561007347394874849 0.999989 0.004393 -0.001767 9.300360 -0.004382 0.999972 0.006104 -0.029051 0.001794 -0.006096 0.999980 -0.245673 
1561007347494937047 1561007348195183233 0.999973 0.000056 -0.007291 9.176441 -0.000058 1.000000 -0.000354 -0.031142 0.007291 0.000354 0.999973 -0.180377 
1561007348293895983 1561007348994804319 0.999927 0.002927 0.011684 9.134293 -0.002875 0.999986 -0.004461 -0.045616 -0.011697 0.004427 0.999922 -0.259597 
1561007349093539537 1561007349794114793 0.999994 0.001994 -0.002920 9.106801 -0.001975 0.999977 0.006486 -0.025173 0.002933 -0.006480 0.999975 -0.263290 
1561007349893900670 1561007350593931374 0.999929 0.001850 -0.011813 9.084128 -0.001803 0.999990 0.003979 -0.033955 0.011820 -0.003958 0.999922 -0.144163 
1561007350694524944 1561007351386820920 0.999982 -0.004854 -0.003523 9.002818 0.004841 0.999981 -0.003809 -0.001938 0.003541 0.003792 0.999987 -0.174641 
1561007351487081090 1561007352186727103 0.999996 0.001359 -0.002356 8.959462 -0.001372 0.999985 -0.005380 -0.040711 0.002349 0.005383 0.999983 -0.173324 
1561007352286522497 1561007352986792438 0.999981 0.002925 -0.005517 8.971060 -0.002922 0.999996 0.000604 -0.022336 0.005519 -0.000588 0.999985 -0.108768 
1561007353085818659 1561007353786090234 0.999995 -0.001303 0.002848 9.000030 0.001313 0.999993 -0.003412 -0.016224 -0.002844 0.003415 0.999990 -0.201855 
1561007353885565841 1561007354585654102 0.999998 -0.000277 -0.001924 9.105160 0.000265 0.999982 -0.005918 -0.030184 0.001925 0.005917 0.999981 -0.191028 
1561007354686842482 1561007355386498354 0.999983 0.005795 0.000318 9.189479 -0.005795 0.999983 -0.000165 -0.031437 -0.000319 0.000163 1.000000 -0.199881 
1561007355486407749 1561007356186206916 0.999995 0.003150 -0.000213 9.273066 -0.003149 0.999991 0.002740 -0.027449 0.000221 -0.002740 0.999996 -0.221066 
1561007356285125495 1561007356986599488 0.999989 0.003702 -0.002817 9.279636 -0.003688 0.999981 0.004976 -0.019000 0.002835 -0.004965 0.999984 -0.176493 
1561007357085885488 1561007357785982341 0.999926 -0.010920 -0.005422 9.145641 0.010957 0.999917 0.006788 0.047649 0.005348 -0.006847 0.999962 -0.166711 
1561007357885553490 1561007358586684092 0.999980 0.001090 -0.006158 9.117645 -0.001037 0.999963 0.008580 -0.002392 0.006167 -0.008574 0.999944 -0.186989 
1561007358686826315 1561007359386600293 1.000000 -0.000024 -0.000009 9.099665 0.000024 0.999976 -0.006857 -0.023221 0.000009 0.006857 0.999976 -0.214046 
1561007359486539564 1561007360186727585 0.999947 0.003401 -0.009668 9.175688 -0.003444 0.999984 -0.004427 -0.039848 0.009653 0.004460 0.999943 -0.135421 
1561007360285530059 1561007360986914731 0.999981 -0.001278 0.006070 9.251149 0.001359 0.999909 -0.013441 -0.037209 -0.006052 0.013449 0.999891 -0.201608 
1561007361086211875 1561007361785668770 0.999470 0.007706 -0.031634 9.259015 -0.007474 0.999944 0.007460 -0.034674 0.031690 -0.007220 0.999472 -0.043168 
1561007361886101123 1561007362585723162 0.999924 0.003982 0.011698 9.330596 -0.004206 0.999807 0.019176 -0.009175 -0.011619 -0.019223 0.999748 -0.190332 
1561007362686347649 1561007363385554087 0.999987 -0.003159 -0.004076 9.166061 0.003185 0.999974 0.006418 -0.002742 0.004056 -0.006431 0.999971 -0.112977 
1561007363486824764 1561007364185514874 0.999961 0.001388 0.008739 9.019230 -0.001388 0.999999 0.000017 -0.048371 -0.008739 -0.000029 0.999962 -0.240874 
1561007364285682431 1561007365085881029 0.999962 0.002165 -0.008442 10.134463 -0.002139 0.999993 0.003030 -0.024397 0.008448 -0.003011 0.999960 -0.271916 
1561007365187130171 1561007365986549695 0.999988 -0.004039 -0.002792 10.070495 0.004045 0.999990 0.002063 -0.000425 0.002784 -0.002074 0.999994 -0.213652 
1561007366085404759 1561007366885866178 0.999999 -0.000532 0.000897 9.829430 0.000533 1.000000 -0.000621 -0.024666 -0.000897 0.000621 0.999999 -0.250110 
1561007366986880603 1561007367785815569 0.999996 0.001025 -0.002603 9.095332 -0.001014 0.999991 0.004191 -0.011235 0.002607 -0.004188 0.999988 -0.211738 
1561007367885535218 1561007368785801988 0.999996 0.001687 -0.002450 9.168046 -0.001701 0.999980 -0.006035 -0.038783 0.002440 0.006039 0.999979 -0.210370 
1561007368886855686 1561007369886260627 0.999998 -0.002115 0.000183 9.259306 0.002115 0.999996 -0.001901 -0.014437 -0.000179 0.001902 0.999998 -0.231267 
1561007369986363201 1561007371085553705 0.999992 0.001729 -0.003645 9.437439 -0.001734 0.999998 -0.001410 -0.050454 0.003643 0.001416 0.999992 -0.231719 
1561007371186957873 1561007372485749088 0.999999 0.000383 -0.001438 9.823835 -0.000384 1.000000 -0.000664 -0.017709 0.001438 0.000665 0.999999 -0.244431 
1561007372586626476 1561007374387615814 0.999998 -0.000728 -0.002060 10.094682 0.000728 1.000000 -0.000006 -0.023500 0.002060 0.000004 0.999998 -0.274370 
1561007374485781472 1561007380387907103 0.999981 0.002917 -0.005441 10.221167 -0.002910 0.999995 0.001324 -0.015355 0.005444 -0.001308 0.999984 -0.234171 
1561007398991423699 1561007408785247038 0.999933 -0.002603 -0.011266 9.536039 0.002662 0.999983 0.005199 0.004161 0.011252 -0.005228 0.999923 -0.121256 
1561007408888572711 1561007410590704161 1.000000 0.000675 0.000605 9.523471 -0.000677 0.999993 0.003705 -0.015678 -0.000602 -0.003706 0.999993 -0.173212 
1561007410690515973 1561007412090836030 0.999989 0.004343 0.002000 9.897820 -0.004335 0.999983 -0.003846 -0.017210 -0.002017 0.003838 0.999991 -0.189721 
1561007412190582497 1561007413391817129 0.999937 0.006788 -0.008992 9.853787 -0.006731 0.999957 0.006362 -0.040411 0.009035 -0.006301 0.999939 -0.117932 
1561007413491383143 1561007414592658812 0.999979 -0.005953 0.002611 9.446914 0.005960 0.999979 -0.002642 -0.010255 -0.002595 0.002658 0.999993 -0.203106 
1561007414693451663 1561007415791642981 0.999981 0.003015 -0.005353 9.474188 -0.003006 0.999994 0.001763 -0.046293 0.005358 -0.001747 0.999984 -0.124381 
1561007415892948995 1561007416992375235 0.999997 -0.001516 -0.001698 9.636877 0.001506 0.999984 -0.005411 -0.020864 0.001706 0.005409 0.999984 -0.196495 
1561007417091730103 1561007418193087054 0.999986 -0.003796 -0.003580 9.855693 0.003794 0.999993 -0.000379 -0.026515 0.003582 0.000365 0.999994 -0.182489 
1561007418291834094 1561007419291190278 0.999994 0.000239 -0.003437 9.143327 -0.000216 0.999976 0.006957 -0.013596 0.003439 -0.006956 0.999970 -0.154681 
1561007419392747745 1561007420392893204 0.999967 -0.002473 -0.007683 9.219057 0.002451 0.999993 -0.002798 -0.006402 0.007690 0.002779 0.999967 -0.125523 
1561007420491988994 1561007421492780668 0.999916 -0.007618 0.010459 9.136223 0.007547 0.999948 0.006866 0.015222 -0.010511 -0.006786 0.999922 -0.215856 
1561007421591568782 1561007422691531621 0.999913 -0.004503 -0.012359 9.811819 0.004578 0.999971 0.006043 0.004854 0.012332 -0.006099 0.999905 -0.126517 
1561007422792816228 1561007423793835412 0.999914 0.009087 0.009463 9.103151 -0.008992 0.999908 -0.010110 -0.087933 -0.009554 0.010024 0.999904 -0.208086 
1561007423894158855 1561007424894221518 0.999454 0.032649 -0.005059 9.494833 -0.032694 0.999423 -0.009217 -0.145736 0.004755 0.009377 0.999945 -0.168085 
1561007424993821599 1561007425993311080 0.999893 0.014575 -0.001592 9.976190 -0.014567 0.999881 0.005013 -0.061570 0.001664 -0.004989 0.999986 -0.161785 
1561007426094279781 1561007426993155419 0.999891 -0.014579 -0.002142 9.423040 0.014579 0.999894 0.000099 0.047463 0.002140 -0.000130 0.999998 -0.191118 
1561007427094115887 1561007427993631177 0.999408 -0.034355 0.001572 9.731161 0.034352 0.999408 0.001790 0.117622 -0.001632 -0.001735 0.999997 -0.181820 
1561007428093461431 1561007428993157175 0.999632 -0.026845 0.003913 9.582873 0.026827 0.999630 0.004490 0.067120 -0.004032 -0.004383 0.999982 -0.227531 
1561007429093836313 1561007429992827908 0.999512 -0.030976 -0.004088 9.289669 0.030973 0.999520 -0.000710 0.098568 0.004108 0.000583 0.999991 -0.189760 
1561007430093156831 1561007431093924280 0.999881 -0.014710 -0.004555 9.975913 0.014704 0.999891 -0.001252 0.014414 0.004572 0.001185 0.999989 -0.171143 
1561007431193468897 1561007432194200048 0.999998 -0.001849 0.000276 9.473226 0.001851 0.999962 -0.008535 -0.033762 -0.000260 0.008536 0.999964 -0.244866 
1561007432293235601 1561007433493941851 0.999988 0.001783 0.004617 9.755065 -0.001812 0.999979 0.006152 -0.026808 -0.004606 -0.006161 0.999970 -0.266920 
1561007433594120747 1561007435594279660 0.999961 -0.000302 -0.008858 10.155087 0.000372 0.999968 0.007939 -0.006257 0.008855 -0.007942 0.999929 -0.238565 
1561007449189829856 1561007458993214326 0.999957 0.003026 -0.008761 9.422662 -0.002997 0.999990 0.003333 -0.032424 0.008771 -0.003306 0.999956 -0.097606 
1561007459093520380 1561007460784852746 0.999623 -0.027337 0.002575 9.694371 0.027328 0.999620 0.003578 0.087275 -0.002672 -0.003507 0.999990 -0.165780 
1561007460885804124 1561007462185402240 0.999983 -0.005560 -0.001818 9.563062 0.005550 0.999967 -0.005849 -0.011111 0.001851 0.005839 0.999981 -0.128785 
1561007462284354221 1561007463386422468 0.999980 -0.005412 0.003212 9.331386 0.005412 0.999985 0.000034 -0.015326 -0.003212 -0.000016 0.999995 -0.157129 
1561007463487675934 1561007464489218073 0.999981 -0.002707 -0.005504 9.095050 0.002686 0.999989 -0.003938 -0.020072 0.005514 0.003923 0.999977 -0.168037 
1561007464587885555 1561007465587905015 0.999973 -0.004185 -0.005981 9.652225 0.004210 0.999983 0.004150 -0.006406 0.005964 -0.004176 0.999973 -0.142207 
1561007465689104857 1561007466589308829 0.999991 -0.003932 -0.001440 9.355536 0.003941 0.999973 0.006222 -0.014800 0.001415 -0.006227 0.999980 -0.158230 
1561007466689506554 1561007467587936027 0.999986 -0.005170 -0.000936 9.890458 0.005161 0.999937 -0.009942 -0.040650 0.000988 0.009937 0.999950 -0.230711 
1561007467689802088 1561007468489115094 0.999987 -0.003091 -0.003957 9.317758 0.003117 0.999974 0.006544 -0.009217 0.003937 -0.006556 0.999971 -0.164854 
1561007468589116367 1561007469388690327 0.999971 -0.004676 0.006025 9.735315 0.004668 0.999988 0.001198 -0.009039 -0.006031 -0.001170 0.999981 -0.248685 
1561007469489559625 1561007470287979775 0.999977 -0.003644 -0.005672 9.579013 0.003655 0.999992 0.001836 -0.034088 0.005665 -0.001857 0.999982 -0.199675 
1561007470389351106 1561007471189223198 0.999981 -0.004257 -0.004499 9.367321 0.004247 0.999988 -0.002352 -0.028933 0.004509 0.002333 0.999987 -0.196159 
1561007471287728980 1561007472088298303 0.999998 -0.001364 0.001423 9.133377 0.001365 0.999999 -0.000673 -0.047788 -0.001422 0.000675 0.999999 -0.169230 
1561007472189370510 1561007473088398781 0.999982 -0.005380 -0.002836 10.000086 0.005395 0.999971 0.005289 -0.031583 0.002808 -0.005304 0.999982 -0.205938 
1561007473189747550 1561007474091056046 0.999746 -0.022143 -0.004191 9.999216 0.022187 0.999698 0.010614 0.049333 0.003955 -0.010704 0.999935 -0.150848 
1561007474189840647 1561007474991017464 0.999930 -0.006745 -0.009676 9.180871 0.006676 0.999952 -0.007230 -0.040808 0.009724 0.007165 0.999927 -0.152008 
1561007475090058598 1561007475890832772 0.999990 -0.004444 0.000264 9.523798 0.004443 0.999985 0.003353 -0.024331 -0.000279 -0.003352 0.999994 -0.173105 
1561007475992281695 1561007476791373920 0.999997 -0.002292 -0.000097 9.798815 0.002291 0.999992 -0.003317 -0.043473 0.000104 0.003317 0.999994 -0.202770 
1561007476891124435 1561007477690898032 0.999968 -0.007243 -0.003369 10.046695 0.007270 0.999940 0.008178 0.008581 0.003309 -0.008203 0.999961 -0.227603 
