30 128 0.730173 -0.683127 0.013608 -9.867564 0.683194 0.729671 -0.028756 -2.373352 0.009715 0.030294 0.999494 0.049821 
128 160 0.692570 -0.721274 -0.010494 -9.682385 0.721126 0.692644 -0.014869 -2.310385 0.017993 0.002730 0.999834 -0.019624 
160 194 0.243491 -0.969794 -0.014575 -9.457744 0.969903 0.243462 0.003774 -3.844450 -0.000112 -0.015055 0.999887 0.019988 
194 215 0.963301 -0.268180 -0.011406 -10.003844 0.268152 0.963369 -0.003942 -0.298268 0.012045 0.000739 0.999927 0.024613 
215 233 0.999952 0.009784 0.000188 -9.752519 -0.009783 0.999940 -0.004978 0.203886 -0.000236 0.004976 0.999988 0.021796 
233 251 0.999446 0.032953 -0.004736 -9.616687 -0.032950 0.999457 0.000903 0.215945 0.004763 -0.000747 0.999988 0.012958 
251 277 0.998652 0.020302 0.047781 -9.638453 -0.018455 0.999078 -0.038776 -0.051687 -0.048524 0.037841 0.998105 0.298982 
277 319 0.476049 -0.878857 -0.031439 -9.261727 0.877784 0.477039 -0.043916 -4.229987 0.053593 -0.006691 0.998540 0.031350 
319 346 0.858019 -0.512779 -0.029333 -9.900262 0.513413 0.857889 0.020811 -0.528604 0.014493 -0.032916 0.999353 -0.041061 
429 527 0.595311 -0.803483 0.004511 -9.457980 0.803402 0.595147 -0.018588 -3.088221 0.012250 0.014690 0.999817 0.049289 
527 544 0.880186 -0.474627 -0.001350 -9.347446 0.474536 0.879954 0.022279 -0.691939 -0.009387 -0.020250 0.999751 0.101556 
544 557 0.996092 -0.088307 -0.001458 -9.260644 0.088303 0.996090 -0.002862 0.006031 0.001705 0.002722 0.999995 0.072573 
557 569 0.999992 -0.003466 0.002178 -9.732123 0.003456 0.999983 0.004761 0.181735 -0.002194 -0.004753 0.999986 0.046945 
569 580 0.999999 0.001489 -0.000470 -9.569408 -0.001490 0.999998 -0.001403 0.137350 0.000468 0.001403 0.999999 0.061808 
580 591 0.999948 -0.009375 -0.004002 -9.918073 0.009360 0.999948 -0.003963 0.077020 0.004039 0.003926 0.999984 0.028564 
591 602 0.999969 0.007850 0.001139 -9.703236 -0.007841 0.999943 -0.007290 0.194859 -0.001196 0.007281 0.999973 0.057588 
602 612 0.999856 -0.002880 -0.016709 -8.596387 0.002767 0.999973 -0.006757 0.068861 0.016728 0.006709 0.999838 -0.083555 
612 624 0.999964 -0.001987 -0.008253 -9.851259 0.002062 0.999956 0.009161 0.170817 0.008234 -0.009178 0.999924 0.003044 
624 637 0.999943 0.002289 0.010453 -10.460897 -0.002367 0.999969 0.007497 0.177082 -0.010435 -0.007521 0.999917 0.067704 
637 650 0.999986 -0.003750 0.003605 -9.709413 0.003744 0.999991 0.001874 0.129204 -0.003612 -0.001860 0.999992 0.046915 
650 664 0.999978 -0.004130 0.005155 -9.697290 0.004140 0.999989 -0.002051 0.136917 -0.005146 0.002072 0.999985 0.050231 
664 681 0.999989 0.003262 0.003475 -9.737626 -0.003269 0.999992 0.002172 0.171986 -0.003468 -0.002183 0.999992 0.031802 
704 802 0.977427 0.211233 -0.004211 -9.267198 -0.211204 0.977421 0.006392 1.271734 0.005467 -0.005359 0.999971 0.011043 
802 823 0.768136 0.640104 -0.015291 -9.025733 -0.640286 0.767946 -0.017106 2.080740 0.000793 0.022930 0.999737 0.064355 
823 843 0.859167 0.510857 0.029264 -9.863779 -0.511681 0.858147 0.042014 1.834057 -0.003650 -0.051071 0.998688 0.157328 
843 860 0.989003 0.143387 -0.036240 -9.539301 -0.143833 0.989552 -0.009996 0.251455 0.034429 0.015098 0.999293 -0.105092 
860 875 0.999975 -0.001410 -0.006870 -9.101522 0.001375 0.999986 -0.005168 0.100997 0.006877 0.005159 0.999963 -0.056311 
875 891 0.999948 -0.008605 0.005484 -9.545698 0.008668 0.999895 -0.011593 0.090224 -0.005384 0.011640 0.999918 0.059176 
891 909 0.999502 -0.011199 -0.029500 -9.954442 0.010901 0.999888 -0.010258 0.084749 0.029612 0.009931 0.999512 -0.207742 
909 930 0.999703 -0.008622 0.022812 -9.807357 0.008458 0.999938 0.007248 0.158585 -0.022873 -0.007053 0.999714 -0.050118 
930 962 0.999856 0.016530 -0.003948 -9.787046 -0.016477 0.999777 0.013194 0.225723 0.004166 -0.013127 0.999905 0.016883 
962 1025 0.999992 0.003683 0.001751 -9.828369 -0.003697 0.999962 0.007873 0.139390 -0.001722 -0.007879 0.999967 0.070860 
1025 1042 0.999935 -0.010531 -0.004409 -9.357358 0.010480 0.999880 -0.011414 0.067872 0.004529 0.011367 0.999925 -0.002356 
1042 1055 0.999968 -0.007714 0.002135 -9.025696 0.007689 0.999906 0.011335 0.139061 -0.002223 -0.011319 0.999933 0.052516 
1055 1068 0.999985 0.003373 -0.004236 -9.741922 -0.003392 0.999984 -0.004473 0.149090 0.004221 0.004487 0.999981 0.026215 
1068 1080 0.999992 0.002543 -0.002924 -9.039222 -0.002563 0.999975 -0.006641 0.111256 0.002907 0.006649 0.999974 -0.000280 
1080 1094 0.999994 0.001994 0.002852 -10.476298 -0.001985 0.999994 -0.003010 0.121162 -0.002858 0.003004 0.999991 0.054068 
1094 1107 0.999980 -0.005832 -0.002304 -9.282190 0.005849 0.999955 0.007415 0.138742 0.002261 -0.007428 0.999970 0.006464 
1107 1122 0.999997 0.002246 0.000988 -9.119822 -0.002247 0.999997 0.001028 0.132033 -0.000986 -0.001030 0.999999 0.054312 
1122 1150 0.999952 0.009272 -0.003258 -10.175581 -0.009226 0.999861 0.013902 0.259707 0.003386 -0.013872 0.999898 -0.004689 
1150 1215 0.996514 0.082286 0.013732 -9.442422 -0.082233 0.996603 -0.004432 0.405588 -0.014050 0.003288 0.999896 0.108568 
1215 1233 0.999593 -0.021436 -0.018805 -9.299731 0.021272 0.999734 -0.008877 0.011755 0.018990 0.008474 0.999784 -0.173835 
1233 1248 0.998822 -0.048517 -0.000060 -9.989590 0.048515 0.998765 0.010730 -0.013676 -0.000460 -0.010721 0.999942 0.085089 
1248 1260 0.999758 -0.021440 -0.005007 -9.226298 0.021476 0.999742 0.007350 0.122037 0.004848 -0.007456 0.999960 0.003752 
1260 1271 0.999998 -0.001855 -0.000983 -9.231979 0.001856 0.999998 0.000517 0.127490 0.000982 -0.000519 0.999999 0.007971 
1271 1282 0.999990 -0.004295 -0.001084 -9.678381 0.004296 0.999991 0.000507 0.124309 0.001082 -0.000512 0.999999 -0.010220 
1282 1292 0.999981 -0.004208 0.004448 -8.825583 0.004199 0.999989 0.002099 0.126153 -0.004457 -0.002081 0.999988 0.053718 
1292 1303 0.999990 -0.002104 0.003940 -9.692330 0.002103 0.999998 0.000277 0.144532 -0.003941 -0.000268 0.999992 0.047903 
1303 1314 0.999975 0.006144 -0.003404 -9.401438 -0.006129 0.999971 0.004508 0.172894 0.003432 -0.004487 0.999984 -0.016165 
1314 1326 0.999973 0.007273 0.000396 -9.354835 -0.007267 0.999901 -0.012046 0.137816 -0.000483 0.012043 0.999927 0.007682 
1326 1342 0.999983 -0.003483 -0.004642 -9.906428 0.003469 0.999990 -0.002945 0.112382 0.004652 0.002929 0.999985 -0.033451 
1342 1390 0.999983 -0.001116 0.005798 -9.935097 0.001075 0.999975 0.007037 0.175804 -0.005806 -0.007031 0.999958 0.021867 
1390 1413 0.999998 -0.001075 0.001778 -9.492315 0.001072 0.999998 0.001572 0.146990 -0.001779 -0.001570 0.999997 0.045220 
1413 1428 0.999954 -0.004725 -0.008339 -9.556453 0.004690 0.999980 -0.004173 0.126676 0.008358 0.004134 0.999957 0.022344 
1428 1441 0.999994 -0.002863 0.001813 -9.233134 0.002873 0.999982 -0.005325 0.122318 -0.001797 0.005330 0.999984 0.058589 
1441 1454 0.999950 0.005043 -0.008627 -9.350523 -0.005054 0.999986 -0.001207 0.165463 0.008621 0.001251 0.999962 0.020167 
1454 1469 0.999979 0.005941 0.002739 -10.209459 -0.005943 0.999982 0.000593 0.188157 -0.002735 -0.000609 0.999996 0.037427 
1469 1489 0.999705 -0.024298 0.000285 -9.683887 0.024297 0.999699 0.003259 0.020832 -0.000364 -0.003251 0.999995 -0.003475 
1489 1546 0.932658 -0.359939 0.024352 -10.011787 0.360234 0.932819 -0.008957 -1.772729 -0.019492 0.017126 0.999663 0.161231 
1546 1571 0.575367 -0.817885 0.004070 -9.564502 0.817878 0.575315 -0.009344 -2.611518 0.005301 0.008705 0.999948 0.040267 
1571 1588 0.978822 -0.204643 -0.005334 -9.439203 0.204572 0.978783 -0.011534 -0.235392 0.007581 0.010199 0.999919 0.088087 
1588 1604 0.999568 -0.028429 0.007460 -9.760273 0.028270 0.999387 0.020636 0.181960 -0.008042 -0.020416 0.999759 0.096893 
1604 1620 0.999810 0.019214 0.003185 -9.452348 -0.019225 0.999809 0.003529 0.202312 -0.003116 -0.003589 0.999989 0.059717 
1620 1640 0.996842 -0.079396 -0.001415 -10.122607 0.079389 0.996833 -0.004686 -0.353361 0.001782 0.004559 0.999988 0.049103 
1640 1675 0.999501 0.031536 -0.001602 -9.917991 -0.031494 0.999276 0.021326 0.801507 0.002273 -0.021265 0.999771 0.001028 
2320 2418 0.897158 -0.441451 0.015104 -9.500252 0.441704 0.896471 -0.035178 -1.920599 0.001989 0.038231 0.999267 0.052061 
2418 2441 0.629682 -0.776845 -0.003466 -9.544396 0.776826 0.629691 -0.005516 -2.676541 0.006468 0.000781 0.999979 0.082212 
2441 2456 0.966134 -0.258000 -0.004668 -8.783231 0.258041 0.965899 0.021329 -0.164096 -0.000994 -0.021811 0.999762 0.067672 
2456 2469 0.999644 0.026462 -0.003271 -9.251350 -0.026452 0.999645 0.003071 0.281262 0.003351 -0.002983 0.999990 0.053388 
2469 2482 0.999610 0.027920 -0.000073 -10.390445 -0.027920 0.999602 -0.003997 0.212547 -0.000039 0.003997 0.999992 0.049910 
2482 2494 0.999994 0.001850 0.002833 -9.981207 -0.001860 0.999993 0.003339 0.163880 -0.002827 -0.003345 0.999990 0.071038 
2494 2504 0.999992 0.003831 -0.001230 -8.369507 -0.003838 0.999976 -0.005752 0.126185 0.001208 0.005757 0.999983 0.022320 
2504 2515 0.999992 -0.002539 0.003219 -9.221897 0.002523 0.999984 0.005047 0.143060 -0.003232 -0.005038 0.999982 0.083372 
2515 2526 0.999967 -0.006182 0.005194 -9.143339 0.006211 0.999964 -0.005699 0.096547 -0.005159 0.005731 0.999970 0.111062 
2526 2537 0.999994 -0.003305 -0.001120 -9.225358 0.003306 0.999994 0.000885 0.122047 0.001117 -0.000889 0.999999 0.046626 
2537 2549 0.999999 0.000635 -0.001180 -9.872696 -0.000632 0.999995 0.003211 0.158444 0.001182 -0.003210 0.999994 0.035143 
2549 2561 0.999998 0.001791 -0.000096 -9.433379 -0.001791 0.999998 0.001010 0.157275 0.000098 -0.001010 0.999999 0.034579 
2561 2574 0.999980 0.006170 0.001232 -9.713686 -0.006170 0.999981 -0.000029 0.168819 -0.001232 0.000021 0.999999 0.041587 
2574 2589 0.999984 0.004405 -0.003519 -10.093005 -0.004409 0.999990 -0.001115 0.167319 0.003514 0.001130 0.999993 0.005072 
2589 2606 0.999991 -0.002524 -0.003464 -9.509963 0.002520 0.999996 -0.001094 0.151004 0.003467 0.001085 0.999993 -0.028500 
2606 2624 0.999981 -0.004786 0.003781 -9.798473 0.004769 0.999978 0.004605 0.164264 -0.003803 -0.004587 0.999982 0.031682 
2624 2639 0.999996 0.001664 -0.002375 -9.279656 -0.001674 0.999991 -0.003953 0.158296 0.002369 0.003957 0.999989 0.031117 
2639 2653 0.999975 0.005058 0.005002 -9.845929 -0.005024 0.999965 -0.006742 0.159626 -0.005036 0.006717 0.999965 0.083352 
2653 2665 0.999879 -0.002076 -0.015435 -9.192544 0.002026 0.999993 -0.003243 0.100694 0.015441 0.003211 0.999876 -0.051562 
2665 2677 0.999982 -0.001085 0.005822 -9.756607 0.001007 0.999911 0.013294 0.189935 -0.005836 -0.013288 0.999895 0.078877 
2677 2688 0.999990 -0.001129 0.004421 -9.492733 0.001132 0.999999 -0.000659 0.143014 -0.004420 0.000664 0.999990 0.065210 
2688 2699 0.999970 -0.001501 -0.007606 -9.908787 0.001515 0.999997 0.001750 0.177153 0.007603 -0.001762 0.999970 -0.015222 
2699 2708 0.999993 0.000239 0.003801 -8.375557 -0.000239 1.000000 -0.000069 0.133755 -0.003801 0.000068 0.999993 0.047285 
2708 2718 0.999994 -0.003144 -0.001416 -9.561737 0.003139 0.999988 -0.003760 0.154592 0.001428 0.003756 0.999992 0.034986 
2718 2727 0.999994 0.003469 0.000583 -8.786305 -0.003470 0.999993 0.001548 0.172202 -0.000578 -0.001550 0.999999 0.014205 
2727 2737 0.999986 0.004479 -0.002907 -10.020790 -0.004485 0.999988 -0.001915 0.178563 0.002899 0.001928 0.999994 0.022574 
2737 2747 0.999983 -0.005271 0.002536 -10.216809 0.005274 0.999985 -0.001151 0.134614 -0.002530 0.001164 0.999996 0.057626 
2747 2756 0.999997 -0.002540 0.000528 -9.065245 0.002543 0.999984 -0.005136 0.131898 -0.000514 0.005138 0.999987 0.015846 
2756 2766 0.999999 0.000691 0.001150 -9.913674 -0.000692 0.999999 0.000972 0.188172 -0.001149 -0.000973 0.999999 0.026071 
2766 2776 0.999967 0.001096 0.008058 -9.524305 -0.001100 0.999999 0.000461 0.166103 -0.008057 -0.000470 0.999967 0.096148 
2776 2786 0.999993 -0.000892 -0.003747 -9.094794 0.000911 0.999986 0.005155 0.151864 0.003742 -0.005158 0.999980 0.010157 
2786 2799 0.999997 0.002499 -0.000801 -10.621249 -0.002505 0.999969 -0.007516 0.181405 0.000782 0.007518 0.999971 0.026444 
2799 2813 0.999995 0.001211 -0.003086 -9.731171 -0.001207 0.999998 0.001351 0.186405 0.003088 -0.001347 0.999994 0.006154 
2813 2829 0.999995 -0.001284 0.002875 -9.750413 0.001280 0.999999 0.001132 0.151168 -0.002877 -0.001129 0.999995 0.048584 
2829 2845 0.999962 0.002122 -0.008482 -9.164532 -0.002185 0.999970 -0.007446 0.141059 0.008466 0.007464 0.999936 -0.008282 
2845 2861 0.999978 -0.001483 0.006523 -9.843916 0.001463 0.999994 0.003050 0.158607 -0.006527 -0.003040 0.999974 0.122843 
2861 2876 0.999700 -0.004062 -0.024174 -10.452556 0.003683 0.999870 -0.015667 0.092826 0.024235 0.015574 0.999585 -0.133757 
2876 2888 0.999941 -0.009050 0.005976 -9.295373 0.008972 0.999875 0.013012 0.131567 -0.006093 -0.012957 0.999897 0.073115 
2888 2899 0.999923 0.001666 -0.012332 -9.332934 -0.001645 0.999997 0.001724 0.183692 0.012334 -0.001703 0.999922 -0.046160 
2899 2909 0.999946 0.007822 -0.006784 -9.102090 -0.007817 0.999969 0.000815 0.182174 0.006790 -0.000762 0.999977 -0.007037 
2909 2919 0.999960 0.007244 -0.005171 -9.493806 -0.007241 0.999974 0.000680 0.186552 0.005176 -0.000643 0.999986 0.020730 
2919 2929 0.999965 0.004425 -0.007031 -9.810929 -0.004435 0.999989 -0.001393 0.163403 0.007025 0.001424 0.999974 -0.025252 
2929 2938 0.999995 -0.001237 0.002773 -8.924339 0.001232 0.999998 0.001795 0.142200 -0.002775 -0.001792 0.999995 0.035834 
2938 2948 0.999989 -0.004707 -0.000078 -9.781028 0.004707 0.999987 -0.001907 0.127294 0.000087 0.001906 0.999998 0.015892 
2948 2958 0.999986 0.002605 0.004535 -9.385452 -0.002606 0.999997 0.000309 0.159451 -0.004534 -0.000321 0.999990 0.059467 
2958 2970 0.999967 0.005357 -0.006136 -9.928062 -0.005365 0.999985 -0.001370 0.171878 0.006128 0.001403 0.999980 -0.034766 
2970 2985 0.994532 -0.103953 0.010043 -9.567047 0.104079 0.994484 -0.013023 -0.408385 -0.008634 0.013997 0.999865 0.045033 
2985 3011 0.542610 -0.839894 -0.012337 -9.370858 0.839925 0.542688 -0.003969 -3.741569 0.010029 -0.008209 0.999916 0.033434 
3011 3032 0.911793 -0.410595 -0.006785 -8.934434 0.410569 0.911156 0.035043 -0.054640 -0.008207 -0.034737 0.999363 0.005414 
3032 3049 0.996907 -0.078450 -0.004734 -9.491469 0.078440 0.996916 -0.002308 -0.166755 0.004900 0.001929 0.999986 0.020840 
3049 3066 0.993526 -0.113047 -0.011283 -9.766576 0.113097 0.993576 0.003950 -0.116471 0.010764 -0.005200 0.999929 -0.043012 
3066 3085 0.999527 0.030738 0.000574 -9.860095 -0.030738 0.999527 -0.001248 0.348228 -0.000612 0.001230 0.999999 0.013454 
3085 3110 0.995706 0.092407 -0.005556 -10.379241 -0.092390 0.995718 0.003204 0.449536 0.005828 -0.002677 0.999979 -0.001277 
3162 3260 0.999536 -0.030383 0.002244 -9.628712 0.030374 0.999530 0.004239 0.127553 -0.002371 -0.004168 0.999989 0.045101 
3260 3273 0.999995 0.001744 0.002591 -9.211546 -0.001732 0.999989 -0.004415 0.134061 -0.002598 0.004411 0.999987 0.082453 
3273 3284 0.999999 -0.001516 -0.000275 -9.668234 0.001516 0.999997 -0.002001 0.145292 0.000278 0.002001 0.999998 0.052705 
3284 3294 0.999960 0.008807 -0.001462 -9.953439 -0.008809 0.999960 -0.001378 0.204525 0.001450 0.001391 0.999998 0.065329 
3294 3302 0.999970 0.007249 -0.002880 -8.650690 -0.007259 0.999967 -0.003591 0.153706 0.002854 0.003612 0.999989 0.027460 
3302 3311 0.999976 -0.006933 -0.000886 -10.209969 0.006928 0.999963 -0.005167 0.103192 0.000922 0.005161 0.999986 0.032662 
3311 3319 0.999989 -0.002944 0.003743 -9.427183 0.002971 0.999970 -0.007174 0.139531 -0.003722 0.007185 0.999967 0.045725 
3319 3326 0.999824 0.002143 0.018626 -8.477506 -0.002038 0.999982 -0.005647 0.136175 -0.018638 0.005608 0.999811 0.114622 
3326 3334 0.999995 0.000700 0.003131 -9.896446 -0.000685 0.999989 -0.004600 0.161123 -0.003135 0.004598 0.999985 0.057926 
3334 3341 0.999180 -0.004452 0.040233 -8.560604 0.004157 0.999964 0.007419 0.121910 -0.040265 -0.007246 0.999163 0.163951 
3341 3348 0.999812 -0.005060 0.018720 -8.630085 0.004962 0.999974 0.005298 0.121193 -0.018746 -0.005204 0.999811 0.193166 
3348 3355 0.999980 -0.006383 0.000147 -8.554260 0.006383 0.999978 -0.001627 0.117940 -0.000137 0.001628 0.999999 0.020918 
3355 3364 0.999899 0.010899 0.009121 -10.525785 -0.010895 0.999941 -0.000507 0.249116 -0.009126 0.000408 0.999958 0.040833 
3364 3372 0.999976 0.006732 -0.001725 -8.947337 -0.006741 0.999963 -0.005265 0.151264 0.001689 0.005276 0.999985 0.046768 
3372 3382 0.999944 -0.004760 -0.009428 -10.274247 0.004782 0.999986 0.002314 0.147600 0.009416 -0.002359 0.999953 -0.014137 
3382 3394 0.998714 -0.050579 0.003490 -9.824190 0.050619 0.998642 -0.012358 -0.187863 -0.002860 0.012519 0.999918 0.081512 
3394 3413 0.832254 -0.554389 -0.002529 -9.576944 0.553305 0.830896 -0.058868 -2.609721 0.034737 0.047594 0.998263 -0.109813 
3413 3437 0.670600 -0.741812 0.003365 -9.609544 0.741808 0.670559 -0.008431 -1.685705 0.003998 0.008150 0.999959 0.064257 
3437 3454 0.993710 -0.111563 -0.009660 -9.396911 0.111688 0.993652 0.013485 -0.026581 0.008094 -0.014479 0.999862 0.017583 
3454 3469 0.999784 -0.019564 0.007083 -10.161932 0.019540 0.999803 0.003443 0.128346 -0.007148 -0.003304 0.999969 0.098113 
3469 3482 0.999898 -0.013821 0.003633 -9.128933 0.013843 0.999886 -0.006031 0.079015 -0.003550 0.006080 0.999975 0.071643 
3482 3496 0.999974 0.001095 0.007155 -9.539025 -0.001053 0.999982 -0.005862 0.140767 -0.007162 0.005855 0.999957 0.083595 
3496 3511 0.999184 0.040378 0.000408 -9.704756 -0.040378 0.999184 0.000171 0.299063 -0.000400 -0.000188 1.000000 0.069372 
3511 3528 0.999860 0.001883 -0.016617 -10.080214 -0.002255 0.999746 -0.022431 0.006886 0.016571 0.022465 0.999610 -0.017166 
3528 3548 0.930179 -0.366233 -0.025296 -9.631344 0.365996 0.930517 -0.013593 -1.579686 0.028517 0.003385 0.999588 -0.117247 
3548 3575 0.653414 -0.756850 -0.015107 -9.701448 0.756962 0.653452 0.002926 -2.335514 0.007657 -0.013347 0.999882 -0.144280 
3575 3595 0.937689 -0.347298 0.011111 -9.314063 0.347014 0.937612 0.021566 -0.339749 -0.017908 -0.016366 0.999706 0.122814 
3595 3613 0.999893 -0.013145 -0.006484 -9.584821 0.013085 0.999872 -0.009172 0.165355 0.006604 0.009086 0.999937 0.027827 
3613 3634 0.999527 0.029916 0.007147 -9.819664 -0.029853 0.999516 -0.008783 0.257274 -0.007407 0.008565 0.999936 0.061892 
