0 11 0.999997 0.000545 -0.002428 -9.994417 -0.000538 0.999996 0.002733 -0.021426 0.002430 -0.002732 0.999993 -0.015797 
12 24 0.999998 -0.001772 0.001046 -9.999702 0.001759 0.999927 0.011957 -0.003921 -0.001068 -0.011955 0.999928 -0.008121 
25 40 0.999948 -0.009028 -0.004830 -9.652622 0.009041 0.999956 0.002503 -0.047493 0.004807 -0.002546 0.999985 -0.044326 
41 101 0.999852 -0.008506 0.014936 -10.004725 0.008845 0.999703 -0.022719 -0.099980 -0.014738 0.022848 0.999630 0.054438 
102 132 0.850312 0.526279 0.000872 -9.275117 -0.526271 0.850306 -0.004329 2.951233 -0.003019 0.003222 0.999990 0.049384 
133 155 0.673764 0.737274 0.049700 -9.175753 -0.738274 0.674495 0.002704 2.891946 -0.031529 -0.038514 0.998761 0.447956 
156 175 0.987302 0.158683 -0.007362 -9.962023 -0.158487 0.987110 0.022260 0.318012 0.010800 -0.020810 0.999725 0.209006 
176 190 0.999758 0.006081 -0.021129 -9.358063 -0.005928 0.999956 0.007303 0.036856 0.021172 -0.007176 0.999750 0.041186 
191 203 0.999973 -0.004878 0.005511 -9.274322 0.004929 0.999946 -0.009197 -0.052855 -0.005466 0.009224 0.999943 0.086443 
204 216 0.999962 -0.008101 0.003280 -9.884319 0.008127 0.999935 -0.008018 -0.054390 -0.003215 0.008044 0.999962 0.039190 
217 229 0.999982 0.002120 -0.005561 -9.925879 -0.002135 0.999994 -0.002728 -0.011106 0.005555 0.002740 0.999981 -0.037358 
230 242 0.999965 0.005227 -0.006462 -9.714162 -0.005201 0.999978 0.004064 -0.000050 0.006483 -0.004030 0.999971 -0.043663 
243 255 0.999992 -0.000230 0.003903 -9.520232 0.000257 0.999976 -0.006915 -0.020095 -0.003902 0.006916 0.999968 0.006143 
256 268 0.999997 0.002215 -0.001219 -9.548486 -0.002223 0.999972 -0.007142 -0.031045 0.001204 0.007145 0.999974 0.004416 
269 281 0.999972 -0.003685 0.006575 -9.655559 0.003714 0.999983 -0.004493 -0.070202 -0.006558 0.004518 0.999968 0.062333 
282 294 0.999889 -0.012828 -0.007643 -9.835644 0.012814 0.999916 -0.001752 -0.074199 0.007665 0.001654 0.999969 -0.002352 
295 307 0.999920 0.000761 0.012602 -9.875085 -0.000789 0.999997 0.002167 -0.011937 -0.012601 -0.002177 0.999918 0.154387 
308 320 0.999961 0.001283 -0.008754 -9.689435 -0.001320 0.999990 -0.004190 -0.038289 0.008749 0.004202 0.999953 0.003899 
321 334 0.999981 -0.003611 -0.005017 -9.587260 0.003615 0.999993 0.000643 -0.021851 0.005015 -0.000661 0.999987 -0.057253 
335 352 0.997833 -0.065804 -0.000423 -9.583289 0.065798 0.997609 0.021122 -0.365718 -0.000968 -0.021104 0.999777 -0.010886 
353 386 0.928271 -0.371646 -0.013881 -9.695438 0.371893 0.927899 0.026444 -1.848037 0.003053 -0.029709 0.999554 0.030166 
387 427 0.782841 -0.620139 0.050860 -9.464668 0.620631 0.784068 0.007383 -3.011901 -0.044456 0.025786 0.998678 0.079532 
428 448 0.931374 -0.363906 -0.010706 -9.595765 0.363727 0.931375 -0.015619 -0.770495 0.015655 0.010653 0.999821 0.039814 
449 464 0.999926 -0.011932 -0.002246 -9.375308 0.011887 0.999748 -0.019041 -0.089661 0.002473 0.019012 0.999816 0.042732 
465 478 0.999915 -0.012043 -0.005086 -9.289570 0.012099 0.999864 0.011203 -0.035210 0.004951 -0.011264 0.999924 -0.032825 
479 493 0.999927 0.003358 0.011569 -9.641461 -0.003476 0.999942 0.010217 0.021553 -0.011534 -0.010257 0.999881 -0.001690 
494 510 0.999426 -0.033836 -0.001913 -9.555539 0.033834 0.999427 -0.000858 -0.261593 0.001941 0.000793 0.999998 -0.016599 
511 533 0.951250 -0.308156 -0.012811 -9.733442 0.308396 0.950892 0.026397 -1.367279 0.004047 -0.029061 0.999569 -0.047651 
534 567 0.850379 -0.522186 0.064629 -9.415939 0.525169 0.849909 -0.043045 -2.660993 -0.032451 0.070546 0.996981 0.199701 
568 587 0.832853 -0.553119 -0.020386 -9.698122 0.553214 0.833038 -0.001128 -1.803221 0.017607 -0.010338 0.999792 0.040032 
588 602 0.999939 -0.010122 -0.004430 -9.703257 0.010148 0.999932 0.005799 0.045615 0.004371 -0.005844 0.999973 0.079769 
603 615 0.999930 0.005405 -0.010531 -9.726308 -0.005472 0.999965 -0.006401 -0.001168 0.010496 0.006458 0.999924 0.057345 
616 627 0.999980 -0.000721 -0.006237 -9.817636 0.000799 0.999920 0.012630 0.004871 0.006228 -0.012635 0.999901 0.040874 
628 638 0.999996 -0.001445 -0.002496 -9.400100 0.001444 0.999999 -0.000538 -0.014096 0.002497 0.000535 0.999997 0.018986 
639 649 0.999999 -0.000846 0.001176 -9.558543 0.000855 0.999965 -0.008377 -0.027891 -0.001169 0.008378 0.999964 0.034019 
650 660 0.999978 0.006605 0.001090 -9.524466 -0.006614 0.999941 0.008636 0.033242 -0.001033 -0.008643 0.999962 0.054434 
661 671 0.999954 0.007961 -0.005317 -9.376199 -0.007964 0.999968 -0.000504 0.038941 0.005312 0.000547 0.999986 0.026124 
672 682 0.999906 0.013593 -0.001926 -9.180958 -0.013595 0.999907 -0.001269 0.051106 0.001909 0.001295 0.999997 0.000373 
683 694 0.999817 0.019041 0.001947 -9.709734 -0.019045 0.999817 0.001831 0.074728 -0.001912 -0.001867 0.999996 0.023138 
695 706 0.999892 0.014463 -0.002668 -9.266412 -0.014476 0.999883 -0.004918 0.031798 0.002596 0.004956 0.999984 -0.009216 
707 720 0.999949 -0.009526 -0.003436 -9.908158 0.009519 0.999952 -0.002128 -0.084501 0.003456 0.002096 0.999992 -0.007309 
721 736 0.999510 -0.031067 -0.003853 -9.492285 0.031078 0.999512 0.003074 -0.140207 0.003755 -0.003192 0.999988 -0.031069 
737 760 0.995204 -0.097807 -0.001921 -9.775056 0.097825 0.995051 0.017406 -0.389203 0.000209 -0.017511 0.999847 -0.005596 
794 892 0.890997 -0.450884 0.053179 -9.516516 0.452629 0.891301 -0.026654 -2.643431 -0.035380 0.047819 0.998229 0.363439 
893 916 0.685111 -0.728187 -0.019154 -9.252734 0.727401 0.685301 -0.035351 -2.860945 0.038868 0.010287 0.999191 -0.068844 
917 933 0.993699 -0.112042 -0.002987 -9.794245 0.112069 0.993639 0.011076 -0.138089 0.001727 -0.011341 0.999934 0.058845 
934 948 0.999977 0.006750 0.000514 -10.005577 -0.006753 0.999952 0.007110 0.030721 -0.000466 -0.007113 0.999975 0.081987 
949 963 0.999965 0.001541 -0.008255 -9.836393 -0.001444 0.999930 0.011709 0.013032 0.008272 -0.011696 0.999897 0.000314 
964 980 0.999995 0.000635 -0.003226 -9.704086 -0.000661 0.999967 -0.008078 0.002550 0.003220 0.008080 0.999962 -0.014225 
981 1003 0.998749 -0.049955 -0.002283 -9.883589 0.049936 0.998722 -0.007755 -0.386217 0.002667 0.007631 0.999967 -0.030959 
1004 1068 0.943964 -0.330016 0.004691 -9.741451 0.330018 0.943975 0.000553 -1.784836 -0.004611 0.001026 0.999989 0.046681 
1069 1092 0.706638 -0.707092 0.026133 -9.224721 0.707507 0.705576 -0.039968 -3.207958 0.009822 0.046732 0.998859 -0.065670 
1093 1110 0.952300 -0.305125 -0.004762 -9.477442 0.305129 0.951846 0.029759 -0.655652 -0.004547 -0.029792 0.999546 0.063650 
1111 1125 0.999993 -0.003144 0.002139 -9.638657 0.003135 0.999987 0.003967 -0.001045 -0.002151 -0.003960 0.999990 0.111843 
1126 1138 0.999832 -0.006196 -0.017269 -9.487991 0.006038 0.999939 -0.009207 -0.075313 0.017325 0.009101 0.999808 0.009012 
1139 1151 0.999918 -0.010095 -0.007841 -9.997018 0.009977 0.999838 -0.014957 -0.115126 0.007991 0.014877 0.999857 0.016450 
1152 1164 0.999987 -0.005020 -0.000531 -9.965925 0.005023 0.999966 0.006479 -0.015175 0.000499 -0.006482 0.999979 -0.002259 
1165 1177 0.999902 0.002528 0.013787 -9.721616 -0.002560 0.999994 0.002270 -0.024988 -0.013781 -0.002305 0.999902 0.167482 
1178 1190 0.999972 0.001245 -0.007350 -9.633694 -0.001273 0.999992 -0.003745 -0.017265 0.007345 0.003755 0.999966 -0.004771 
1191 1203 0.999930 0.008232 0.008457 -9.881235 -0.008189 0.999953 -0.005111 0.005133 -0.008498 0.005042 0.999951 0.047313 
1204 1215 0.999958 0.000647 -0.009093 -9.433802 -0.000650 1.000000 -0.000325 -0.033090 0.009093 0.000331 0.999959 -0.044445 
1216 1227 0.999869 -0.013882 0.008330 -9.720529 0.013897 0.999902 -0.001686 -0.092636 -0.008305 0.001802 0.999964 0.048602 
1228 1239 0.999949 0.001415 -0.010020 -9.746453 -0.001356 0.999982 0.005918 0.007004 0.010028 -0.005904 0.999932 -0.058881 
1240 1251 0.999960 0.008174 -0.003542 -9.412465 -0.008186 0.999961 -0.003454 0.003709 0.003513 0.003483 0.999988 -0.045745 
1252 1265 0.999941 -0.007291 0.008013 -9.508596 0.007259 0.999966 0.003998 -0.056894 -0.008042 -0.003940 0.999960 -0.030615 
1266 1286 0.998956 -0.044742 -0.009171 -9.960978 0.044891 0.998852 0.016739 -0.149600 0.008412 -0.017134 0.999818 -0.071311 
1287 1347 0.998115 -0.010944 0.060383 -9.801755 0.010937 0.999940 0.000448 1.001642 -0.060384 0.000213 0.998175 0.552196 
1348 1382 0.158032 0.987433 -0.001584 -8.787284 -0.986370 0.157936 0.046154 4.824398 0.045824 -0.005731 0.998933 -0.093688 
1383 1400 0.984975 0.172548 0.007147 -9.546088 -0.172613 0.984942 0.009684 0.403586 -0.005368 -0.010772 0.999928 0.099925 
1401 1415 0.999895 0.007590 -0.012310 -9.941030 -0.007569 0.999970 0.001771 -0.023886 0.012323 -0.001677 0.999923 0.006689 
1416 1428 0.999934 -0.011437 -0.000644 -9.736934 0.011437 0.999935 -0.000280 -0.062083 0.000648 0.000273 1.000000 0.059323 
1429 1440 0.999990 0.002623 -0.003703 -9.466173 -0.002644 0.999981 -0.005579 -0.006375 0.003689 0.005589 0.999978 0.021312 
1441 1452 0.999930 0.009811 0.006674 -9.807454 -0.009789 0.999947 -0.003291 0.022453 -0.006706 0.003225 0.999972 0.104909 
1453 1463 0.999979 -0.006531 0.000065 -9.218173 0.006530 0.999964 0.005412 -0.050684 -0.000100 -0.005411 0.999985 0.070140 
1464 1474 0.999989 -0.001641 0.004450 -9.357202 0.001639 0.999999 0.000481 0.000298 -0.004451 -0.000474 0.999990 0.063445 
1475 1485 0.999962 0.007772 -0.003861 -9.455877 -0.007761 0.999966 0.002869 0.011275 0.003883 -0.002839 0.999988 0.023556 
1486 1496 0.999993 0.001090 -0.003652 -9.287941 -0.001081 0.999996 0.002581 -0.012783 0.003655 -0.002578 0.999990 -0.009235 
1497 1507 0.999930 0.011279 -0.003493 -9.324719 -0.011289 0.999933 -0.002713 0.032825 0.003462 0.002752 0.999990 -0.047661 
1508 1520 0.999865 -0.006488 0.015064 -9.570767 0.006617 0.999942 -0.008543 -0.107852 -0.015007 0.008641 0.999850 0.116297 
1521 1534 0.999674 -0.024346 -0.007744 -9.999605 0.024390 0.999687 0.005585 -0.078267 0.007605 -0.005772 0.999954 -0.021258 
1535 1548 0.999964 0.008409 -0.000678 -9.521633 -0.008408 0.999963 0.001866 0.046817 0.000694 -0.001860 0.999998 -0.031983 
1549 1563 0.982284 0.187393 -0.001302 -9.348728 -0.187373 0.982245 0.009309 1.021435 0.003023 -0.008900 0.999956 -0.052329 
1564 1580 0.845926 0.533176 0.011559 -9.378086 -0.533284 0.845529 0.026240 2.383197 0.004217 -0.028361 0.999589 -0.030440 
1581 1597 0.835765 0.548714 -0.020216 -9.525543 -0.548963 0.835791 -0.009598 1.994948 0.011630 0.019120 0.999750 -0.053960 
1598 1612 0.995568 0.093738 0.007582 -9.815261 -0.093772 0.995585 0.004237 0.028231 -0.007152 -0.004929 0.999962 0.118737 
1613 1625 0.998010 -0.062625 -0.007295 -9.310150 0.062531 0.997965 -0.012497 -0.303625 0.008063 0.012016 0.999895 0.077136 
1626 1638 0.998633 -0.051514 -0.008880 -9.326375 0.051662 0.998515 0.017310 -0.152792 0.007975 -0.017745 0.999811 -0.009056 
1639 1652 0.999974 -0.006226 0.003691 -9.529660 0.006263 0.999930 -0.010004 -0.028821 -0.003628 0.010027 0.999943 0.048887 
1653 1666 0.999997 0.000424 0.002352 -9.386331 -0.000410 0.999984 -0.005672 -0.011079 -0.002355 0.005671 0.999981 0.056162 
1667 1679 0.999986 0.000706 0.005251 -9.410496 -0.000706 1.000000 0.000043 -0.006302 -0.005251 -0.000046 0.999986 0.075669 
1680 1691 0.999986 0.001320 -0.005061 -9.463557 -0.001305 0.999995 0.002877 -0.006713 0.005065 -0.002870 0.999983 0.005860 
1692 1702 0.999993 0.003517 0.001376 -9.160971 -0.003501 0.999924 -0.011803 -0.022695 -0.001417 0.011798 0.999929 0.040427 
1703 1713 0.999945 0.010505 -0.000173 -9.442012 -0.010503 0.999922 0.006828 0.040834 0.000245 -0.006826 0.999977 0.023637 
1714 1724 0.999392 0.033499 0.009711 -9.458055 -0.033482 0.999437 -0.001920 0.150415 -0.009769 0.001593 0.999951 0.054323 
1725 1735 0.998036 0.057795 -0.024158 -9.156166 -0.057592 0.998300 0.009010 0.190598 0.024638 -0.007601 0.999668 -0.133729 
1736 1747 0.999456 0.032421 0.006017 -9.277517 -0.032323 0.999352 -0.015848 0.086548 -0.006527 0.015645 0.999856 -0.020009 
1748 1762 0.998973 0.045221 0.002927 -9.949911 -0.045193 0.998939 -0.008879 0.170747 -0.003326 0.008738 0.999956 0.027327 
1763 1785 0.999726 0.022282 -0.007124 -10.019704 -0.022203 0.999693 0.010987 0.055735 0.007367 -0.010826 0.999914 -0.090259 
1810 1908 0.992783 -0.070826 0.096776 -9.878934 0.071851 0.997390 -0.007148 0.690032 -0.096017 0.014050 0.995281 1.004036 
1909 1939 0.357273 0.933344 -0.035004 -9.049643 -0.931090 0.358866 0.065479 3.895591 0.073676 0.009198 0.997240 -0.238451 
1940 1957 0.937196 0.348767 0.005054 -9.874394 -0.348776 0.937206 0.000876 0.898185 -0.004431 -0.002583 0.999987 0.062539 
1958 1971 0.999954 0.005173 0.008099 -9.731532 -0.005117 0.999963 -0.006940 -0.060442 -0.008135 0.006899 0.999943 0.121055 
1972 1983 0.999980 0.001709 -0.006032 -9.609946 -0.001684 0.999989 0.004274 0.003784 0.006039 -0.004264 0.999973 0.031986 
1984 1994 0.999997 0.001321 0.002285 -9.488984 -0.001329 0.999994 0.003183 -0.005197 -0.002281 -0.003186 0.999992 0.082384 
1995 2005 0.999988 -0.004908 -0.000837 -9.977859 0.004909 0.999987 0.001057 -0.052730 0.000831 -0.001061 0.999999 0.055627 
2006 2015 0.999988 -0.001527 -0.004658 -9.344919 0.001574 0.999946 0.010280 0.006999 0.004642 -0.010287 0.999936 0.004390 
2016 2025 0.999993 -0.001579 0.003409 -9.601933 0.001611 0.999955 -0.009340 -0.037871 -0.003394 0.009345 0.999951 0.038596 
2026 2035 0.999995 0.003033 -0.000144 -9.770199 -0.003034 0.999979 -0.005647 -0.023699 0.000127 0.005648 0.999984 0.031540 
2036 2045 0.999996 -0.000223 -0.002707 -9.677302 0.000233 0.999994 0.003512 -0.020280 0.002706 -0.003513 0.999990 -0.027713 
2046 2055 0.999970 0.001621 0.007555 -9.561516 -0.001647 0.999993 0.003389 -0.005379 -0.007550 -0.003401 0.999966 0.050880 
2056 2065 0.999999 0.001431 -0.000333 -9.322636 -0.001432 0.999987 -0.004973 -0.023644 0.000326 0.004973 0.999988 0.029422 
2066 2076 0.999978 0.002607 -0.006055 -9.761514 -0.002645 0.999976 -0.006367 -0.026775 0.006039 0.006383 0.999961 -0.040637 
2077 2088 0.999997 0.002075 0.001293 -9.582798 -0.002087 0.999952 0.009602 -0.005692 -0.001273 -0.009604 0.999953 -0.003721 
2089 2103 0.999940 -0.003005 -0.010526 -9.973747 0.003215 0.999796 0.019964 0.008868 0.010463 -0.019996 0.999745 -0.067115 
2104 2126 0.999950 -0.000234 0.009974 -9.804779 0.000511 0.999614 -0.027768 -0.076649 -0.009964 0.027772 0.999565 0.036936 
2127 2193 0.984157 0.177162 0.006969 -9.617536 -0.177281 0.983852 0.024622 1.343338 -0.002495 -0.025467 0.999673 0.040707 
2194 2217 0.645722 0.763090 -0.027142 -9.230773 -0.763226 0.646092 0.007168 3.518582 0.023006 0.016087 0.999606 -0.032286 
2218 2236 0.903195 0.428647 0.022389 -9.545789 -0.428325 0.903449 -0.017834 0.884659 -0.027872 0.006517 0.999590 0.062413 
2237 2252 0.999922 0.012429 0.001045 -9.949794 -0.012457 0.999371 0.033208 0.093193 -0.000632 -0.033218 0.999448 -0.005553 
2253 2265 0.999926 0.009084 -0.008069 -9.343695 -0.009055 0.999952 0.003607 0.018145 0.008101 -0.003534 0.999961 -0.040712 
2266 2278 0.999945 0.006201 0.008461 -9.923753 -0.006108 0.999922 -0.010925 0.008647 -0.008528 0.010873 0.999905 0.030202 
2279 2290 0.999989 0.004760 -0.000058 -9.373380 -0.004760 0.999886 -0.014298 -0.031181 -0.000011 0.014298 0.999898 0.040308 
2291 2302 0.999908 -0.009734 -0.009453 -9.476290 0.009746 0.999952 0.001158 -0.067999 0.009441 -0.001250 0.999955 0.005268 
2303 2314 0.999995 -0.002300 -0.002186 -9.527718 0.002295 0.999995 -0.002329 -0.014571 0.002191 0.002324 0.999995 -0.021862 
2315 2326 0.999986 0.005241 0.000879 -9.630651 -0.005236 0.999971 -0.005452 -0.019086 -0.000907 0.005447 0.999985 0.036619 
2327 2338 0.999963 0.001025 -0.008544 -9.768815 -0.001045 0.999997 -0.002265 -0.031744 0.008542 0.002274 0.999961 0.000540 
2339 2350 0.999897 -0.004254 0.013697 -9.856581 0.004301 0.999985 -0.003372 -0.036969 -0.013682 0.003431 0.999901 0.164224 
2351 2362 0.999888 -0.002127 -0.014789 -9.914176 0.002185 0.999990 0.003892 -0.031854 0.014781 -0.003924 0.999883 -0.035147 
2363 2374 0.999944 -0.005414 0.009067 -9.729243 0.005472 0.999965 -0.006340 -0.063177 -0.009032 0.006389 0.999939 0.012431 
2375 2387 0.999944 -0.002506 0.010315 -9.649684 0.002506 0.999997 -0.000035 -0.029947 -0.010314 0.000060 0.999947 0.099986 
2388 2403 0.998728 -0.046398 -0.019725 -9.674704 0.046541 0.998893 0.006833 -0.318646 0.019386 -0.007742 0.999782 -0.094406 
2404 2428 0.961510 -0.274239 -0.017059 -9.834850 0.274657 0.961036 0.031182 -1.113312 0.007843 -0.034667 0.999368 -0.106496 
2429 2477 0.847950 -0.525151 0.072098 -9.597059 0.524338 0.850935 0.031303 -2.816055 -0.077790 0.011260 0.996906 0.446091 
2478 2498 0.827714 -0.560975 -0.014049 -9.330842 0.560140 0.827466 -0.039298 -1.694016 0.033670 0.024658 0.999129 0.006335 
2499 2513 0.999636 -0.026899 0.001967 -9.398218 0.026916 0.999598 -0.008876 -0.064219 -0.001727 0.008926 0.999959 0.085397 
2514 2526 0.999984 -0.000979 -0.005590 -9.476263 0.001000 0.999992 0.003882 0.007329 0.005586 -0.003887 0.999977 0.035453 
2527 2539 0.999917 0.004773 0.011947 -9.656168 -0.004887 0.999943 0.009531 0.015826 -0.011901 -0.009588 0.999883 0.099860 
2540 2554 0.999314 -0.036044 -0.008497 -9.909476 0.036013 0.999344 -0.003790 -0.257216 0.008628 0.003481 0.999957 -0.016037 
2555 2574 0.974585 -0.223807 -0.009734 -9.576610 0.223994 0.974200 0.027598 -0.986117 0.003306 -0.029077 0.999572 -0.031543 
2575 2609 0.862541 -0.503011 0.054804 -9.568228 0.505492 0.861418 -0.049361 -2.525006 -0.022380 0.070279 0.997276 0.206436 
2610 2633 0.796987 -0.603124 -0.032438 -9.560017 0.603683 0.797153 0.010659 -2.164893 0.019429 -0.028078 0.999417 -0.057045 
2634 2649 0.997516 -0.070433 -0.001323 -9.666741 0.070444 0.997451 0.011369 -0.036631 0.000519 -0.011433 0.999935 0.005620 
2650 2662 0.999986 0.002469 0.004639 -9.474034 -0.002442 0.999980 -0.005899 -0.012056 -0.004653 0.005887 0.999972 0.043883 
2663 2674 0.999964 0.008419 -0.001434 -9.657189 -0.008418 0.999964 0.001044 0.012410 0.001443 -0.001032 0.999998 0.050190 
2675 2685 0.999989 -0.004322 0.001988 -9.320486 0.004330 0.999983 -0.003985 -0.030939 -0.001970 0.003994 0.999990 0.045940 
2686 2696 1.000000 0.000580 0.000153 -9.777223 -0.000579 0.999997 -0.002327 -0.015080 -0.000154 0.002326 0.999997 0.051029 
2697 2706 0.999990 0.001779 -0.003989 -9.069180 -0.001779 0.999998 -0.000048 -0.008460 0.003989 0.000056 0.999992 -0.005839 
2707 2716 0.999993 0.003577 -0.001173 -9.116344 -0.003568 0.999964 0.007649 0.028678 0.001200 -0.007645 0.999970 0.000033 
2717 2726 0.999993 0.003788 -0.000713 -9.082152 -0.003791 0.999989 -0.002923 0.007028 0.000702 0.002926 0.999995 -0.017637 
2727 2737 0.999840 0.017696 0.002467 -9.912467 -0.017697 0.999843 0.000123 0.087937 -0.002465 -0.000166 0.999997 0.040221 
2738 2748 0.999551 0.029869 -0.002477 -9.501296 -0.029877 0.999548 -0.003375 0.094854 0.002375 0.003448 0.999991 0.007430 
2749 2760 0.999979 0.002268 -0.006117 -9.541120 -0.002311 0.999973 -0.007028 -0.056545 0.006101 0.007042 0.999957 -0.051457 
2761 2774 0.999266 -0.038317 -0.000130 -9.678540 0.038316 0.999229 0.008513 -0.168911 -0.000196 -0.008511 0.999964 -0.041570 
2775 2794 0.997486 -0.070738 -0.004323 -9.933999 0.070748 0.997492 0.002237 -0.387080 0.004153 -0.002537 0.999988 -0.067375 
2832 2930 0.917420 -0.395135 0.046997 -9.516309 0.396603 0.917584 -0.027288 -2.425905 -0.032341 0.043674 0.998522 0.312308 
2931 2956 0.647774 -0.761722 -0.013017 -9.398427 0.761236 0.647848 -0.028499 -2.968867 0.030141 0.008552 0.999509 -0.043030 
2957 2972 0.993278 -0.115660 -0.004624 -9.594183 0.115710 0.993203 0.012647 -0.114210 0.003130 -0.013097 0.999909 0.057903 
2973 2985 0.999974 0.006719 -0.002535 -9.235265 -0.006708 0.999969 0.004174 0.022720 0.002563 -0.004157 0.999988 0.057235 
2986 2998 0.999928 -0.000337 -0.011968 -9.583382 0.000539 0.999858 0.016861 0.015860 0.011961 -0.016866 0.999786 -0.048702 
2999 3013 0.999991 0.001480 -0.004017 -9.663725 -0.001532 0.999912 -0.013157 -0.007682 0.003997 0.013163 0.999905 -0.078338 
3014 3036 0.999677 -0.025247 0.002883 -9.795451 0.025283 0.999590 -0.013465 -0.215152 -0.002542 0.013533 0.999905 -0.061266 
3037 3104 0.963626 -0.267226 0.003856 -9.741038 0.267189 0.963610 0.008081 -1.353999 -0.005876 -0.006757 0.999960 0.083456 
3105 3129 0.687692 -0.725159 0.034970 -9.414418 0.725954 0.686292 -0.044659 -3.370506 0.008385 0.056098 0.998390 0.029028 
3130 3147 0.934731 -0.355341 -0.003358 -9.590856 0.355292 0.934338 0.027945 -0.992123 -0.006793 -0.027314 0.999604 0.119836 
3148 3162 0.999753 -0.021600 -0.005285 -10.000317 0.021647 0.999725 0.009013 -0.037984 0.005089 -0.009125 0.999945 0.044106 
3163 3175 0.999881 -0.009132 -0.012413 -9.808471 0.009059 0.999941 -0.005968 -0.054008 0.012467 0.005855 0.999905 0.042289 
3176 3187 0.999919 -0.010636 -0.007013 -9.547234 0.010544 0.999860 -0.013007 -0.098280 0.007150 0.012932 0.999891 0.025936 
3188 3199 0.999982 -0.005399 -0.002734 -9.812675 0.005420 0.999954 0.007909 -0.013016 0.002691 -0.007924 0.999965 0.012375 
3200 3211 0.999662 0.021366 0.014812 -9.822524 -0.021403 0.999768 0.002343 0.076410 -0.014759 -0.002660 0.999888 0.194277 
3212 3223 0.999904 0.000314 -0.013824 -9.872765 -0.000404 0.999979 -0.006517 -0.031903 0.013822 0.006522 0.999883 -0.011604 
3224 3235 0.999950 -0.005879 0.008101 -9.907875 0.005928 0.999964 -0.006089 -0.060723 -0.008065 0.006137 0.999949 0.036776 
3236 3247 0.999957 -0.002690 -0.008883 -9.982171 0.002746 0.999976 0.006323 -0.020779 0.008866 -0.006347 0.999941 -0.051373 
3248 3259 0.999998 -0.000596 -0.002092 -9.899994 0.000596 1.000000 0.000229 -0.024915 0.002091 -0.000231 0.999998 0.030002 
3260 3271 0.999990 0.001087 -0.004292 -9.561443 -0.001077 0.999997 0.002344 -0.006417 0.004294 -0.002340 0.999988 -0.019692 
3272 3284 0.999884 0.002119 -0.015101 -9.576142 -0.002147 0.999996 -0.001854 -0.004271 0.015097 0.001886 0.999884 -0.106729 
3285 3300 0.999914 -0.007074 0.011019 -9.841698 0.007055 0.999973 0.001837 -0.076390 -0.011032 -0.001759 0.999938 -0.031272 
3301 3323 0.994267 -0.105238 -0.018910 -9.923007 0.105572 0.994255 0.017629 -0.572371 0.016946 -0.019525 0.999666 -0.125924 
3324 3398 0.971241 0.224205 0.080145 -9.628400 -0.222193 0.974433 -0.033313 2.353320 -0.085565 0.014547 0.996226 0.646305 
3399 3428 0.289700 0.957100 0.005740 -9.167066 -0.956173 0.289143 0.046155 3.716066 0.042516 -0.018859 0.998918 -0.023354 
3429 3445 0.993551 0.112859 0.010919 -9.790614 -0.112890 0.993605 0.002258 0.257822 -0.010594 -0.003476 0.999938 0.174768 
3446 3458 0.999566 0.026382 -0.013077 -9.318522 -0.026266 0.999615 0.008963 0.069850 0.013308 -0.008615 0.999874 0.029536 
3459 3470 0.999994 -0.001093 -0.003307 -9.779350 0.001078 0.999989 -0.004521 -0.041357 0.003312 0.004517 0.999984 0.056136 
3471 3481 0.999996 -0.000626 -0.002613 -9.542342 0.000609 0.999980 -0.006225 -0.015352 0.002617 0.006223 0.999977 0.029612 
3482 3492 0.999961 0.006730 0.005800 -9.894798 -0.006714 0.999974 -0.002764 0.007403 -0.005818 0.002725 0.999979 0.098188 
3493 3502 0.999995 -0.002752 -0.001440 -9.109194 0.002758 0.999987 0.004217 -0.032355 0.001428 -0.004221 0.999990 0.030263 
3503 3512 0.999917 -0.011365 0.006067 -9.212233 0.011375 0.999934 -0.001659 -0.056765 -0.006048 0.001728 0.999980 0.045992 
3513 3522 0.999999 0.000328 -0.001426 -9.261710 -0.000323 0.999994 0.003554 0.003551 0.001427 -0.003554 0.999993 0.029719 
3523 3532 0.999983 0.005796 -0.001019 -9.203099 -0.005797 0.999982 -0.001468 -0.002029 0.001010 0.001473 0.999998 0.016033 
3533 3542 0.999959 -0.006438 -0.006299 -9.051684 0.006442 0.999979 0.000681 -0.049581 0.006294 -0.000722 0.999980 -0.041352 
3543 3553 0.999949 -0.000723 0.010058 -9.745284 0.000696 0.999996 0.002650 -0.000988 -0.010060 -0.002643 0.999946 0.084164 
3554 3565 0.999904 0.006092 -0.012434 -9.996480 -0.006096 0.999981 -0.000299 0.004115 0.012432 0.000374 0.999923 -0.073053 
3566 3578 0.999923 0.012439 0.000076 -9.607066 -0.012437 0.999862 -0.011041 0.075663 -0.000214 0.011039 0.999939 -0.061131 
3579 3594 0.962879 0.269900 0.004132 -9.857949 -0.269928 0.962672 0.020043 1.530866 0.001432 -0.020414 0.999791 -0.017011 
3595 3611 0.845077 0.534510 -0.012008 -9.209722 -0.534200 0.845076 0.021836 2.408072 0.021819 -0.012039 0.999689 -0.044841 
3612 3628 0.854507 0.519316 -0.011386 -9.438524 -0.519441 0.854292 -0.019138 1.759851 -0.000211 0.022268 0.999752 0.046851 
3629 3643 0.999897 0.012074 0.007743 -9.973399 -0.011990 0.999869 -0.010902 -0.221170 -0.007873 0.010808 0.999911 0.162002 
3644 3656 0.996516 -0.083142 -0.006523 -9.842376 0.083106 0.996525 -0.005554 -0.356967 0.006963 0.004993 0.999963 0.070321 
3657 3668 0.999605 -0.026754 0.008579 -9.977658 0.026646 0.999567 0.012501 -0.067531 -0.008910 -0.012267 0.999885 0.124741 
3669 3679 0.999965 -0.007923 -0.002627 -9.749758 0.007914 0.999963 -0.003463 -0.036693 0.002654 0.003442 0.999991 0.041819 
3680 3689 0.999959 -0.002864 -0.008535 -9.192204 0.002842 0.999993 -0.002488 -0.022126 0.008543 0.002463 0.999960 -0.022820 
3690 3699 0.999986 0.004589 -0.002463 -9.401493 -0.004587 0.999989 0.000793 0.014575 0.002466 -0.000781 0.999997 0.003680 
3700 3709 0.999985 0.005031 -0.002377 -9.446187 -0.005032 0.999987 -0.000073 0.007458 0.002377 0.000084 0.999997 0.014418 
3710 3719 0.999925 0.011338 0.004712 -9.372517 -0.011301 0.999906 -0.007775 0.016177 -0.004800 0.007721 0.999959 0.028397 
3720 3729 0.999732 0.016540 0.016196 -9.187969 -0.016862 0.999660 0.019896 0.089599 -0.015862 -0.020163 0.999671 0.128186 
3730 3740 0.998818 0.047063 -0.012127 -9.878623 -0.047153 0.998862 -0.007213 0.203308 0.011773 0.007777 0.999900 -0.012887 
3741 3751 0.998405 0.056177 -0.005697 -9.190748 -0.056134 0.998395 0.007577 0.218179 0.006114 -0.007246 0.999955 -0.032169 
3752 3764 0.998734 0.050141 0.004041 -9.808645 -0.050133 0.998740 -0.002096 0.174865 -0.004141 0.001891 0.999990 -0.024794 
3765 3780 0.999848 0.017402 -0.001332 -9.753325 -0.017423 0.999697 -0.017364 -0.000573 0.001029 0.017384 0.999848 -0.046912 
3781 3849 0.997843 -0.065537 -0.003791 -9.931407 0.065552 0.997840 0.004238 -0.495735 0.003506 -0.004478 0.999984 -0.026968 
3850 3929 0.969590 0.238046 0.056836 -9.424784 -0.237539 0.971253 -0.015604 2.509820 -0.058917 0.001628 0.998262 0.481338 
3930 3955 0.417710 0.908487 -0.013048 -8.859482 -0.907527 0.417874 0.042147 4.161419 0.043742 -0.005764 0.999026 -0.107272 
3956 3972 0.979041 0.203620 -0.004194 -9.708827 -0.203662 0.978902 -0.016526 0.168515 0.000740 0.017034 0.999855 0.040904 
3973 3986 0.999932 -0.010205 0.005641 -9.949855 0.010222 0.999943 -0.002920 -0.093400 -0.005611 0.002977 0.999980 0.116170 
3987 3998 0.999938 -0.010801 -0.002551 -9.745341 0.010819 0.999916 0.007144 -0.037849 0.002474 -0.007171 0.999971 0.081089 
3999 4009 0.999999 0.000348 -0.001110 -9.740291 -0.000340 0.999976 0.006856 -0.005767 0.001113 -0.006856 0.999976 0.061339 
4010 4019 0.999998 -0.000502 0.002052 -9.319095 0.000493 0.999990 0.004521 -0.015356 -0.002054 -0.004520 0.999988 0.068544 
4020 4029 0.999974 -0.000037 -0.007202 -9.685759 0.000079 0.999983 0.005880 -0.005507 0.007201 -0.005880 0.999957 -0.006418 
4030 4039 0.999984 0.004204 0.003761 -9.762284 -0.004188 0.999982 -0.004295 -0.002659 -0.003779 0.004279 0.999984 0.031079 
4040 4049 0.999979 0.002028 -0.006144 -9.768362 -0.002023 0.999998 0.000785 0.001010 0.006145 -0.000773 0.999981 -0.039640 
4050 4059 0.999994 0.002259 -0.002596 -9.698971 -0.002278 0.999970 -0.007436 -0.022255 0.002579 0.007442 0.999969 -0.006747 
4060 4069 0.999999 -0.000278 -0.001051 -9.509522 0.000284 0.999982 0.006000 -0.011064 0.001049 -0.006000 0.999981 -0.003590 
4070 4079 0.999977 -0.006292 0.002365 -9.055521 0.006313 0.999943 -0.008577 -0.060980 -0.002311 0.008592 0.999960 0.033346 
4080 4090 0.999972 -0.003981 -0.006368 -9.531693 0.003950 0.999980 -0.004957 -0.044004 0.006387 0.004932 0.999967 -0.033527 
4091 4102 0.999980 0.004134 0.004816 -9.657663 -0.004181 0.999942 0.009924 0.006159 -0.004775 -0.009944 0.999939 0.043928 
4103 4116 0.999917 0.001226 -0.012838 -9.444020 -0.001063 0.999919 0.012696 0.004904 0.012853 -0.012681 0.999837 -0.098337 
4117 4139 0.999907 0.001179 0.013569 -9.889348 -0.000881 0.999758 -0.022001 -0.056661 -0.013592 0.021987 0.999666 0.023014 
4140 4203 0.984596 0.174373 0.012813 -9.867384 -0.174685 0.984176 0.029721 1.315998 -0.007428 -0.031502 0.999476 0.085891 
4204 4226 0.600232 0.798722 -0.042009 -9.107859 -0.799272 0.600943 0.005671 3.672810 0.029775 0.030173 0.999101 -0.078733 
4227 4245 0.919014 0.393803 0.018249 -9.515061 -0.393518 0.919153 -0.017395 0.733795 -0.023624 0.008805 0.999682 0.038304 
4246 4261 0.999978 0.006473 0.001682 -9.915141 -0.006525 0.999435 0.032958 0.063035 -0.001468 -0.032968 0.999455 0.005622 
4262 4274 0.999953 0.005421 -0.008062 -9.319262 -0.005394 0.999980 0.003346 0.014959 0.008080 -0.003303 0.999962 -0.049782 
4275 4287 0.999904 -0.010979 0.008434 -9.962302 0.011085 0.999858 -0.012686 -0.083909 -0.008294 0.012779 0.999884 0.032303 
4288 4299 0.999995 0.002718 0.001703 -9.472352 -0.002704 0.999961 -0.008363 0.001971 -0.001725 0.008358 0.999964 0.041066 
4300 4311 0.999904 0.009903 -0.009723 -9.694900 -0.009881 0.999949 0.002290 0.008487 0.009745 -0.002194 0.999950 0.013877 
4312 4323 0.999987 -0.004828 -0.001535 -9.885800 0.004819 0.999972 -0.005774 -0.046764 0.001563 0.005767 0.999982 -0.022574 
4324 4334 1.000000 0.000696 -0.000189 -9.145421 -0.000697 0.999980 -0.006285 -0.027384 0.000185 0.006285 0.999980 0.045559 
4335 4345 0.999946 0.000915 -0.010347 -9.319064 -0.000937 0.999997 -0.002141 -0.024740 0.010345 0.002150 0.999944 0.010383 
4346 4356 0.999913 -0.003575 0.012670 -9.450025 0.003653 0.999974 -0.006150 -0.046761 -0.012648 0.006196 0.999901 0.153182 
4357 4367 0.999823 -0.003003 -0.018583 -9.589681 0.003078 0.999987 0.003990 -0.025401 0.018571 -0.004046 0.999819 -0.023217 
4368 4378 0.999933 -0.001249 0.011515 -9.386271 0.001301 0.999989 -0.004499 -0.039188 -0.011509 0.004514 0.999924 0.051311 
4379 4390 0.999928 -0.004594 -0.011090 -9.553586 0.004590 0.999989 -0.000352 -0.050139 0.011091 0.000302 0.999938 -0.057580 
4391 4405 0.998710 -0.050029 -0.008705 -9.785837 0.050077 0.998731 0.005315 -0.301436 0.008428 -0.005744 0.999948 -0.088164 
4406 4430 0.973452 -0.227550 -0.024723 -9.828412 0.228412 0.972713 0.040716 -0.989020 0.014783 -0.045282 0.998865 -0.161607 
4431 4489 0.863836 -0.495007 0.093576 -9.605483 0.494167 0.868718 0.033585 -2.677377 -0.097916 0.017230 0.995046 0.682213 
4490 4512 0.794204 -0.607407 -0.017221 -9.374794 0.605790 0.793670 -0.055732 -2.101817 0.047520 0.033830 0.998297 -0.022968 
4513 4528 0.997493 -0.070731 0.002117 -9.618976 0.070742 0.997477 -0.005915 -0.134711 -0.001693 0.006050 0.999980 0.089241 
4529 4542 0.999922 0.012023 -0.003266 -9.858063 -0.012006 0.999914 0.005199 0.048639 0.003328 -0.005159 0.999981 0.040436 
4543 4555 0.999941 0.007244 0.008146 -9.300443 -0.007307 0.999944 0.007637 0.023697 -0.008090 -0.007696 0.999938 0.096163 
4556 4570 0.999915 -0.008358 -0.010054 -9.748567 0.008351 0.999965 -0.000765 -0.080257 0.010060 0.000681 0.999949 -0.028479 
4571 4590 0.981107 -0.193338 -0.007053 -9.776592 0.193422 0.981013 0.014228 -1.021094 0.004168 -0.015324 0.999874 -0.028989 
4591 4623 0.850393 -0.523613 0.051590 -9.588451 0.526007 0.848336 -0.060348 -2.654266 -0.012167 0.078457 0.996843 0.267637 
4624 4647 0.769513 -0.638223 -0.022835 -9.506400 0.638413 0.769693 0.001337 -2.615385 0.016722 -0.015607 0.999738 -0.009641 
4648 4663 0.998914 -0.046576 0.000861 -9.940996 0.046569 0.998890 0.007051 0.065646 -0.001188 -0.007004 0.999975 0.060633 
4664 4676 0.999980 0.000133 0.006324 -9.989317 -0.000105 0.999990 -0.004472 -0.012150 -0.006324 0.004472 0.999970 0.063908 
4677 4687 0.999998 -0.001699 0.000956 -9.359316 0.001699 0.999999 0.000322 -0.029579 -0.000956 -0.000321 0.999999 0.091578 
4688 4698 0.999987 -0.005126 0.000298 -9.882122 0.005127 0.999976 -0.004577 -0.044614 -0.000275 0.004578 0.999989 0.060013 
4699 4708 1.000000 0.000534 -0.000294 -9.191054 -0.000534 0.999999 -0.001046 -0.011244 0.000294 0.001046 0.999999 0.033003 
4709 4718 0.999991 0.002278 -0.003683 -9.379543 -0.002281 0.999997 -0.000727 -0.008457 0.003681 0.000736 0.999993 -0.009156 
4719 4728 0.999985 0.005341 -0.001376 -9.378928 -0.005328 0.999944 0.009122 0.041247 0.001425 -0.009115 0.999957 -0.009582 
4729 4738 0.999978 0.006547 -0.000595 -9.229159 -0.006548 0.999978 -0.001298 0.024325 0.000586 0.001301 0.999999 -0.012124 
4739 4749 0.999651 0.026335 0.001985 -9.921963 -0.026332 0.999652 -0.001286 0.127216 -0.002018 0.001233 0.999997 0.031660 
4750 4760 0.999492 0.031794 -0.002152 -9.447780 -0.031803 0.999486 -0.004114 0.107398 0.002020 0.004180 0.999989 0.002234 
4761 4772 0.999871 -0.014969 -0.005804 -9.470627 0.014920 0.999853 -0.008409 -0.157656 0.005929 0.008321 0.999948 -0.052545 
4773 4786 0.998873 -0.047412 -0.001972 -9.435959 0.047431 0.998813 0.011102 -0.143962 0.001443 -0.011183 0.999936 -0.040214 
4787 4806 0.999508 -0.031187 -0.003313 -9.740967 0.031199 0.999506 0.003703 -0.118088 0.003195 -0.003805 0.999988 -0.038827 
4807 4903 0.990437 -0.137697 0.008609 -9.968104 0.137844 0.990257 -0.019774 -0.843418 -0.005802 0.020771 0.999767 0.029456 
4904 4944 0.579542 -0.814563 0.024861 -9.061215 0.814417 0.579994 0.018244 -3.804572 -0.029281 0.009674 0.999524 0.119081 
4945 4962 0.920436 -0.390742 -0.010891 -9.362520 0.390620 0.920477 -0.011746 -0.855692 0.014614 0.006557 0.999872 0.076032 
4963 4976 0.999988 0.001784 -0.004610 -9.608920 -0.001790 0.999998 -0.001213 -0.004399 0.004608 0.001221 0.999989 0.038360 
4977 4988 0.999987 -0.004172 0.003058 -9.250598 0.004134 0.999916 0.012252 -0.006599 -0.003109 -0.012239 0.999920 0.071233 
4989 5000 0.999942 -0.007755 -0.007410 -9.205270 0.007819 0.999932 0.008613 -0.025163 0.007342 -0.008670 0.999935 0.027547 
5001 5014 0.999996 -0.002458 0.001644 -9.433365 0.002473 0.999956 -0.009024 -0.030249 -0.001622 0.009028 0.999958 -0.008951 
5015 5039 0.997466 -0.070670 -0.008204 -9.905642 0.070748 0.997448 0.009630 -0.421663 0.007502 -0.010186 0.999920 -0.105739 
5040 5102 0.857905 -0.513406 0.020328 -9.606024 0.513720 0.857820 -0.015388 -2.755329 -0.009537 0.023644 0.999675 0.059245 
5103 5124 0.735304 -0.677722 0.004673 -9.345718 0.677737 0.735280 -0.005990 -2.708441 0.000624 0.007571 0.999971 -0.009303 
5125 5141 0.991618 -0.129201 -0.000869 -9.761686 0.129191 0.991408 0.020502 -0.182826 -0.001787 -0.020442 0.999789 0.027783 
5142 5155 0.999982 -0.000310 -0.006038 -9.834842 0.000367 0.999957 0.009283 0.005080 0.006034 -0.009285 0.999939 -0.027655 
5156 5167 0.999931 -0.007744 0.008843 -9.424652 0.007840 0.999910 -0.010882 -0.062463 -0.008758 0.010950 0.999902 0.064755 
5168 5179 1.000000 0.000436 0.000193 -9.928794 -0.000434 0.999959 -0.009050 -0.021497 -0.000197 0.009050 0.999959 0.046781 
5180 5190 0.999955 0.001445 -0.009389 -9.146960 -0.001408 0.999991 0.003974 -0.017156 0.009395 -0.003960 0.999948 -0.006546 
5191 5201 0.999999 0.000172 -0.001655 -9.105280 -0.000175 0.999998 -0.001764 -0.025193 0.001654 0.001764 0.999997 -0.022992 
5202 5213 0.999999 -0.000775 0.001060 -9.975514 0.000779 0.999991 -0.004258 -0.036782 -0.001057 0.004259 0.999990 0.015705 
5214 5224 0.999974 0.000832 -0.007100 -9.141430 -0.000840 0.999999 -0.001173 -0.020029 0.007100 0.001179 0.999974 0.000040 
5225 5236 0.999920 -0.000315 0.012682 -9.943765 0.000364 0.999992 -0.003896 -0.047067 -0.012681 0.003900 0.999912 0.158816 
5237 5248 0.999779 -0.001427 -0.020963 -9.665320 0.001431 0.999999 0.000161 -0.024800 0.020963 -0.000191 0.999780 -0.060904 
5249 5263 0.999990 -0.002161 0.003916 -9.862992 0.002164 0.999997 -0.000789 -0.034110 -0.003914 0.000798 0.999992 -0.076946 
5534 5632 0.996584 0.082173 0.008197 -9.657782 -0.082034 0.996501 -0.015985 -1.069352 -0.009482 0.015258 0.999839 0.045415 
5633 5658 0.948155 -0.317452 -0.015059 -9.666368 0.317742 0.947865 0.024347 -0.868223 0.006545 -0.027869 0.999590 0.011600 
5659 5707 0.989889 -0.140618 -0.018617 -9.925330 0.141188 0.989399 0.033994 -0.677883 0.013640 -0.036279 0.999249 0.002378 
5708 5758 0.007493 0.999880 -0.013561 -8.173551 -0.999361 0.007014 -0.035057 5.404650 -0.034958 0.013815 0.999293 -0.033734 
5759 5777 0.952468 0.304636 -0.000926 -9.519426 -0.304589 0.952366 0.014980 0.632654 0.005446 -0.013986 0.999887 0.052104 
5778 5793 0.998731 0.050340 0.001174 -9.951538 -0.050348 0.998703 0.007607 0.178391 -0.000790 -0.007657 0.999970 0.080014 
5794 5807 0.999901 0.013601 -0.003544 -9.948715 -0.013636 0.999856 -0.010076 0.011673 0.003407 0.010123 0.999943 0.049686 
5808 5819 0.999992 0.003445 -0.002258 -9.161431 -0.003433 0.999982 0.004983 -0.007182 0.002275 -0.004975 0.999985 0.045169 
5820 5831 0.999943 -0.010722 -0.000006 -9.508857 0.010721 0.999907 -0.008427 -0.068572 0.000097 0.008426 0.999964 0.060520 
5832 5843 0.999992 0.003821 0.000885 -9.716078 -0.003826 0.999977 0.005622 0.023777 -0.000863 -0.005625 0.999984 0.014556 
5844 5855 0.999999 0.001302 -0.000840 -9.874588 -0.001304 0.999998 -0.001617 -0.025177 0.000838 0.001618 0.999998 0.002616 
5856 5866 0.999977 -0.006287 0.002681 -9.101060 0.006279 0.999976 0.003061 -0.027240 -0.002700 -0.003044 0.999992 0.049142 
5867 5877 0.999992 0.003112 -0.002416 -9.236211 -0.003121 0.999988 -0.003795 -0.002133 0.002404 0.003803 0.999990 -0.004935 
5878 5888 0.999979 0.005955 -0.002495 -9.322324 -0.005974 0.999953 -0.007679 -0.017289 0.002449 0.007694 0.999967 -0.009913 
5889 5899 0.999993 -0.003538 -0.001389 -9.184278 0.003541 0.999991 0.002166 -0.028111 0.001382 -0.002171 0.999997 -0.004168 
5900 5911 0.999989 -0.004014 -0.002521 -9.548401 0.004019 0.999990 0.002048 -0.018209 0.002512 -0.002058 0.999995 -0.087623 
5912 5924 0.999986 -0.005170 -0.001264 -9.472372 0.005172 0.999985 0.001802 -0.035366 0.001254 -0.001808 0.999998 -0.032032 
5925 5939 0.996843 0.078743 -0.010212 -9.458927 -0.078673 0.996875 0.007122 0.485503 0.010741 -0.006296 0.999922 -0.084597 
5940 5956 0.910036 0.414328 -0.012886 -9.457350 -0.413835 0.909872 0.029551 1.937603 0.023968 -0.021560 0.999480 -0.171837 
5957 5974 0.784104 0.620449 -0.014967 -9.476743 -0.620603 0.784063 -0.009812 2.662480 0.005647 0.016983 0.999840 -0.033849 
5975 5990 0.969945 0.243249 -0.006104 -9.631264 -0.243278 0.969946 -0.004568 0.516583 0.004809 0.005915 0.999971 0.094636 
5991 6004 0.999520 -0.030825 -0.003005 -9.784115 0.030753 0.999294 -0.021574 -0.235344 0.003668 0.021471 0.999763 0.087126 
6005 6016 0.998563 -0.053252 0.005960 -9.306447 0.053182 0.998520 0.011372 -0.196024 -0.006557 -0.011038 0.999918 0.110407 
6017 6027 0.999660 -0.025748 -0.004096 -9.182311 0.025703 0.999611 -0.010853 -0.107013 0.004373 0.010744 0.999933 0.067186 
6028 6038 0.999982 -0.004639 0.003748 -9.676416 0.004623 0.999980 0.004303 -0.018269 -0.003768 -0.004286 0.999984 0.082888 
6039 6048 0.999999 0.001650 -0.000423 -9.075851 -0.001648 0.999994 0.003017 0.003187 0.000428 -0.003017 0.999995 0.089516 
6049 6058 0.999997 0.001594 0.001997 -9.311775 -0.001600 0.999994 0.003045 0.005853 -0.001992 -0.003049 0.999993 0.075356 
6059 6068 0.999969 -0.001075 -0.007763 -9.430666 0.001018 0.999973 -0.007338 -0.033667 0.007771 0.007330 0.999943 0.004628 
6069 6078 0.999829 0.006851 -0.017204 -9.405147 -0.006946 0.999961 -0.005457 0.018078 0.017166 0.005576 0.999837 -0.105136 
6079 6088 0.999518 0.030334 -0.006674 -9.156539 -0.030313 0.999535 0.003229 0.120802 0.006769 -0.003025 0.999973 -0.097251 
6089 6099 0.998291 0.057335 0.011302 -9.576196 -0.057423 0.998320 0.007683 0.257141 -0.010843 -0.008319 0.999907 0.018788 
6100 6111 0.998960 0.045440 0.003821 -9.657005 -0.045426 0.998961 -0.003651 0.165738 -0.003983 0.003474 0.999986 0.014296 
6112 6125 0.999377 0.034784 -0.005910 -9.893239 -0.034789 0.999394 -0.000770 0.096281 0.005880 0.000976 0.999982 -0.045223 
6126 6143 0.999753 0.020377 -0.008844 -9.674818 -0.020348 0.999787 0.003304 0.046169 0.008910 -0.003124 0.999955 -0.084735 
6144 6220 0.988042 -0.153311 -0.016408 -9.858633 0.153146 0.988144 -0.010871 -1.035491 0.017880 0.008228 0.999806 -0.127519 
6240 6338 0.528705 0.848133 0.033787 -8.391613 -0.847636 0.529647 -0.031431 5.329380 -0.044553 -0.012021 0.998935 0.012101 
6339 6358 0.826911 0.562151 -0.014309 -9.598929 -0.562091 0.827034 0.008257 1.432477 0.016475 0.001215 0.999864 0.015141 
