1999 2097 0.707845 0.706220 -0.014441 -9.132773 -0.706259 0.707229 -0.032026 3.547244 -0.012405 0.032868 0.999383 -0.004054 
2098 2133 0.745763 0.665621 0.028046 -9.421235 -0.665871 0.746067 -0.000552 1.895606 -0.021292 -0.018263 0.999606 0.262268 
2134 2153 0.999859 0.016050 -0.004853 -9.983328 -0.016019 0.999851 0.006379 -0.018350 0.004955 -0.006301 0.999968 0.062236 
2154 2168 0.999650 0.026325 0.002558 -9.604149 -0.026314 0.999646 -0.003959 0.097643 -0.002662 0.003891 0.999989 0.121962 
2169 2181 0.999942 -0.002293 -0.010500 -9.372624 0.002314 0.999995 0.001965 -0.051038 0.010496 -0.001989 0.999943 -0.001995 
2182 2194 0.999862 -0.008843 0.014054 -9.864808 0.008789 0.999954 0.003964 -0.038963 -0.014089 -0.003840 0.999893 0.121660 
2195 2206 0.999981 0.002909 -0.005502 -9.384255 -0.002891 0.999991 0.003225 -0.007569 0.005511 -0.003209 0.999980 0.020197 
2207 2218 0.999995 0.003270 0.000443 -9.728148 -0.003272 0.999972 0.006727 0.008302 -0.000421 -0.006728 0.999977 0.005127 
2219 2229 0.999973 0.007252 0.000804 -9.142973 -0.007243 0.999926 -0.009730 -0.001670 -0.000874 0.009723 0.999952 0.039515 
2230 2240 0.999938 0.007718 -0.007997 -9.302954 -0.007668 0.999951 0.006334 0.023649 0.008045 -0.006272 0.999948 0.047671 
2241 2251 0.999982 0.002653 -0.005343 -9.342441 -0.002618 0.999975 0.006560 -0.015694 0.005360 -0.006546 0.999964 0.024632 
2252 2262 0.999983 0.003489 -0.004734 -9.325581 -0.003508 0.999986 -0.003844 0.003197 0.004720 0.003861 0.999981 0.003772 
2263 2273 0.999996 -0.000635 0.002781 -9.242550 0.000648 0.999990 -0.004490 -0.043826 -0.002778 0.004491 0.999986 0.040255 
2274 2284 0.999926 -0.012094 -0.001632 -9.143545 0.012086 0.999915 -0.004976 -0.084795 0.001692 0.004956 0.999986 0.003991 
2285 2295 0.999996 -0.000468 -0.002658 -9.112227 0.000478 0.999993 0.003707 -0.003348 0.002656 -0.003708 0.999990 0.004094 
2296 2306 0.999975 0.002357 -0.006686 -9.116482 -0.002303 0.999965 0.008103 -0.003505 0.006705 -0.008088 0.999945 0.043321 
2307 2317 0.999986 0.000508 -0.005285 -9.146729 -0.000510 1.000000 -0.000316 -0.023302 0.005285 0.000319 0.999986 -0.023390 
2318 2328 0.999960 0.008457 0.003049 -9.170580 -0.008468 0.999958 0.003492 0.014400 -0.003019 -0.003518 0.999989 0.030044 
2329 2340 0.999972 -0.006919 -0.002748 -9.930898 0.006906 0.999966 -0.004585 -0.064394 0.002780 0.004566 0.999986 0.024417 
2341 2352 0.999994 0.002319 -0.002451 -9.679432 -0.002329 0.999990 -0.003855 -0.017669 0.002442 0.003861 0.999990 -0.003533 
2353 2364 0.999987 0.004576 0.002162 -9.549983 -0.004592 0.999961 0.007510 0.001843 -0.002127 -0.007520 0.999969 0.060213 
2365 2376 0.999970 -0.003596 -0.006851 -9.301084 0.003514 0.999924 -0.011837 -0.065643 0.006893 0.011813 0.999906 -0.015440 
2377 2389 0.999943 0.010602 -0.001246 -9.643475 -0.010603 0.999943 -0.001018 0.011055 0.001235 0.001031 0.999999 -0.007103 
2390 2404 0.999987 0.004344 0.002522 -9.727655 -0.004369 0.999939 0.010103 -0.003773 -0.002478 -0.010114 0.999946 0.008954 
2405 2422 0.999916 -0.012805 -0.001921 -9.542755 0.012812 0.999912 0.003338 -0.067710 0.001878 -0.003362 0.999993 0.014034 
2423 2458 0.999875 -0.013905 0.007563 -9.943398 0.013787 0.999786 0.015433 0.014076 -0.007776 -0.015327 0.999852 0.049961 
2459 2493 0.512501 0.858686 -0.000779 -9.037991 -0.858653 0.512488 0.008443 4.102917 0.007649 -0.003658 0.999964 -0.002512 
2494 2512 0.936534 0.350549 0.004352 -9.640136 -0.350501 0.936518 -0.009165 0.876715 -0.007288 0.007058 0.999949 0.104611 
2513 2527 0.994803 0.101743 -0.003968 -9.515720 -0.101659 0.994665 0.017509 0.304843 0.005728 -0.017015 0.999839 0.030749 
2528 2541 0.999564 0.029502 -0.000873 -9.734400 -0.029510 0.999489 -0.012262 0.038204 0.000510 0.012282 0.999924 0.065336 
2542 2555 0.999917 0.007465 -0.010513 -9.667799 -0.007426 0.999965 0.003790 -0.004520 0.010541 -0.003711 0.999938 0.020118 
2556 2571 0.999987 0.004705 -0.001734 -9.963665 -0.004694 0.999970 0.006118 0.008826 0.001763 -0.006109 0.999980 -0.030267 
2572 2599 0.999942 -0.003871 -0.010076 -9.886419 0.003840 0.999988 -0.003141 -0.054445 0.010088 0.003102 0.999944 -0.082619 
2604 2702 0.963047 0.267183 0.033980 -9.468423 -0.267123 0.963641 -0.006370 1.932514 -0.034447 -0.002942 0.999402 0.167911 
2703 2724 0.603973 0.797004 -0.001464 -9.098199 -0.796727 0.603810 0.025291 2.908830 0.021042 -0.014109 0.999679 0.060940 
2725 2739 0.960635 0.277809 -0.001220 -9.350593 -0.277792 0.960609 0.007926 0.720330 0.003373 -0.007275 0.999968 0.107977 
2740 2752 0.999569 0.029206 0.002893 -9.983478 -0.029193 0.999564 -0.004334 0.015585 -0.003018 0.004248 0.999986 0.107254 
2753 2763 0.999949 -0.001317 -0.009982 -9.551923 0.001421 0.999945 0.010410 -0.014789 0.009968 -0.010424 0.999896 0.006598 
2764 2773 0.999989 -0.004615 -0.000421 -9.302419 0.004610 0.999943 -0.009599 -0.046865 0.000465 0.009597 0.999954 0.051477 
2774 2783 0.999998 0.000444 0.001771 -9.800363 -0.000432 0.999977 -0.006782 -0.019059 -0.001774 0.006781 0.999975 0.063786 
2784 2792 0.999994 0.003310 -0.000849 -9.051206 -0.003301 0.999947 0.009772 0.008033 0.000881 -0.009769 0.999952 0.000220 
2793 2801 0.999984 -0.000275 0.005699 -9.225477 0.000282 0.999999 -0.001285 -0.014596 -0.005699 0.001286 0.999983 0.032305 
2802 2810 0.999956 0.005228 0.007774 -9.370166 -0.005280 0.999964 0.006629 0.020975 -0.007739 -0.006670 0.999948 0.072290 
2811 2819 0.999981 -0.002156 -0.005841 -9.590050 0.002169 0.999995 0.002165 -0.034270 0.005836 -0.002178 0.999981 0.021551 
2820 2828 0.999957 -0.009061 -0.001822 -9.754976 0.009038 0.999884 -0.012265 -0.076707 0.001933 0.012248 0.999923 0.041083 
2829 2837 0.999995 -0.001352 0.002906 -9.832347 0.001340 0.999990 0.004238 -0.000492 -0.002912 -0.004234 0.999987 0.068910 
2838 2846 0.999977 0.004322 -0.005199 -9.887231 -0.004326 0.999990 -0.000770 0.000744 0.005195 0.000793 0.999986 0.011827 
2847 2855 0.999992 -0.000632 0.003901 -9.880575 0.000624 0.999998 0.002136 -0.015543 -0.003902 -0.002134 0.999990 0.058731 
2856 2864 0.999993 -0.000265 -0.003740 -9.856916 0.000258 0.999998 -0.001896 -0.014544 0.003740 0.001895 0.999991 0.000527 
2865 2873 0.999967 0.006313 0.005057 -9.767726 -0.006338 0.999968 0.004952 0.019586 -0.005026 -0.004983 0.999975 0.008503 
2874 2882 1.000000 -0.000037 0.000666 -9.640865 0.000032 0.999974 0.007261 0.000042 -0.000666 -0.007261 0.999973 0.000479 
2883 2891 0.999999 -0.000387 -0.001024 -9.470544 0.000379 0.999972 -0.007507 -0.028694 0.001027 0.007507 0.999971 0.032718 
2892 2900 0.999940 0.003024 -0.010557 -9.260512 -0.003059 0.999990 -0.003245 -0.006997 0.010547 0.003277 0.999939 -0.090804 
2901 2909 0.999998 -0.000844 0.001816 -8.963934 0.000850 0.999995 -0.003026 -0.024452 -0.001813 0.003028 0.999994 -0.002616 
2910 2919 0.999998 -0.002071 -0.000760 -9.532301 0.002066 0.999974 -0.006845 -0.039331 0.000774 0.006843 0.999976 -0.003105 
2920 2930 0.999815 -0.001305 -0.019174 -9.746524 0.001704 0.999783 0.020775 0.012845 0.019143 -0.020803 0.999600 -0.140365 
2931 2942 0.999941 -0.006109 0.008975 -9.570760 0.006138 0.999976 -0.003253 -0.036495 -0.008955 0.003308 0.999954 -0.048062 
2943 2956 0.999846 0.016931 0.004582 -9.449582 -0.016946 0.999851 0.003371 0.127994 -0.004524 -0.003448 0.999984 -0.039526 
2957 2975 0.934302 0.356480 0.000936 -9.586645 -0.356449 0.934250 -0.011022 1.820349 -0.004803 0.009964 0.999939 0.004466 
2976 2998 0.684421 0.729083 -0.002398 -9.310701 -0.729038 0.684410 0.009352 3.298288 0.008459 -0.004652 0.999953 0.205945 
2999 3018 0.936477 0.350718 0.002654 -9.637273 -0.350727 0.936468 0.004262 0.564960 -0.000991 -0.004922 0.999987 0.061477 
3019 3033 0.999945 -0.010528 -0.000160 -9.293232 0.010528 0.999943 -0.001618 -0.049536 0.000177 0.001616 0.999999 0.120835 
3034 3046 0.999925 -0.009587 -0.007617 -9.310434 0.009453 0.999803 -0.017446 -0.083660 0.007782 0.017373 0.999819 0.008667 
3047 3059 0.999720 -0.023621 -0.001375 -9.346220 0.023640 0.999590 0.016128 -0.082477 0.000994 -0.016156 0.999869 0.026695 
3060 3073 0.999985 -0.003220 -0.004387 -9.534874 0.003159 0.999901 -0.013695 -0.021377 0.004431 0.013681 0.999897 -0.008758 
3074 3089 0.998963 0.045530 -0.000155 -9.586518 -0.045515 0.998720 0.022041 0.320592 0.001158 -0.022011 0.999757 0.011585 
3090 3111 0.860933 0.507932 -0.028272 -9.354785 -0.508700 0.860049 -0.039258 2.534979 0.004375 0.048181 0.998829 -0.102348 
3112 3140 0.739953 0.670022 0.059505 -9.692857 -0.671309 0.741174 0.002252 2.385162 -0.042595 -0.041612 0.998225 0.249865 
3141 3159 0.987942 0.154473 -0.010459 -9.776924 -0.154416 0.987987 0.006055 0.400450 0.011268 -0.004368 0.999927 0.058415 
3160 3174 0.998533 0.053973 -0.004383 -9.813404 -0.054015 0.998488 -0.010190 0.146108 0.003827 0.010412 0.999938 0.027734 
3175 3187 0.999987 0.000159 0.005171 -9.797786 -0.000183 0.999989 0.004732 -0.065809 -0.005170 -0.004733 0.999975 0.097905 
3188 3199 0.999902 -0.011664 -0.007722 -9.877107 0.011624 0.999919 -0.005239 -0.065464 0.007782 0.005148 0.999956 0.044186 
3200 3210 0.999955 0.002357 -0.009175 -9.507719 -0.002332 0.999994 0.002730 -0.006262 0.009182 -0.002708 0.999954 -0.019427 
3211 3221 0.999964 0.002322 0.008181 -9.823464 -0.002268 0.999975 -0.006657 -0.024837 -0.008197 0.006638 0.999944 0.056982 
3222 3231 0.999954 0.001087 0.009501 -8.998518 -0.001008 0.999964 -0.008409 -0.041425 -0.009510 0.008399 0.999920 0.164200 
3232 3241 0.999986 0.003268 -0.004232 -9.070419 -0.003211 0.999903 0.013546 0.007643 0.004276 -0.013532 0.999899 0.049938 
3242 3252 0.999999 -0.000926 0.000394 -9.994323 0.000927 0.999990 -0.004369 -0.034813 -0.000389 0.004369 0.999990 0.042453 
3253 3263 0.999992 0.003576 -0.001747 -9.865708 -0.003568 0.999983 0.004555 0.009001 0.001763 -0.004548 0.999988 0.035837 
3264 3274 0.999961 0.008076 -0.003518 -9.728386 -0.008095 0.999954 -0.005224 -0.008297 0.003476 0.005253 0.999980 0.007951 
3275 3285 0.999931 -0.008864 -0.007757 -9.604509 0.008801 0.999928 -0.008166 -0.081982 0.007829 0.008097 0.999937 -0.028487 
3286 3296 0.999991 -0.003697 0.002139 -9.526145 0.003683 0.999970 0.006806 -0.021724 -0.002164 -0.006798 0.999975 -0.008355 
3297 3307 0.999966 -0.001886 0.008074 -9.507652 0.001878 0.999998 0.000974 -0.033771 -0.008076 -0.000958 0.999967 0.095182 
3308 3318 0.999958 0.001157 -0.009043 -9.525304 -0.001163 0.999999 -0.000749 -0.023460 0.009042 0.000760 0.999959 0.007872 
3319 3329 0.999998 -0.000373 -0.001938 -9.514317 0.000381 0.999992 0.004039 -0.017213 0.001936 -0.004040 0.999990 -0.013007 
3330 3340 0.999953 -0.001623 0.009607 -9.490009 0.001747 0.999915 -0.012905 -0.051773 -0.009585 0.012921 0.999871 0.115087 
3341 3351 0.999961 0.000804 -0.008752 -9.456901 -0.000765 0.999989 0.004527 -0.012521 0.008756 -0.004520 0.999951 0.010957 
3352 3362 0.999997 0.001210 0.002330 -9.293747 -0.001232 0.999954 0.009514 -0.000018 -0.002319 -0.009517 0.999952 0.030412 
3363 3374 0.999948 0.009294 -0.004205 -9.880032 -0.009326 0.999929 -0.007464 -0.003517 0.004135 0.007503 0.999963 -0.014732 
3375 3386 0.999990 0.002843 0.003560 -9.256173 -0.002860 0.999984 0.004786 -0.020369 -0.003546 -0.004796 0.999982 0.008435 
3387 3401 0.999959 -0.000949 -0.008982 -9.859256 0.000928 0.999997 -0.002353 -0.030892 0.008984 0.002345 0.999957 -0.094355 
3402 3424 0.999874 -0.013314 0.008628 -9.958498 0.013164 0.999764 0.017258 -0.057321 -0.008856 -0.017142 0.999814 0.015291 
3425 3479 0.887549 0.460670 0.006241 -9.362090 -0.460651 0.887571 -0.004281 3.117050 -0.007511 0.000925 0.999971 0.043088 
3480 3502 0.660417 0.750871 0.006493 -9.664104 -0.750898 0.660380 0.007076 2.545217 0.001026 -0.009549 0.999954 0.126193 
3503 3518 0.983743 0.179549 0.003404 -9.726082 -0.179512 0.983714 -0.009037 0.387073 -0.004971 0.008279 0.999953 0.128849 
3519 3530 0.999961 -0.001577 -0.008684 -9.413336 0.001721 0.999860 0.016643 -0.021528 0.008657 -0.016657 0.999824 0.066314 
3531 3542 0.999865 0.003516 -0.016076 -9.267829 -0.003701 0.999927 -0.011520 -0.019216 0.016035 0.011578 0.999804 -0.045809 
3543 3555 0.999963 0.008505 -0.001098 -9.683131 -0.008499 0.999951 0.005059 0.019404 0.001141 -0.005049 0.999987 -0.000754 
3556 3572 0.999974 -0.000380 -0.007187 -9.614824 0.000368 0.999999 -0.001597 -0.021003 0.007188 0.001595 0.999973 -0.132076 
3573 3638 0.999609 -0.002232 0.027867 -9.897019 0.002376 0.999984 -0.005120 -0.057324 -0.027855 0.005184 0.999599 0.157362 
3639 3693 0.828375 0.560154 -0.004643 -9.148282 -0.559997 0.828294 0.018252 3.515949 0.014070 -0.012520 0.999823 -0.097786 
3694 3714 0.654260 0.756262 0.003441 -9.340070 -0.756270 0.654255 0.002575 2.434044 -0.000304 -0.004287 0.999991 0.081799 
3715 3729 0.997948 0.063967 0.002977 -9.391367 -0.063960 0.997950 -0.002393 0.032367 -0.003124 0.002198 0.999993 0.118190 
3730 3742 0.999986 -0.000646 -0.005175 -9.952999 0.000657 0.999998 0.002053 -0.019489 0.005173 -0.002056 0.999985 0.071798 
3743 3753 0.999989 -0.004561 -0.001057 -9.482655 0.004571 0.999945 0.009471 -0.029060 0.001014 -0.009476 0.999955 0.089369 
3754 3763 0.999996 -0.002473 0.001320 -9.257177 0.002487 0.999943 -0.010413 -0.035545 -0.001294 0.010416 0.999945 0.060624 
3764 3773 0.999982 0.003986 -0.004581 -9.763892 -0.003966 0.999982 0.004451 0.012438 0.004599 -0.004433 0.999980 0.011069 
3774 3782 0.999985 0.002676 -0.004812 -8.978508 -0.002694 0.999989 -0.003724 -0.009351 0.004802 0.003737 0.999981 -0.028960 
3783 3791 1.000000 -0.000110 -0.000787 -9.233962 0.000115 0.999972 0.007486 -0.003486 0.000787 -0.007486 0.999972 0.021147 
3792 3800 0.999999 -0.000789 -0.000924 -9.488130 0.000795 0.999982 0.005928 -0.004555 0.000919 -0.005929 0.999982 0.042602 
3801 3809 0.999998 -0.001113 0.001691 -9.696926 0.001106 0.999989 0.004542 -0.006558 -0.001696 -0.004540 0.999988 0.095302 
3810 3818 0.999998 0.000408 -0.001794 -9.917704 -0.000427 0.999942 -0.010739 -0.025838 0.001789 0.010740 0.999941 0.040552 
3819 3826 0.999997 0.000990 -0.002358 -8.773467 -0.000985 0.999997 0.002137 -0.001889 0.002361 -0.002135 0.999995 0.034737 
3827 3834 0.999999 -0.000726 -0.001227 -8.827955 0.000725 1.000000 -0.000602 -0.018203 0.001227 0.000601 0.999999 0.016372 
3835 3842 0.999988 -0.004834 -0.000931 -8.875671 0.004826 0.999946 -0.009159 -0.041108 0.000975 0.009154 0.999958 0.064860 
3843 3850 0.999993 -0.003524 -0.000916 -8.875333 0.003525 0.999993 0.001146 -0.019472 0.000912 -0.001149 0.999999 0.016672 
3851 3858 0.999995 0.003271 0.000325 -8.875023 -0.003271 0.999995 0.000501 0.002872 -0.000323 -0.000502 1.000000 -0.001128 
3859 3866 0.999939 0.008560 0.007027 -8.812125 -0.008631 0.999911 0.010172 0.048276 -0.006939 -0.010232 0.999924 0.034645 
3867 3875 0.999918 0.012582 -0.002192 -9.917944 -0.012607 0.999853 -0.011607 0.026428 0.002045 0.011634 0.999930 0.005631 
3876 3884 0.999903 -0.002199 -0.013773 -9.656207 0.002046 0.999936 -0.011150 -0.058511 0.013797 0.011120 0.999843 -0.158963 
3885 3893 0.999919 -0.008184 0.009773 -9.263484 0.008159 0.999963 0.002613 -0.040880 -0.009794 -0.002533 0.999949 0.010764 
3894 3903 0.999995 -0.003065 -0.001102 -9.834272 0.003056 0.999967 -0.007568 -0.043268 0.001125 0.007565 0.999971 -0.006396 
3904 3913 0.999919 -0.001910 -0.012578 -9.207084 0.002170 0.999784 0.020692 0.008970 0.012536 -0.020717 0.999707 -0.082875 
3914 3924 0.999922 -0.003309 0.012035 -9.351173 0.003318 0.999994 -0.000661 -0.015451 -0.012033 0.000701 0.999927 -0.017821 
3925 3937 0.999683 0.024493 0.005766 -9.473806 -0.024524 0.999685 0.005349 0.153457 -0.005633 -0.005489 0.999969 -0.013133 
3938 3954 0.935488 0.353284 -0.007186 -9.414357 -0.353357 0.935288 -0.019360 1.665685 -0.000118 0.020650 0.999787 -0.030721 
3955 3976 0.704517 0.709620 0.009805 -9.387775 -0.709683 0.704398 0.013184 3.460819 0.002449 -0.016247 0.999865 0.200767 
3977 3996 0.946663 0.322218 0.002270 -9.533848 -0.322226 0.946637 0.006977 0.531403 0.000099 -0.007336 0.999973 0.030535 
3997 4012 0.999990 0.004204 0.001716 -9.966140 -0.004206 0.999990 0.001615 0.013629 -0.001710 -0.001622 0.999997 0.117423 
4013 4025 0.999924 0.008908 -0.008568 -9.447012 -0.009072 0.999772 -0.019346 -0.034992 0.008394 0.019422 0.999776 -0.019751 
4026 4038 0.999853 -0.013996 0.009920 -9.700421 0.013880 0.999836 0.011644 -0.070767 -0.010081 -0.011505 0.999883 0.084254 
4039 4052 0.999993 -0.002745 -0.002515 -9.692735 0.002748 0.999996 0.001159 -0.006628 0.002512 -0.001166 0.999996 0.044560 
4053 4069 0.999617 0.026862 -0.006674 -9.765778 -0.026739 0.999481 0.017939 0.221164 0.007153 -0.017753 0.999817 -0.046998 
4070 4095 0.695111 0.717909 -0.037782 -9.189289 -0.718833 0.693351 -0.050438 3.955866 -0.010013 0.062219 0.998012 -0.083868 
4096 4123 0.844008 0.531602 0.071061 -9.546741 -0.532545 0.846377 -0.006520 1.281594 -0.063610 -0.032340 0.997451 0.256141 
4124 4140 0.995912 0.089523 -0.012045 -9.772363 -0.089367 0.995915 0.012910 0.312558 0.013152 -0.011781 0.999844 0.054280 
4141 4154 0.999340 0.035543 -0.007450 -9.933134 -0.035616 0.999317 -0.009804 0.034475 0.007096 0.010063 0.999924 0.045511 
4155 4166 0.999935 0.005488 0.010005 -9.560011 -0.005548 0.999967 0.005940 -0.003939 -0.009972 -0.005995 0.999932 0.167331 
4167 4177 0.999913 -0.000315 -0.013203 -9.472142 0.000289 0.999998 -0.001954 -0.028801 0.013204 0.001950 0.999911 0.042734 
4178 4188 0.999966 0.001808 -0.008011 -10.014457 -0.001772 0.999988 0.004464 -0.008012 0.008019 -0.004449 0.999958 0.005833 
4189 4198 0.999998 0.001638 0.001099 -9.188570 -0.001629 0.999967 -0.007981 -0.024933 -0.001112 0.007980 0.999968 0.054578 
4199 4208 0.999945 0.009328 0.004702 -9.235033 -0.009305 0.999944 -0.004949 -0.008992 -0.004748 0.004905 0.999977 0.101140 
4209 4218 0.999994 0.003201 0.001503 -9.280444 -0.003219 0.999918 0.012415 0.003345 -0.001463 -0.012420 0.999922 0.036003 
4219 4228 0.999989 -0.002883 0.003799 -9.299763 0.002908 0.999975 -0.006504 -0.049114 -0.003781 0.006515 0.999972 0.063386 
4229 4238 0.999995 -0.002391 -0.001877 -9.321490 0.002404 0.999971 0.007250 -0.018771 0.001860 -0.007254 0.999972 0.034060 
4239 4248 0.999985 -0.003895 -0.003746 -9.309051 0.003894 0.999992 -0.000349 -0.039142 0.003747 0.000334 0.999993 0.017442 
4249 4258 0.999969 -0.003352 -0.007173 -9.290016 0.003306 0.999974 -0.006418 -0.044008 0.007194 0.006394 0.999954 -0.011515 
4259 4268 0.999993 -0.000707 0.003643 -9.254103 0.000680 0.999972 0.007442 -0.009497 -0.003649 -0.007440 0.999966 0.016558 
4269 4278 0.999940 0.010861 0.001579 -9.194230 -0.010871 0.999919 0.006556 0.042297 -0.001508 -0.006572 0.999977 0.040055 
4279 4288 0.999945 0.010037 -0.003147 -9.052856 -0.010051 0.999939 -0.004560 0.006879 0.003101 0.004591 0.999985 0.047161 
4289 4299 0.999984 -0.001285 -0.005583 -9.830124 0.001315 0.999985 0.005279 -0.051862 0.005576 -0.005286 0.999970 -0.058365 
4300 4310 0.999923 -0.009105 0.008419 -9.529883 0.009167 0.999931 -0.007382 -0.062236 -0.008351 0.007459 0.999937 0.056683 
4311 4321 0.999948 -0.002552 -0.009902 -9.254198 0.002554 0.999997 0.000224 -0.031151 0.009901 -0.000249 0.999951 -0.020672 
4322 4333 0.999953 0.009286 0.002691 -9.771733 -0.009304 0.999936 0.006465 0.036619 -0.002631 -0.006490 0.999975 0.038982 
4334 4345 0.999996 -0.000156 -0.002711 -9.373980 0.000131 0.999956 -0.009362 -0.068905 0.002713 0.009361 0.999953 0.027553 
4346 4358 0.999843 -0.017610 0.001917 -9.658423 0.017592 0.999805 0.008918 -0.086285 -0.002074 -0.008883 0.999958 0.025450 
4359 4373 0.999831 -0.011684 -0.014225 -9.707316 0.011621 0.999922 -0.004473 -0.097661 0.014276 0.004307 0.999889 -0.105043 
4374 4399 0.999943 -0.007694 0.007372 -9.974566 0.007600 0.999891 0.012663 0.008733 -0.007469 -0.012606 0.999893 0.005914 
4400 4458 0.937203 0.348564 0.012370 -9.573210 -0.348538 0.937285 -0.004256 2.460431 -0.013078 -0.000322 0.999914 0.068215 
4459 4481 0.606248 0.795239 0.007609 -9.085384 -0.795270 0.606252 0.002065 2.844677 -0.002971 -0.007303 0.999969 0.127472 
4482 4498 0.973963 0.226705 -0.000858 -9.879799 -0.226704 0.973931 -0.008040 0.485540 -0.000987 0.008025 0.999967 0.080053 
4499 4512 0.999745 0.020113 -0.010226 -9.775120 -0.019991 0.999729 0.011968 0.028622 0.010464 -0.011761 0.999876 0.027346 
4513 4525 0.999863 0.004852 -0.015823 -9.985982 -0.005066 0.999896 -0.013530 -0.006902 0.015756 0.013608 0.999783 -0.066035 
4526 4537 0.999995 -0.000146 0.003119 -9.524683 0.000129 0.999984 0.005731 -0.021687 -0.003120 -0.005730 0.999979 0.005543 
4538 4555 0.999929 -0.006957 -0.009722 -9.721253 0.006955 0.999976 -0.000269 -0.040290 0.009724 0.000201 0.999953 -0.132365 
4556 4627 0.999658 0.004016 0.025822 -9.912319 -0.003900 0.999982 -0.004511 -0.000980 -0.025840 0.004409 0.999656 0.143625 
4628 4682 0.775429 0.631434 0.000719 -8.923863 -0.631424 0.775411 0.006458 3.762075 0.003520 -0.005462 0.999979 -0.027480 
4683 4702 0.754496 0.656276 0.006148 -9.380049 -0.656290 0.754381 0.013895 2.306754 0.004481 -0.014518 0.999885 0.040918 
4703 4717 0.995139 0.098201 0.007465 -9.703828 -0.098167 0.995158 -0.004829 0.111974 -0.007903 0.004073 0.999960 0.162697 
4718 4729 0.999900 0.013382 -0.004529 -9.442728 -0.013373 0.999908 0.002168 0.020272 0.004558 -0.002107 0.999987 0.081781 
4730 4740 0.999989 -0.002864 -0.003711 -9.757492 0.002902 0.999943 0.010279 -0.020535 0.003682 -0.010290 0.999940 0.068647 
4741 4750 0.999988 0.004402 0.002023 -9.493723 -0.004379 0.999928 -0.011147 -0.015178 -0.002072 0.011138 0.999936 0.064925 
4751 4759 0.999981 0.004685 -0.003890 -8.914397 -0.004671 0.999983 0.003607 0.013672 0.003907 -0.003589 0.999986 0.010288 
4760 4768 0.999990 0.000535 -0.004358 -9.205185 -0.000548 0.999995 -0.002984 -0.021335 0.004356 0.002986 0.999986 -0.053170 
4769 4777 1.000000 -0.000882 0.000124 -9.394700 0.000881 0.999966 0.008207 0.000230 -0.000131 -0.008207 0.999966 0.025880 
4778 4786 1.000000 0.000434 -0.000268 -9.518429 -0.000432 0.999982 0.005951 0.003375 0.000270 -0.005951 0.999982 0.040369 
4787 4795 0.999993 -0.003231 0.001941 -9.592163 0.003222 0.999983 0.004946 -0.018550 -0.001957 -0.004940 0.999986 0.068837 
4796 4804 0.999999 0.001071 -0.001219 -9.638646 -0.001084 0.999947 -0.010209 -0.013991 0.001207 0.010210 0.999947 0.036754 
4805 4813 0.999993 0.002329 -0.002977 -9.631039 -0.002327 0.999997 0.000688 0.000160 0.002978 -0.000681 0.999995 0.009313 
4814 4822 0.999978 0.000823 0.006547 -9.584226 -0.000892 0.999944 0.010507 0.006303 -0.006537 -0.010512 0.999923 0.085859 
4823 4831 0.999975 -0.000922 -0.006997 -9.581086 0.000897 0.999993 -0.003662 -0.023868 0.007001 0.003655 0.999969 0.005505 
4832 4840 0.999953 -0.001858 -0.009547 -9.572513 0.001704 0.999870 -0.016045 -0.049472 0.009576 0.016028 0.999826 -0.084865 
4841 4849 0.999969 0.000899 0.007794 -9.524871 -0.000985 0.999938 0.011068 0.005645 -0.007783 -0.011075 0.999908 0.049415 
4850 4858 0.999996 0.001013 0.002669 -9.400939 -0.001013 0.999999 -0.000146 -0.005363 -0.002669 0.000143 0.999996 0.035907 
4859 4867 0.999976 0.001647 -0.006675 -9.232283 -0.001675 0.999990 -0.004265 -0.016264 0.006668 0.004276 0.999969 0.032545 
4868 4876 0.999998 0.001336 -0.001171 -9.039818 -0.001332 0.999994 0.003212 -0.007255 0.001176 -0.003211 0.999994 0.008558 
4877 4886 0.999974 0.000063 -0.007245 -9.913131 -0.000106 0.999983 -0.005898 -0.022454 0.007244 0.005899 0.999956 -0.015905 
4887 4896 0.999996 0.002156 0.001957 -9.506259 -0.002146 0.999984 -0.005139 -0.019854 -0.001968 0.005135 0.999985 0.022668 
4897 4907 0.999980 -0.003815 -0.004998 -9.844709 0.003902 0.999838 0.017561 -0.006734 0.004930 -0.017580 0.999833 -0.002278 
4908 4919 0.999996 -0.001050 -0.002432 -9.461167 0.001024 0.999944 -0.010509 -0.020808 0.002443 0.010507 0.999942 -0.018138 
4920 4935 0.999936 0.005855 -0.009638 -9.728847 -0.005752 0.999926 0.010707 0.053135 0.009700 -0.010651 0.999896 -0.077759 
4936 4957 0.824173 0.566309 -0.005794 -9.363585 -0.566092 0.823468 -0.037944 3.035469 -0.016717 0.034552 0.999263 0.016553 
4958 4980 0.722464 0.690467 0.036075 -9.350145 -0.691239 0.722459 0.015534 2.654957 -0.015337 -0.036160 0.999228 0.303812 
4981 4997 0.988643 0.149938 -0.010183 -9.486822 -0.149895 0.988690 0.004808 0.161396 0.010789 -0.003227 0.999937 0.028435 
4998 5011 0.999983 -0.000041 -0.005811 -9.815124 0.000026 0.999997 -0.002533 -0.029339 0.005811 0.002532 0.999980 0.029450 
5012 5024 0.999863 -0.016438 -0.001765 -9.957534 0.016417 0.999801 -0.011355 -0.109644 0.001952 0.011324 0.999934 0.000292 
5025 5036 0.999865 0.001043 -0.016408 -9.340769 -0.001022 0.999999 0.001331 -0.005752 0.016409 -0.001314 0.999864 -0.055876 
5037 5050 0.999989 0.004740 -0.000358 -9.900532 -0.004738 0.999983 0.003255 0.006990 0.000373 -0.003253 0.999995 -0.090459 
5051 5068 0.989797 0.142469 0.002343 -9.922022 -0.142486 0.989730 0.011485 1.001509 -0.000683 -0.011702 0.999931 -0.060216 
5069 5094 0.649776 0.760057 0.010197 -9.102622 -0.759745 0.649817 -0.022903 3.543103 -0.024034 0.007135 0.999686 0.316178 
5095 5116 0.907653 0.419639 -0.008347 -9.643649 -0.419340 0.907496 0.024590 1.197722 0.017894 -0.018819 0.999663 -0.014085 
5117 5131 0.998112 0.061088 0.006346 -9.659003 -0.061114 0.998123 0.003971 0.190667 -0.006091 -0.004351 0.999972 0.131046 
5132 5143 0.999960 0.008884 0.000557 -9.339785 -0.008882 0.999954 -0.003543 -0.031825 -0.000589 0.003538 0.999994 0.093187 
5144 5154 0.999969 -0.007651 -0.001765 -9.498948 0.007646 0.999967 -0.002568 -0.066802 0.001784 0.002554 0.999995 0.066064 
5155 5164 0.999957 -0.000148 0.009250 -9.077312 0.000075 0.999969 0.007931 -0.006531 -0.009250 -0.007930 0.999926 0.067349 
5165 5174 0.999996 0.000449 0.002929 -9.456407 -0.000445 0.999999 -0.001505 -0.019223 -0.002930 0.001503 0.999995 0.113686 
5175 5184 0.999895 -0.000382 -0.014472 -9.693423 0.000365 0.999999 -0.001119 -0.023294 0.014472 0.001114 0.999895 0.001329 
5185 5194 0.999910 0.013133 -0.002669 -9.808319 -0.013161 0.999858 -0.010541 0.027567 0.002530 0.010575 0.999941 -0.023992 
5195 5204 0.999916 0.012843 0.001470 -9.806893 -0.012863 0.999809 0.014738 0.037890 -0.001280 -0.014756 0.999890 -0.006526 
5205 5214 0.999974 -0.007130 0.000681 -9.712134 0.007138 0.999896 -0.012548 -0.062046 -0.000591 0.012552 0.999921 -0.037274 
5215 5224 0.999978 -0.000069 0.006701 -9.580476 0.000031 0.999984 0.005620 -0.020420 -0.006702 -0.005620 0.999962 0.034730 
5225 5234 0.999980 -0.005101 -0.003698 -9.457078 0.005091 0.999983 -0.002687 -0.052480 0.003711 0.002668 0.999990 0.004737 
5235 5244 0.999959 -0.009009 0.000050 -9.312925 0.009009 0.999955 0.003007 -0.056928 -0.000077 -0.003006 0.999995 0.020248 
5245 5254 0.999967 -0.007800 0.002135 -9.203968 0.007794 0.999965 0.002960 -0.041892 -0.002158 -0.002943 0.999993 0.037394 
5255 5264 0.999970 -0.002189 -0.007497 -9.141616 0.002197 0.999997 0.001051 -0.022131 0.007494 -0.001068 0.999971 -0.021061 
5265 5274 0.999979 0.004316 0.004895 -9.057921 -0.004321 0.999990 0.001011 -0.002783 -0.004890 -0.001032 0.999988 0.035799 
5275 5285 0.999992 0.003876 0.000533 -9.974634 -0.003875 0.999990 -0.002060 -0.018600 -0.000541 0.002057 0.999998 0.035229 
5286 5296 0.999973 -0.003109 -0.006728 -9.900477 0.003075 0.999982 -0.005071 -0.053093 0.006743 0.005051 0.999965 -0.021322 
5297 5307 0.999983 -0.000409 0.005879 -9.736920 0.000359 0.999963 0.008611 0.001183 -0.005882 -0.008609 0.999946 0.062596 
5308 5318 0.999940 0.008774 -0.006551 -9.499148 -0.008836 0.999916 -0.009454 -0.005509 0.006467 0.009511 0.999934 -0.007147 
5319 5330 0.999921 0.012498 -0.000919 -9.969157 -0.012499 0.999922 -0.000734 0.026155 0.000910 0.000745 0.999999 0.009012 
5331 5343 0.999955 0.009515 -0.000038 -9.376913 -0.009514 0.999928 0.007245 0.016509 0.000107 -0.007245 0.999974 -0.020708 
5344 5361 0.999964 -0.007633 -0.003661 -9.623039 0.007622 0.999967 -0.002893 -0.127691 0.003683 0.002865 0.999989 -0.029996 
5362 5408 0.998169 -0.058917 0.013660 -9.916651 0.058686 0.998136 0.016761 -0.155550 -0.014622 -0.015928 0.999766 0.080792 
5409 5444 0.527577 0.849453 0.009572 -9.048286 -0.849487 0.527454 0.012798 4.028676 0.005822 -0.014883 0.999872 0.085229 
5445 5462 0.884882 0.465807 -0.002660 -9.352688 -0.465808 0.884886 0.000021 1.417630 0.002363 0.001220 0.999996 0.069766 
5463 5476 0.998460 0.055338 -0.003998 -9.273229 -0.055321 0.998460 0.004069 0.093459 0.004217 -0.003842 0.999984 0.038696 
5477 5488 0.999878 0.006158 -0.014376 -9.174920 -0.006232 0.999968 -0.005070 -0.004922 0.014344 0.005159 0.999884 -0.043744 
5489 5500 0.999927 0.011513 -0.003758 -9.383567 -0.011516 0.999934 -0.000586 0.012347 0.003751 0.000629 0.999993 -0.029449 
5501 5514 0.999955 -0.009430 0.001216 -9.822798 0.009419 0.999921 0.008365 -0.058131 -0.001295 -0.008354 0.999964 -0.039649 
5515 5537 0.999997 -0.001546 -0.001765 -9.895095 0.001534 0.999975 -0.006855 -0.026376 0.001775 0.006853 0.999975 -0.065687 
5538 5636 0.995155 0.093312 0.030976 -9.722429 -0.093149 0.995630 -0.006669 0.644709 -0.031463 0.003751 0.999498 0.194807 
5637 5662 0.513688 0.857977 -0.000412 -9.064842 -0.857687 0.513527 0.025750 4.024164 0.022305 -0.012874 0.999668 -0.005407 
5663 5677 0.941201 0.337847 -0.000679 -8.633092 -0.337829 0.941168 0.008632 0.909682 0.003555 -0.007895 0.999963 0.065571 
5678 5690 0.999309 0.036938 -0.004052 -9.590424 -0.036957 0.999306 -0.004717 0.011660 0.003875 0.004864 0.999981 0.056081 
5691 5701 0.999998 -0.000695 0.001903 -9.409164 0.000676 0.999954 0.009565 -0.001285 -0.001910 -0.009564 0.999952 0.067576 
5702 5711 0.999991 -0.000583 0.004096 -9.438464 0.000591 0.999998 -0.001902 -0.021958 -0.004095 0.001904 0.999990 0.089882 
5712 5720 1.000000 -0.000302 0.000483 -9.069974 0.000307 0.999955 -0.009430 -0.034070 -0.000480 0.009431 0.999955 0.070878 
5721 5729 0.999955 0.004860 0.008169 -9.522106 -0.004987 0.999865 0.015654 0.038814 -0.008092 -0.015694 0.999844 0.156409 
5730 5738 0.999964 0.003699 -0.007613 -9.846026 -0.003739 0.999980 -0.005196 -0.006708 0.007594 0.005225 0.999958 0.061968 
5739 5746 0.999998 -0.000117 -0.001800 -8.787975 0.000127 0.999984 0.005589 -0.006054 0.001800 -0.005590 0.999983 0.031804 
5747 5754 0.999994 -0.000614 -0.003373 -8.905383 0.000645 0.999958 0.009129 0.001249 0.003367 -0.009131 0.999953 -0.000935 
5755 5762 0.999998 -0.001749 -0.001141 -8.973310 0.001740 0.999967 -0.007932 -0.023008 0.001155 0.007930 0.999968 0.001282 
5763 5770 1.000000 0.000268 0.000262 -8.989493 -0.000268 1.000000 -0.000485 -0.014229 -0.000262 0.000485 1.000000 0.004445 
5771 5778 1.000000 0.000314 -0.000508 -8.992066 -0.000311 0.999980 0.006359 -0.002156 0.000510 -0.006359 0.999980 0.007129 
5779 5786 0.999986 -0.000809 0.005178 -8.964059 0.000754 0.999944 0.010509 -0.001275 -0.005186 -0.010505 0.999931 0.038504 
5787 5794 0.999998 -0.001780 -0.000807 -8.963224 0.001779 0.999998 -0.000593 -0.015105 0.000808 0.000591 0.999999 0.011554 
5795 5802 0.999990 0.000326 -0.004361 -8.964522 -0.000405 0.999836 -0.018095 -0.035922 0.004354 0.018096 0.999827 -0.030284 
5803 5810 0.999994 0.003284 0.001055 -8.969170 -0.003293 0.999954 0.009004 0.016580 -0.001025 -0.009007 0.999959 0.053683 
5811 5818 0.999990 -0.000061 0.004528 -8.912431 0.000077 0.999994 -0.003474 -0.013944 -0.004528 0.003474 0.999984 0.064433 
5819 5826 0.999980 0.000247 -0.006278 -8.799424 -0.000264 0.999996 -0.002664 -0.021932 0.006277 0.002666 0.999977 0.043957 
5827 5835 0.999999 0.001326 0.000649 -9.845993 -0.001330 0.999981 0.006014 0.004065 -0.000641 -0.006015 0.999982 0.056467 
5836 5844 0.999970 -0.002584 -0.007320 -9.509993 0.002530 0.999969 -0.007459 -0.038380 0.007339 0.007441 0.999945 -0.025073 
5845 5853 0.999997 -0.001169 0.002326 -8.966547 0.001177 0.999993 -0.003446 -0.024156 -0.002322 0.003449 0.999991 0.008838 
5854 5863 0.999973 -0.000968 -0.007269 -9.359142 0.001107 0.999815 0.019179 0.017428 0.007249 -0.019186 0.999790 -0.047132 
5864 5875 0.999991 -0.002919 0.003026 -9.944900 0.002942 0.999967 -0.007638 -0.034522 -0.003003 0.007647 0.999966 0.012476 
5876 5889 0.999340 0.033900 -0.013036 -9.394796 -0.033764 0.999374 0.010569 0.238630 0.013386 -0.010122 0.999859 -0.077006 
5890 5908 0.851774 0.523842 -0.008443 -9.524003 -0.523739 0.850975 -0.039231 2.609552 -0.013366 0.037838 0.999194 -0.018598 
5909 5929 0.679321 0.733302 0.028135 -9.168584 -0.733787 0.679238 0.013860 3.118233 -0.008947 -0.030061 0.999508 0.217264 
5930 5946 0.995673 0.092711 -0.006344 -9.482102 -0.092660 0.995667 0.007869 0.024246 0.007047 -0.007247 0.999949 0.055986 
5947 5959 0.999979 0.005721 -0.003012 -9.362737 -0.005721 0.999984 -0.000309 0.005787 0.003010 0.000326 0.999995 0.056129 
5960 5971 0.999908 0.002457 -0.013367 -9.649227 -0.002779 0.999706 -0.024095 -0.043105 0.013304 0.024130 0.999620 -0.099982 
5972 5983 0.999989 -0.003205 0.003511 -9.672512 0.003184 0.999976 0.006166 -0.014327 -0.003531 -0.006155 0.999975 0.009725 
5984 5996 1.000000 -0.000313 0.000546 -9.645549 0.000314 0.999997 -0.002286 -0.029278 -0.000546 0.002286 0.999997 -0.053429 
5997 6012 0.991231 0.132098 0.003292 -9.707244 -0.132137 0.991052 0.018851 0.945949 -0.000772 -0.019120 0.999817 -0.073189 
6013 6036 0.660526 0.750426 -0.023783 -9.189936 -0.750661 0.660685 -0.001510 3.718001 0.014580 0.018850 0.999716 -0.031156 
6037 6058 0.917088 0.398653 0.004929 -9.676060 -0.398615 0.917090 -0.007255 1.031908 -0.007412 0.004689 0.999962 0.007137 
6059 6073 0.996914 0.077324 0.013528 -9.597897 -0.077360 0.997001 0.002154 0.189058 -0.013321 -0.003194 0.999906 0.173808 
6074 6084 0.999609 0.026969 -0.007318 -9.470041 -0.026997 0.999628 -0.003865 0.045009 0.007211 0.004061 0.999966 0.081334 
6085 6095 0.999984 0.004643 0.003173 -9.721625 -0.004634 0.999986 -0.002646 -0.027735 -0.003185 0.002632 0.999991 0.096056 
6096 6105 0.999983 -0.001186 0.005740 -9.305943 0.001153 0.999983 0.005701 -0.019232 -0.005747 -0.005695 0.999967 0.063520 
6106 6115 0.999988 -0.002644 0.004167 -9.672730 0.002649 0.999996 -0.001323 -0.030379 -0.004163 0.001334 0.999990 0.136745 
6116 6125 0.999890 0.004121 -0.014246 -9.925019 -0.004143 0.999990 -0.001513 0.002213 0.014239 0.001571 0.999897 0.020601 
6126 6134 0.999954 0.009418 -0.001537 -8.932996 -0.009432 0.999916 -0.008846 -0.011425 0.001453 0.008860 0.999960 -0.033494 
6135 6143 0.999986 0.001567 0.004987 -8.950991 -0.001618 0.999947 0.010140 -0.007804 -0.004971 -0.010148 0.999936 -0.004911 
6144 6152 0.999983 -0.004303 0.004019 -8.898876 0.004356 0.999903 -0.013231 -0.061190 -0.003961 0.013248 0.999904 0.026347 
6153 6162 0.999995 -0.002087 0.002288 -9.949242 0.002068 0.999963 0.008328 -0.019944 -0.002305 -0.008323 0.999963 0.045016 
6163 6172 0.999980 -0.005456 0.003333 -9.902506 0.005469 0.999978 -0.003754 -0.054595 -0.003313 0.003772 0.999987 0.057153 
6173 6182 0.999974 -0.006831 -0.002470 -9.860158 0.006828 0.999976 -0.001294 -0.053255 0.002479 0.001277 0.999996 0.026651 
6183 6192 0.999978 -0.002519 0.006158 -9.805870 0.002499 0.999991 0.003302 -0.015361 -0.006166 -0.003286 0.999976 0.045487 
6193 6202 0.999958 0.000487 -0.009097 -9.782207 -0.000517 0.999994 -0.003327 -0.033892 0.009096 0.003331 0.999953 -0.036961 
6203 6212 0.999970 0.001305 0.007616 -9.722660 -0.001342 0.999987 0.004825 -0.012066 -0.007610 -0.004835 0.999959 0.067678 
6213 6222 0.999984 -0.000880 -0.005653 -9.675460 0.000857 0.999991 -0.004070 -0.029552 0.005656 0.004066 0.999976 0.040450 
6223 6232 0.999993 0.003721 0.000767 -9.608672 -0.003719 0.999990 -0.002373 -0.012127 -0.000775 0.002370 0.999997 0.016129 
6233 6242 0.999999 0.000907 0.000839 -9.424496 -0.000916 0.999941 0.010840 -0.005637 -0.000830 -0.010841 0.999941 0.031547 
6243 6252 0.999987 0.002981 -0.004114 -9.144181 -0.003028 0.999930 -0.011435 -0.019023 0.004080 0.011448 0.999926 -0.014493 
6253 6263 0.999966 0.008260 0.000552 -9.492456 -0.008258 0.999961 -0.002989 -0.010716 -0.000577 0.002984 0.999995 0.013527 
6264 6276 0.999972 0.007452 0.000569 -9.807251 -0.007457 0.999920 0.010221 0.017766 -0.000492 -0.010225 0.999948 -0.013504 
6277 6293 0.999970 -0.002571 -0.007328 -9.741869 0.002574 0.999997 0.000414 -0.049302 0.007327 -0.000433 0.999973 -0.059118 
6294 6336 0.999451 0.029865 0.014375 -9.885024 -0.029833 0.999552 -0.002420 0.302513 -0.014441 0.001990 0.999894 0.071730 
6337 6366 0.638798 0.769337 0.007604 -9.169473 -0.769300 0.638567 0.020244 3.875958 0.010719 -0.018781 0.999766 0.011882 
6367 6385 0.825684 0.564132 0.000915 -9.691608 -0.564118 0.825673 -0.005845 1.639958 -0.004052 0.004310 0.999983 0.080006 
6386 6400 0.999949 0.009494 -0.003533 -9.860322 -0.009487 0.999953 0.001915 -0.027992 0.003551 -0.001881 0.999992 0.047103 
6401 6413 0.999956 -0.008136 -0.004573 -9.598401 0.008075 0.999882 -0.013032 -0.087607 0.004678 0.012995 0.999905 0.033224 
6414 6426 0.999901 0.002726 -0.013798 -9.601342 -0.002676 0.999990 0.003659 -0.010539 0.013807 -0.003622 0.999898 -0.032978 
6427 6441 0.999990 -0.004428 -0.000851 -9.893289 0.004435 0.999958 0.008069 -0.035270 0.000815 -0.008073 0.999967 -0.036978 
6442 6469 0.999969 -0.002733 -0.007331 -10.009919 0.002703 0.999988 -0.004080 -0.039217 0.007342 0.004060 0.999965 -0.080015 
6470 6554 0.972537 0.229901 0.036283 -9.830348 -0.229646 0.973211 -0.011089 1.784393 -0.037860 0.002452 0.999280 0.213495 
6555 6578 0.567144 0.823617 0.001601 -9.132055 -0.823255 0.566835 0.030811 3.255964 0.024468 -0.018793 0.999524 0.039469 
6579 6594 0.967442 0.253091 -0.001362 -9.701361 -0.253082 0.967433 0.004809 0.588072 0.002535 -0.004308 0.999988 0.104182 
6595 6607 0.999043 0.043700 0.002104 -9.961473 -0.043694 0.999041 -0.002802 0.091198 -0.002224 0.002707 0.999994 0.101152 
6608 6618 0.999954 0.003379 -0.008946 -9.664217 -0.003293 0.999948 0.009605 0.008708 0.008978 -0.009575 0.999914 0.013675 
6619 6628 0.999997 -0.002335 -0.000733 -9.549068 0.002328 0.999954 -0.009351 -0.040609 0.000754 0.009349 0.999956 0.067270 
6629 6637 1.000000 0.000724 -0.000405 -8.972492 -0.000726 0.999984 -0.005687 -0.017782 0.000401 0.005687 0.999984 0.073636 
6638 6646 0.999992 0.004033 -0.000025 -9.269802 -0.004033 0.999927 0.011385 0.020566 0.000071 -0.011385 0.999935 0.036040 
6647 6655 0.999990 -0.000850 0.004306 -9.463189 0.000862 0.999996 -0.002754 -0.017743 -0.004304 0.002758 0.999987 0.036623 
6656 6664 0.999977 0.000560 0.006822 -9.643531 -0.000608 0.999975 0.006981 -0.000539 -0.006818 -0.006985 0.999952 0.085457 
6665 6673 0.999989 -0.002854 -0.003828 -9.797332 0.002883 0.999966 0.007699 -0.012634 0.003806 -0.007710 0.999963 0.041391 
6674 6682 0.999981 -0.003881 -0.004728 -9.832006 0.003812 0.999890 -0.014366 -0.043900 0.004783 0.014347 0.999886 0.011637 
6683 6691 0.999980 0.004808 0.004078 -9.699734 -0.004800 0.999986 -0.002148 0.016143 -0.004088 0.002128 0.999989 0.043803 
6692 6700 0.999986 0.001967 -0.004936 -9.551453 -0.001986 0.999990 -0.003954 -0.016135 0.004929 0.003963 0.999980 -0.008146 
6701 6709 0.999973 -0.005657 0.004740 -9.421062 0.005644 0.999980 0.002774 -0.035626 -0.004756 -0.002747 0.999985 0.038180 
6710 6718 0.999997 -0.002380 0.000647 -9.332523 0.002377 0.999984 0.005076 -0.004531 -0.000659 -0.005075 0.999987 0.048860 
6719 6727 0.999992 0.003970 -0.000827 -9.290452 -0.003972 0.999990 -0.002101 0.000731 0.000818 0.002104 0.999997 0.012048 
6728 6736 0.999967 0.007003 0.004009 -9.245231 -0.007034 0.999945 0.007816 0.040056 -0.003954 -0.007844 0.999961 0.035335 
6737 6745 0.999992 0.003771 -0.001486 -9.155006 -0.003785 0.999947 -0.009569 -0.017900 0.001450 0.009575 0.999953 0.000823 
6746 6754 0.999981 0.000255 -0.006105 -9.011486 -0.000322 0.999938 -0.011087 -0.037851 0.006102 0.011088 0.999920 -0.044518 
6755 6764 0.999929 -0.000646 0.011926 -9.903398 0.000548 0.999966 0.008219 -0.008160 -0.011931 -0.008212 0.999895 0.050834 
6765 6774 0.999983 -0.001335 -0.005621 -9.504513 0.001284 0.999958 -0.009049 -0.040063 0.005633 0.009042 0.999943 -0.024337 
6775 6785 0.999973 0.000745 -0.007272 -9.772677 -0.000598 0.999795 0.020249 0.013951 0.007286 -0.020244 0.999769 -0.066418 
6786 6798 0.999938 -0.002503 0.010890 -10.006257 0.002509 0.999997 -0.000505 -0.019381 -0.010888 0.000532 0.999941 -0.026357 
6799 6814 0.999432 0.031664 0.011499 -9.495895 -0.031744 0.999473 0.006823 0.216494 -0.011277 -0.007185 0.999911 0.012445 
6815 6832 0.919435 0.392989 -0.014095 -9.494339 -0.393212 0.919212 -0.020799 1.795393 0.004782 0.024665 0.999684 -0.037403 
