0 18 0.662665 0.748736 0.016386 -9.238711 -0.748746 0.662822 -0.006814 3.526372 -0.015963 -0.007754 0.999843 0.297310 
19 34 0.923733 0.382666 -0.016835 -9.260583 -0.382384 0.923833 0.017736 0.885619 0.022340 -0.009946 0.999701 -0.027800 
35 47 0.999985 0.005074 -0.002157 -9.502053 -0.005059 0.999962 0.007072 -0.007167 0.002193 -0.007061 0.999973 0.009176 
48 58 0.999985 -0.001503 0.005319 -9.117458 0.001465 0.999974 0.007094 -0.000993 -0.005329 -0.007086 0.999961 0.128177 
59 69 0.999850 0.004081 -0.016841 -9.823143 -0.004185 0.999973 -0.006105 0.010364 0.016815 0.006174 0.999840 -0.016012 
70 79 0.999948 0.008696 0.005262 -9.203387 -0.008678 0.999957 -0.003324 0.007014 -0.005291 0.003278 0.999981 0.090518 
80 89 0.999980 -0.006251 0.000598 -9.334911 0.006255 0.999964 -0.005778 -0.059963 -0.000562 0.005781 0.999983 0.044981 
90 99 0.999971 -0.004964 -0.005763 -9.288404 0.004954 0.999986 -0.001829 -0.024521 0.005772 0.001801 0.999982 0.007129 
100 109 0.999981 0.005651 0.002370 -9.243488 -0.005651 0.999984 -0.000174 -0.006424 -0.002371 0.000160 0.999997 0.064544 
110 119 0.999993 -0.001136 0.003492 -9.314153 0.001121 0.999989 0.004479 -0.025025 -0.003498 -0.004475 0.999984 0.077340 
120 129 0.999989 -0.004730 -0.000242 -9.448352 0.004728 0.999964 -0.007102 -0.047831 0.000275 0.007101 0.999975 0.030752 
130 139 0.999950 -0.009969 0.000804 -9.596439 0.009967 0.999949 0.001581 -0.045074 -0.000819 -0.001573 0.999998 0.019915 
140 149 0.999963 -0.005539 -0.006639 -9.618595 0.005570 0.999974 0.004675 -0.020914 0.006613 -0.004711 0.999967 -0.043736 
150 159 0.999959 0.002490 0.008711 -9.536681 -0.002359 0.999884 -0.015029 -0.016232 -0.008748 0.015008 0.999849 0.053073 
160 169 0.999890 0.014356 -0.003841 -9.393024 -0.014371 0.999889 -0.004008 0.010574 0.003783 0.004062 0.999985 0.030906 
170 179 0.999935 -0.002743 -0.011025 -9.125846 0.002747 0.999996 0.000329 -0.029726 0.011024 -0.000360 0.999939 -0.066502 
180 190 0.999938 -0.003328 0.010609 -9.436778 0.003141 0.999841 0.017530 -0.003694 -0.010666 -0.017496 0.999790 -0.022405 
191 203 0.999839 -0.017289 -0.004884 -9.674002 0.017256 0.999828 -0.006848 -0.106340 0.005001 0.006762 0.999965 -0.042631 
204 222 0.999883 -0.015279 -0.000342 -9.927691 0.015280 0.999880 0.002617 -0.040896 0.000302 -0.002622 0.999997 -0.052735 
223 286 0.977649 0.205785 0.043063 -9.762571 -0.206318 0.978450 0.008251 2.000374 -0.040437 -0.016951 0.999038 0.424056 
287 313 0.318735 0.947815 0.007430 -8.862614 -0.947152 0.318193 0.040705 3.630502 0.036217 -0.020011 0.999144 0.046796 
314 328 0.995746 0.092136 -0.000109 -9.293000 -0.092132 0.995684 -0.011167 -0.029453 -0.000921 0.011130 0.999938 0.107326 
329 341 0.999962 -0.007812 -0.003884 -9.893015 0.007821 0.999967 0.002263 -0.041135 0.003866 -0.002294 0.999990 0.073667 
342 352 0.999986 0.004589 -0.002672 -9.819212 -0.004592 0.999989 -0.000948 -0.005582 0.002668 0.000960 0.999996 0.039168 
353 364 0.999979 -0.006009 -0.002283 -9.620790 0.006008 0.999982 -0.000408 -0.048233 0.002286 0.000395 0.999997 0.010736 
365 377 0.999991 0.002869 -0.003248 -9.506259 -0.002848 0.999975 0.006540 0.012131 0.003266 -0.006531 0.999973 -0.029098 
378 395 0.977498 0.210940 -0.001398 -9.579644 -0.210942 0.977496 -0.002228 1.306741 0.000897 0.002473 0.999997 -0.040268 
396 425 0.650093 0.758578 0.044028 -9.028809 -0.759818 0.649539 0.027868 3.481096 -0.007458 -0.051570 0.998642 0.326010 
426 446 0.909957 0.414654 -0.006357 -9.926641 -0.414661 0.909976 0.000254 0.806465 0.005890 0.002405 0.999980 0.111578 
447 460 0.999883 0.014866 -0.003630 -9.316445 -0.014880 0.999882 -0.003928 -0.028440 0.003571 0.003981 0.999986 0.072178 
461 472 0.999965 -0.007764 -0.003061 -9.696212 0.007769 0.999968 0.001702 -0.044834 0.003048 -0.001726 0.999994 0.074320 
473 483 0.999981 -0.004036 0.004756 -9.612402 0.004075 0.999958 -0.008200 -0.038961 -0.004723 0.008219 0.999955 0.105140 
484 493 0.999967 0.000808 -0.008143 -9.218986 -0.000899 0.999937 -0.011198 -0.042790 0.008133 0.011205 0.999904 0.031892 
494 503 0.999973 -0.005569 -0.004868 -9.517420 0.005593 0.999972 0.004922 -0.037017 0.004840 -0.004949 0.999976 -0.001067 
504 512 0.999986 0.001217 0.005121 -8.540294 -0.001265 0.999956 0.009300 0.003817 -0.005109 -0.009307 0.999944 0.096373 
513 522 0.999896 0.008325 -0.011788 -9.656951 -0.008450 0.999908 -0.010648 -0.007884 0.011698 0.010747 0.999874 -0.010969 
523 532 0.999993 -0.002316 0.002998 -9.598014 0.002343 0.999957 -0.009022 -0.087156 -0.002977 0.009029 0.999955 -0.002415 
533 542 0.999889 -0.013105 0.007155 -9.490991 0.013086 0.999910 0.002787 -0.082380 -0.007191 -0.002693 0.999971 0.076901 
543 552 0.999991 -0.003085 -0.002909 -9.384253 0.003084 0.999995 -0.000442 -0.027419 0.002910 0.000433 0.999996 0.004346 
553 562 0.999875 0.009878 0.012360 -9.251367 -0.009962 0.999927 0.006765 0.019086 -0.012293 -0.006887 0.999901 0.036570 
563 572 0.999989 -0.004749 -0.000622 -9.114119 0.004751 0.999985 0.002811 -0.062434 0.000609 -0.002814 0.999996 0.043250 
573 582 0.999697 -0.021318 -0.012294 -9.421098 0.021364 0.999765 0.003630 -0.100518 0.012214 -0.003891 0.999918 -0.090669 
583 593 0.999913 -0.012049 0.005275 -9.736649 0.012027 0.999919 0.004169 -0.054226 -0.005325 -0.004105 0.999977 -0.028808 
594 604 0.999957 0.008707 -0.003307 -9.843177 -0.008684 0.999938 0.006972 0.032884 0.003367 -0.006943 0.999970 -0.043681 
605 617 0.999954 0.006529 -0.007000 -9.373815 -0.006467 0.999940 0.008860 0.018446 0.007057 -0.008814 0.999936 -0.101638 
618 640 0.999929 0.011348 0.003597 -9.797532 -0.011356 0.999933 0.002157 0.063210 -0.003572 -0.002197 0.999991 -0.036102 
641 691 0.811372 0.583244 0.038747 -9.186181 -0.582264 0.812280 -0.034195 3.857145 -0.051417 0.005183 0.998664 0.422093 
692 713 0.763287 0.646033 -0.005914 -9.657559 -0.645581 0.763041 0.031513 2.003907 0.024871 -0.020235 0.999486 0.037492 
714 728 0.986554 0.163435 -0.000151 -9.463097 -0.163432 0.986534 -0.006444 0.336005 -0.000904 0.006382 0.999979 0.077244 
729 741 0.999948 0.010147 -0.001420 -9.734243 -0.010150 0.999947 -0.001928 -0.007386 0.001400 0.001942 0.999997 0.081437 
742 753 0.999971 0.007515 0.000839 -9.643153 -0.007523 0.999931 0.009053 0.029913 -0.000771 -0.009060 0.999959 0.091918 
754 766 0.999921 0.006365 -0.010821 -9.908042 -0.006393 0.999976 -0.002560 0.001611 0.010804 0.002629 0.999938 -0.048686 
767 782 0.999310 0.036959 0.003636 -9.932106 -0.036971 0.999311 0.003357 0.275694 -0.003510 -0.003489 0.999988 0.033490 
783 800 0.894357 0.447315 -0.005869 -9.410945 -0.447338 0.894359 -0.003215 2.213028 0.003811 0.005501 0.999978 0.021216 
801 818 0.739817 0.672509 0.020032 -9.083322 -0.672805 0.739411 0.024576 2.822895 0.001715 -0.031660 0.999497 0.140578 
819 834 0.969392 0.245431 0.006482 -9.896651 -0.245438 0.969412 0.000246 0.522601 -0.006223 -0.001830 0.999979 0.161322 
835 847 0.999936 0.011065 -0.002478 -9.806032 -0.011050 0.999923 0.005711 0.010595 0.002541 -0.005683 0.999981 0.078371 
848 858 0.999948 0.007123 -0.007329 -9.339665 -0.007158 0.999963 -0.004681 0.012707 0.007296 0.004733 0.999962 0.073352 
859 868 0.999982 0.005778 0.001367 -9.013285 -0.005783 0.999979 0.003032 0.016239 -0.001350 -0.003040 0.999994 0.082213 
869 878 0.999986 0.004965 -0.001941 -9.324121 -0.004971 0.999983 -0.002940 -0.000606 0.001927 0.002949 0.999994 0.012905 
879 888 0.999965 -0.008197 0.001572 -9.398199 0.008209 0.999934 -0.008029 -0.071328 -0.001506 0.008041 0.999967 0.027405 
889 898 0.999964 -0.005996 0.006019 -9.389547 0.005980 0.999979 0.002669 -0.030829 -0.006035 -0.002633 0.999978 0.095395 
899 908 0.999975 -0.005601 -0.004299 -9.384679 0.005563 0.999946 -0.008748 -0.065765 0.004348 0.008723 0.999952 -0.005164 
909 918 0.999987 -0.000965 0.004930 -9.374756 0.000836 0.999659 0.026115 0.016030 -0.004953 -0.026110 0.999647 0.016388 
919 928 0.999968 -0.001012 -0.007972 -9.401906 0.000974 0.999988 -0.004735 -0.011515 0.007976 0.004727 0.999957 0.013461 
929 938 0.999992 0.000004 0.003984 -9.395680 0.000000 1.000000 -0.000995 -0.022206 -0.003984 0.000995 0.999992 0.062054 
939 948 0.999965 -0.002786 -0.007902 -9.289068 0.002869 0.999941 0.010491 0.001832 0.007872 -0.010513 0.999914 0.004474 
949 958 0.999966 0.007729 0.002935 -9.082858 -0.007670 0.999783 -0.019353 -0.017677 -0.003084 0.019330 0.999808 0.035416 
959 969 0.999996 0.002391 -0.001227 -9.829767 -0.002394 0.999994 -0.002416 -0.039608 0.001221 0.002419 0.999996 0.021864 
970 980 0.999976 -0.005582 0.004159 -9.533294 0.005614 0.999956 -0.007492 -0.055755 -0.004117 0.007515 0.999963 0.061106 
981 992 0.999812 -0.004528 -0.018873 -9.725012 0.004817 0.999871 0.015342 -0.001822 0.018801 -0.015430 0.999704 -0.122420 
993 1006 1.000000 0.000892 0.000147 -9.548395 -0.000890 0.999941 -0.010820 -0.049904 -0.000157 0.010820 0.999941 -0.066361 
1007 1028 0.996895 -0.078137 -0.009721 -9.944605 0.078210 0.996909 0.007452 -0.458423 0.009109 -0.008189 0.999925 -0.130047 
1029 1081 0.663323 0.747256 0.040130 -8.392564 -0.747205 0.664314 -0.019285 5.134519 -0.041070 -0.017193 0.999008 0.265380 
1082 1102 0.747579 0.664173 -0.000123 -9.427752 -0.664100 0.747500 0.014627 1.545296 0.009807 -0.010853 0.999893 0.065246 
1103 1117 0.999913 0.012465 0.004241 -9.825436 -0.012427 0.999884 -0.008801 -0.020407 -0.004350 0.008748 0.999952 0.107108 
1118 1128 0.999963 0.006588 -0.005530 -9.284298 -0.006556 0.999962 0.005789 0.013819 0.005568 -0.005753 0.999968 0.058905 
1129 1140 0.999930 0.011744 -0.001268 -9.848660 -0.011746 0.999930 -0.001707 0.018687 0.001248 0.001722 0.999998 0.043504 
1141 1152 0.999931 0.008264 -0.008374 -9.461734 -0.008235 0.999960 0.003491 0.014613 0.008402 -0.003422 0.999959 -0.053958 
1153 1167 0.999704 0.024305 0.000771 -9.850517 -0.024312 0.999660 0.009467 0.172053 -0.000540 -0.009483 0.999955 -0.040381 
1168 1190 0.850410 0.526020 -0.010267 -9.300106 -0.526041 0.849780 -0.033986 2.633685 -0.009153 0.034302 0.999370 0.002234 
1191 1216 0.701873 0.711203 0.039562 -9.408038 -0.712090 0.701937 0.014578 2.818046 -0.017402 -0.038404 0.999111 0.091247 
1217 1233 0.994230 0.107183 0.004222 -9.917129 -0.107209 0.994216 0.006432 0.220280 -0.003508 -0.006848 0.999970 0.068254 
1234 1246 0.999713 0.023728 -0.003248 -9.842731 -0.023706 0.999697 0.006684 0.100738 0.003406 -0.006605 0.999972 0.055850 
1247 1257 0.999883 0.015128 -0.002129 -9.479136 -0.015136 0.999879 -0.003666 0.013534 0.002074 0.003698 0.999991 0.067562 
1258 1267 0.999954 0.006723 -0.006894 -9.129871 -0.006769 0.999955 -0.006670 -0.005431 0.006849 0.006717 0.999954 0.008883 
1268 1277 0.999959 -0.008564 0.002773 -9.314855 0.008607 0.999834 -0.016076 -0.100473 -0.002635 0.016099 0.999867 0.064797 
1278 1287 0.999967 -0.001489 -0.008034 -9.322880 0.001598 0.999907 0.013552 -0.008807 0.008013 -0.013565 0.999876 -0.021848 
1288 1297 0.999958 0.003100 0.008665 -9.351665 -0.003010 0.999942 -0.010382 -0.022662 -0.008697 0.010356 0.999909 0.010468 
1298 1307 0.999945 0.000560 0.010452 -9.402304 -0.000522 0.999993 -0.003603 -0.042692 -0.010454 0.003597 0.999939 0.120384 
1308 1317 0.999953 -0.004839 -0.008421 -9.482801 0.004864 0.999984 0.003040 -0.049724 0.008407 -0.003081 0.999960 0.021538 
1318 1327 0.999982 -0.005828 -0.001054 -9.522009 0.005828 0.999983 0.000179 -0.044700 0.001053 -0.000185 0.999999 -0.015843 
1328 1337 0.999925 -0.001478 0.012187 -9.583773 0.001476 0.999999 0.000159 -0.038588 -0.012187 -0.000141 0.999926 0.127830 
1338 1347 0.999788 -0.001436 -0.020533 -9.661482 0.001504 0.999994 0.003271 -0.024504 0.020529 -0.003302 0.999784 -0.078126 
1348 1357 0.999993 -0.002956 0.002467 -9.609154 0.002932 0.999947 0.009906 -0.032726 -0.002496 -0.009899 0.999948 -0.006562 
1358 1367 0.999926 -0.011496 0.003983 -9.420577 0.011508 0.999929 -0.003043 -0.075269 -0.003948 0.003088 0.999987 0.038910 
1368 1378 0.999996 -0.002773 -0.000098 -9.775392 0.002774 0.999929 0.011602 0.003455 0.000066 -0.011602 0.999933 0.007788 
1379 1390 0.999980 0.001431 -0.006103 -9.406925 -0.001376 0.999958 0.009009 0.012615 0.006116 -0.009001 0.999941 -0.069912 
1391 1406 0.999989 -0.001025 0.004619 -9.847494 0.001055 0.999978 -0.006608 -0.017233 -0.004612 0.006613 0.999968 -0.012613 
1407 1441 0.997611 0.067644 -0.013990 -9.906487 -0.067874 0.997553 -0.016748 0.468320 0.012823 0.017658 0.999762 -0.070175 
1442 1475 0.455992 0.889374 0.032944 -8.846730 -0.889493 0.456657 -0.016301 3.639951 -0.029542 -0.021871 0.999324 0.034131 
1476 1492 0.963405 0.268034 0.003071 -9.921201 -0.268027 0.963408 -0.002487 0.774581 -0.003626 0.001572 0.999992 0.106885 
1493 1505 0.996011 0.089214 0.001485 -9.644292 -0.089222 0.995989 0.006708 0.286991 -0.000880 -0.006814 0.999976 0.111047 
1506 1517 0.999462 0.031132 -0.010276 -9.891914 -0.031053 0.999487 0.007795 0.091903 0.010513 -0.007472 0.999917 0.032788 
1518 1529 0.999998 -0.002092 0.000023 -9.735695 0.002092 0.999962 -0.008510 -0.056066 -0.000005 0.008510 0.999964 0.000424 
1530 1542 0.999977 -0.004023 0.005408 -9.679439 0.004006 0.999987 0.003219 -0.007902 -0.005421 -0.003197 0.999980 0.068507 
1543 1557 0.975227 0.221081 -0.007481 -9.600932 -0.221031 0.975242 0.006994 1.278826 0.008842 -0.005167 0.999948 -0.010309 
1558 1575 0.715008 0.698892 -0.017687 -9.410838 -0.699053 0.715054 -0.004688 3.365113 0.009371 0.015716 0.999833 0.035885 
1576 1592 0.890795 0.454286 -0.010389 -9.841032 -0.454171 0.890837 0.011727 1.254301 0.014582 -0.005728 0.999877 -0.097308 
1593 1605 0.999819 0.014857 0.011918 -9.240725 -0.014889 0.999886 0.002629 0.012693 -0.011878 -0.002806 0.999926 0.074576 
1606 1616 0.999937 0.007203 -0.008580 -9.095127 -0.007136 0.999944 0.007785 0.029264 0.008636 -0.007724 0.999933 0.018871 
1617 1626 0.999942 0.006151 -0.008881 -9.117131 -0.006235 0.999935 -0.009568 0.000579 0.008822 0.009622 0.999915 -0.003795 
1627 1636 0.999903 0.007337 0.011876 -9.617705 -0.007350 0.999972 0.001050 0.020780 -0.011868 -0.001137 0.999929 0.148637 
1637 1646 0.999957 0.003991 -0.008429 -9.821488 -0.004071 0.999948 -0.009380 -0.026857 0.008392 0.009414 0.999920 0.024966 
1647 1656 0.999959 -0.007697 -0.004776 -9.832731 0.007671 0.999956 -0.005309 -0.066904 0.004817 0.005272 0.999974 -0.010640 
1657 1666 0.999970 -0.007646 0.001271 -9.792041 0.007647 0.999971 -0.000517 -0.048379 -0.001267 0.000527 0.999999 0.044612 
1667 1676 0.999976 -0.006911 -0.000217 -9.764149 0.006912 0.999953 0.006767 -0.041645 0.000170 -0.006769 0.999977 0.014278 
1677 1686 0.999998 -0.001854 0.000047 -9.728885 0.001855 0.999973 -0.007179 -0.026251 -0.000033 0.007179 0.999974 0.014493 
1687 1696 0.999978 -0.000544 0.006559 -9.717946 0.000531 0.999998 0.001930 -0.014308 -0.006560 -0.001926 0.999977 0.066568 
1697 1706 0.999960 0.002039 -0.008697 -9.673740 -0.001993 0.999984 0.005265 0.008864 0.008707 -0.005248 0.999948 -0.029717 
1707 1716 0.999920 0.008562 0.009258 -9.483420 -0.008322 0.999636 -0.025663 -0.027019 -0.009474 0.025584 0.999628 0.040347 
1717 1726 0.999900 0.013287 -0.004915 -9.173355 -0.013303 0.999906 -0.003222 0.006623 0.004872 0.003287 0.999983 0.023201 
1727 1737 0.999941 -0.007779 -0.007615 -9.598700 0.007696 0.999912 -0.010776 -0.087912 0.007698 0.010717 0.999913 -0.058520 
1738 1749 0.999948 -0.009786 -0.002944 -9.529383 0.009828 0.999845 0.014632 -0.021415 0.002800 -0.014660 0.999889 -0.061639 
1750 1763 0.999909 -0.013367 0.001525 -9.437842 0.013378 0.999883 -0.007440 -0.079442 -0.001425 0.007460 0.999971 -0.070337 
1764 1784 0.999405 -0.034389 -0.002735 -9.846216 0.034411 0.999370 0.008707 -0.171875 0.002434 -0.008796 0.999958 -0.075233 
1785 1842 0.906000 0.420071 0.052008 -9.186821 -0.419739 0.907473 -0.017671 3.306168 -0.054619 -0.005820 0.998490 0.485760 
1843 1867 0.506062 0.862384 0.013954 -9.292365 -0.862006 0.505162 0.041921 2.906521 0.029103 -0.033244 0.999023 0.044203 
1868 1883 0.994926 0.100527 0.003984 -9.746176 -0.100464 0.994848 -0.013580 0.048147 -0.005328 0.013111 0.999900 0.107871 
1884 1896 0.999795 -0.019675 -0.004789 -9.596422 0.019685 0.999804 0.002116 -0.097791 0.004746 -0.002210 0.999986 0.075970 
1897 1908 0.999969 -0.006409 -0.004608 -9.571067 0.006407 0.999979 -0.000316 -0.044823 0.004610 0.000286 0.999989 0.032866 
1909 1920 0.999990 -0.002857 -0.003558 -9.432662 0.002865 0.999993 0.002237 -0.024653 0.003552 -0.002247 0.999991 -0.012530 
1921 1934 0.999993 0.003672 0.000565 -9.459749 -0.003675 0.999983 0.004504 0.015385 -0.000549 -0.004506 0.999990 -0.024542 
1935 1955 0.946849 0.321677 0.000948 -9.656274 -0.321651 0.946802 -0.010343 1.813522 -0.004225 0.009488 0.999946 0.008671 
1956 1989 0.633526 0.773173 0.029112 -9.192746 -0.773645 0.633544 0.009788 3.675508 -0.010876 -0.028723 0.999528 0.224949 
1990 2009 0.955515 0.294826 -0.008290 -9.623914 -0.294746 0.955527 0.009639 0.491828 0.010763 -0.006767 0.999919 0.089628 
2010 2023 0.999880 0.015278 -0.002366 -9.496067 -0.015279 0.999883 -0.000556 -0.005095 0.002357 0.000592 0.999997 0.081786 
2024 2035 0.999901 0.012056 -0.007234 -9.616769 -0.012081 0.999921 -0.003329 0.012814 0.007193 0.003416 0.999968 0.030706 
2036 2046 0.999968 -0.000696 0.007945 -9.522283 0.000787 0.999933 -0.011518 -0.032630 -0.007937 0.011524 0.999902 0.109909 
2047 2057 0.999923 -0.010876 -0.005987 -9.989207 0.010764 0.999773 -0.018407 -0.130195 0.006186 0.018341 0.999813 0.027845 
2058 2067 0.999981 -0.004175 0.004541 -9.224021 0.004119 0.999917 0.012246 -0.003602 -0.004592 -0.012227 0.999915 0.084722 
2068 2077 0.999971 0.004152 -0.006375 -9.365062 -0.004122 0.999980 0.004776 -0.005101 0.006395 -0.004750 0.999968 0.083685 
2078 2087 0.999958 0.006873 -0.006005 -9.430964 -0.006908 0.999960 -0.005745 -0.013534 0.005966 0.005787 0.999965 0.005255 
2088 2097 0.999992 0.003951 0.000789 -9.457876 -0.003947 0.999978 -0.005281 -0.031740 -0.000810 0.005278 0.999986 0.019213 
2098 2107 0.999931 -0.011510 0.002234 -9.458467 0.011506 0.999932 0.001654 -0.083649 -0.002253 -0.001628 0.999996 0.021777 
2108 2117 0.999931 -0.010657 -0.004852 -9.443809 0.010656 0.999943 -0.000134 -0.071975 0.004853 0.000083 0.999988 -0.017860 
2118 2127 0.999929 -0.001997 0.011781 -9.364104 0.001981 0.999997 0.001364 -0.030228 -0.011783 -0.001341 0.999930 0.051708 
2128 2137 0.999986 -0.005232 0.001128 -9.337137 0.005223 0.999959 0.007395 -0.049434 -0.001167 -0.007389 0.999972 0.051702 
2138 2147 0.999831 -0.013523 -0.012442 -9.292453 0.013535 0.999908 0.000882 -0.078952 0.012429 -0.001051 0.999922 -0.060316 
2148 2157 0.999986 0.001390 -0.005026 -9.119898 -0.001365 0.999987 0.004911 -0.003028 0.005033 -0.004904 0.999975 -0.050058 
2158 2168 0.999960 0.008386 -0.002993 -9.328592 -0.008381 0.999963 0.001694 0.000880 0.003007 -0.001669 0.999994 -0.066206 
2169 2182 0.999973 0.004410 -0.005943 -9.984635 -0.004395 0.999987 0.002439 -0.002166 0.005954 -0.002412 0.999979 -0.112525 
2183 2203 0.999976 0.005167 -0.004524 -9.856817 -0.005157 0.999984 0.002327 0.033054 0.004536 -0.002303 0.999987 -0.102389 
2204 2252 0.748754 0.661686 0.039242 -8.797710 -0.660654 0.749779 -0.036988 4.257327 -0.053898 0.001770 0.998545 0.329878 
2253 2273 0.808475 0.588528 0.001659 -9.715088 -0.588227 0.807966 0.034343 2.079663 0.018871 -0.028741 0.999409 0.063047 
2274 2288 0.989170 0.146747 -0.002849 -9.837120 -0.146764 0.989145 -0.007222 0.259631 0.001758 0.007562 0.999970 0.072353 
2289 2300 0.999954 0.009502 0.000873 -9.208747 -0.009502 0.999955 0.000106 -0.000703 -0.000872 -0.000115 1.000000 0.069483 
2301 2311 0.999996 -0.001311 0.002391 -9.110106 0.001306 0.999997 0.002145 -0.021898 -0.002394 -0.002142 0.999995 0.091678 
2312 2323 0.999921 -0.005438 -0.011314 -9.829455 0.005463 0.999983 0.002203 -0.029659 0.011302 -0.002265 0.999934 -0.036458 
2324 2336 0.999657 0.025716 -0.004923 -9.333126 -0.025706 0.999667 0.002063 0.176296 0.004975 -0.001935 0.999986 -0.050667 
2337 2353 0.898469 0.439009 -0.005015 -9.647082 -0.438977 0.898476 0.006348 2.353290 0.007293 -0.003502 0.999967 -0.034556 
2354 2372 0.676279 0.736603 0.007972 -9.289235 -0.736633 0.676163 0.013259 3.216395 0.004376 -0.014839 0.999880 0.160316 
2373 2388 0.976436 0.215664 0.007841 -9.520728 -0.215682 0.976462 0.001532 0.323858 -0.007326 -0.003187 0.999968 0.153889 
2389 2401 0.999983 -0.004022 -0.004263 -9.823484 0.004010 0.999988 -0.002885 -0.044156 0.004274 0.002868 0.999987 0.075204 
2402 2412 0.999945 -0.004481 -0.009455 -9.504162 0.004465 0.999989 -0.001695 -0.019538 0.009462 0.001653 0.999954 0.060970 
2413 2422 0.999995 -0.003149 0.000914 -9.135197 0.003149 0.999995 0.000201 -0.027861 -0.000915 -0.000198 1.000000 0.063535 
2423 2432 0.999997 -0.002000 -0.001208 -9.527591 0.002002 0.999997 0.001352 -0.022139 0.001205 -0.001354 0.999998 0.013371 
2433 2442 0.999996 0.000028 0.002875 -9.766797 -0.000016 0.999991 -0.004231 -0.028793 -0.002875 0.004231 0.999987 0.057527 
2443 2452 0.999998 -0.001596 -0.000785 -9.870879 0.001596 0.999999 0.000009 -0.034246 0.000785 -0.000011 1.000000 0.035338 
2453 2462 0.999968 -0.005460 -0.005898 -9.907282 0.005385 0.999905 -0.012711 -0.065559 0.005967 0.012678 0.999902 -0.043062 
2463 2472 0.999939 0.000118 0.011016 -9.864508 -0.000324 0.999825 0.018704 -0.002794 -0.011012 -0.018707 0.999764 0.049549 
2473 2482 0.999999 -0.000956 -0.000465 -9.875024 0.000954 0.999996 -0.002832 -0.026093 0.000468 0.002831 0.999996 0.088217 
2483 2492 0.999998 0.000904 -0.001624 -9.860040 -0.000901 0.999998 0.001934 -0.007173 0.001626 -0.001932 0.999997 0.027413 
2493 2502 0.999995 0.002126 0.002418 -9.792941 -0.002121 0.999995 -0.002250 -0.008695 -0.002423 0.002245 0.999995 0.084960 
2503 2512 0.999981 0.002553 -0.005597 -9.609582 -0.002644 0.999864 -0.016258 -0.035465 0.005555 0.016272 0.999852 -0.018652 
2513 2522 1.000000 0.000851 0.000255 -9.386881 -0.000850 0.999996 -0.002734 -0.025079 -0.000257 0.002734 0.999996 -0.030729 
2523 2533 0.999999 -0.001217 0.001168 -9.605064 0.001211 0.999986 0.005100 -0.024005 -0.001174 -0.005098 0.999986 -0.007709 
2534 2545 0.999965 -0.007951 -0.002433 -9.280018 0.007948 0.999968 -0.000963 -0.056010 0.002440 0.000944 0.999997 -0.021008 
2546 2561 0.999768 -0.021379 -0.002579 -9.777544 0.021344 0.999691 -0.012730 -0.160474 0.002851 0.012672 0.999916 -0.051474 
2562 2597 0.996896 -0.078723 0.001226 -9.997363 0.078702 0.996818 0.012665 -0.344306 -0.002219 -0.012529 0.999919 0.023310 
2598 2645 0.206111 0.978383 0.016878 -7.946585 -0.978524 0.206130 0.000595 5.491725 -0.002897 -0.016639 0.999857 -0.024406 
2646 2663 0.966754 0.255699 0.002054 -9.945405 -0.255646 0.966666 -0.014235 0.211222 -0.005625 0.013237 0.999897 0.115761 
2664 2676 0.999897 0.014198 -0.002277 -9.416258 -0.014199 0.999899 -0.000773 0.024300 0.002265 0.000805 0.999997 0.069288 
2677 2688 0.999956 0.008606 -0.003669 -9.762982 -0.008609 0.999963 -0.000703 0.005315 0.003663 0.000734 0.999993 0.039591 
2689 2700 0.999982 0.005919 -0.001149 -9.928781 -0.005921 0.999980 -0.002029 -0.014347 0.001137 0.002036 0.999997 0.015829 
2701 2713 0.999984 -0.004875 -0.002811 -9.834373 0.004881 0.999986 0.002109 -0.034663 0.002801 -0.002123 0.999994 -0.019330 
2714 2730 0.995527 0.094368 -0.004478 -9.743776 -0.094343 0.995524 0.005582 0.667838 0.004985 -0.005135 0.999974 -0.072180 
2731 2760 0.642048 0.766431 0.018930 -9.145538 -0.765898 0.642314 -0.028865 3.940624 -0.034282 0.004035 0.999404 0.312105 
2761 2784 0.882854 0.469136 0.021900 -9.699786 -0.469641 0.881651 0.046138 0.911701 0.002337 -0.051018 0.998695 0.154215 
2785 2798 0.998113 0.060761 -0.008831 -9.469880 -0.060696 0.998128 0.007462 0.193423 0.009268 -0.006912 0.999933 0.108611 
2799 2810 0.999921 0.012513 -0.001503 -9.944706 -0.012511 0.999921 0.001194 0.009814 0.001517 -0.001175 0.999998 0.104016 
2811 2820 0.999903 0.012667 -0.005764 -9.057339 -0.012746 0.999821 -0.013988 0.002728 0.005586 0.014060 0.999886 0.049157 
2821 2830 0.999906 -0.013466 -0.002670 -9.581904 0.013436 0.999850 -0.010897 -0.109155 0.002816 0.010860 0.999937 0.033000 
2831 2840 0.999839 -0.016941 -0.005965 -9.954340 0.016945 0.999856 0.000708 -0.089998 0.005952 -0.000809 0.999982 -0.018595 
2841 2849 0.999989 0.000776 0.004534 -9.036812 -0.000835 0.999914 0.013054 0.011041 -0.004523 -0.013057 0.999905 0.064650 
2850 2858 0.999942 0.004897 -0.009622 -9.197546 -0.005030 0.999892 -0.013821 -0.029823 0.009554 0.013868 0.999858 0.028410 
2859 2867 0.999975 0.005303 -0.004596 -9.270888 -0.005326 0.999974 -0.004866 -0.017372 0.004570 0.004890 0.999978 -0.017446 
2868 2876 0.999946 -0.000990 0.010356 -9.233492 0.000968 0.999997 0.002159 -0.035318 -0.010358 -0.002149 0.999944 0.105609 
2877 2885 0.999969 -0.004326 -0.006535 -9.166256 0.004333 0.999990 0.001183 -0.042049 0.006529 -0.001211 0.999978 0.047717 
2886 2894 0.999995 -0.003178 -0.000372 -9.059366 0.003181 0.999960 0.008303 -0.026291 0.000346 -0.008304 0.999965 0.026640 
2895 2903 0.999991 -0.002595 0.003472 -8.962368 0.002586 0.999993 0.002813 -0.031044 -0.003479 -0.002804 0.999990 0.082977 
2904 2913 0.999877 -0.012565 -0.009434 -9.964941 0.012655 0.999874 0.009631 -0.062507 0.009312 -0.009750 0.999909 -0.008917 
2914 2923 0.999984 -0.003885 -0.004210 -9.631428 0.003859 0.999972 -0.006361 -0.038463 0.004234 0.006344 0.999971 -0.093231 
2924 2934 0.999985 0.005449 -0.000702 -9.897324 -0.005448 0.999983 0.001932 0.005416 0.000712 -0.001928 0.999998 -0.060215 
2935 2946 0.999984 0.003681 0.004388 -9.339069 -0.003716 0.999961 0.007959 -0.001506 -0.004359 -0.007976 0.999959 -0.044477 
2947 2963 0.999999 0.001299 0.000712 -9.870888 -0.001302 0.999988 0.004722 0.010636 -0.000705 -0.004723 0.999989 -0.051853 
2964 3004 0.895500 0.441329 0.057513 -9.458940 -0.440971 0.897310 -0.019469 3.092149 -0.060199 -0.007927 0.998155 0.604943 
3005 3030 0.673520 0.739161 0.003342 -9.576387 -0.738377 0.672583 0.049303 2.096898 0.034194 -0.035674 0.998778 0.013927 
3031 3046 0.982557 0.185954 -0.001601 -9.649025 -0.185953 0.982558 0.000406 0.600399 0.001649 -0.000101 0.999999 0.079261 
3047 3059 0.999312 0.037065 -0.001268 -9.624404 -0.037070 0.999302 -0.004659 0.038010 0.001094 0.004703 0.999988 0.076307 
3060 3070 0.999993 -0.002746 -0.002391 -9.235476 0.002762 0.999974 0.006699 -0.018990 0.002372 -0.006705 0.999975 0.082573 
3071 3080 0.999979 0.003819 -0.005262 -9.018529 -0.003820 0.999993 -0.000101 0.004790 0.005261 0.000121 0.999986 0.035971 
3081 3090 0.999975 0.006175 0.003537 -9.377551 -0.006176 0.999981 0.000009 0.013806 -0.003537 -0.000031 0.999994 0.049852 
3091 3100 0.999964 0.007749 0.003364 -9.598404 -0.007725 0.999945 -0.007129 0.003084 -0.003419 0.007103 0.999969 0.049442 
3101 3110 0.999984 -0.000012 0.005663 -9.620566 -0.000037 0.999963 0.008620 -0.010353 -0.005663 -0.008620 0.999947 0.097033 
3111 3120 0.999887 -0.008833 -0.012135 -9.419525 0.008874 0.999955 0.003354 -0.031380 0.012104 -0.003461 0.999921 -0.063135 
3121 3131 0.999943 -0.005404 0.009231 -9.813226 0.005324 0.999948 0.008682 -0.037367 -0.009278 -0.008633 0.999920 -0.004107 
3132 3143 0.999999 0.001029 0.000945 -9.903176 -0.001028 0.999999 -0.000309 -0.001384 -0.000946 0.000308 1.000000 0.005912 
3144 3157 0.999986 0.003478 -0.004104 -9.988788 -0.003470 0.999992 0.001843 0.004558 0.004111 -0.001829 0.999990 -0.061581 
3158 3176 0.999940 -0.000821 0.010958 -9.892310 0.000821 1.000000 0.000055 -0.009654 -0.010959 -0.000046 0.999940 -0.000944 
3177 3239 0.997484 0.068049 -0.019897 -9.888278 -0.068365 0.997537 -0.015695 0.507522 0.018780 0.017016 0.999679 -0.131848 
3240 3269 0.631363 0.774838 0.031731 -8.938900 -0.774993 0.631893 -0.009858 3.974395 -0.027689 -0.018368 0.999448 0.009990 
3270 3288 0.867344 0.497679 0.005512 -9.503262 -0.497705 0.867232 0.014088 1.331664 0.002231 -0.014963 0.999886 0.133116 
3289 3303 0.998904 0.046197 -0.007558 -9.900959 -0.046180 0.998930 0.002403 0.063781 0.007661 -0.002051 0.999969 0.090428 
3304 3315 0.999985 0.000838 -0.005484 -9.223311 -0.000867 0.999986 -0.005250 -0.032263 0.005479 0.005254 0.999971 0.068891 
3316 3325 0.999958 -0.000189 0.009128 -9.113934 0.000301 0.999925 -0.012237 -0.042148 -0.009125 0.012239 0.999883 0.104280 
3326 3336 0.999942 0.003724 -0.010108 -9.630483 -0.003525 0.999802 0.019607 0.030123 0.010180 -0.019571 0.999757 0.027618 
3337 3346 0.999984 0.004545 0.003322 -9.035819 -0.004557 0.999983 0.003767 0.007989 -0.003305 -0.003782 0.999987 0.050654 
3347 3356 0.999956 0.004538 0.008211 -9.358988 -0.004455 0.999938 -0.010166 -0.022369 -0.008256 0.010129 0.999915 0.116908 
3357 3366 0.999994 0.000891 -0.003439 -9.630735 -0.000888 0.999999 0.001094 -0.018242 0.003440 -0.001091 0.999993 0.086119 
3367 3376 0.999995 0.002154 0.002509 -9.741891 -0.002127 0.999942 -0.010555 -0.025350 -0.002531 0.010549 0.999941 0.068279 
3377 3386 0.999975 0.003345 -0.006273 -9.774514 -0.003303 0.999972 0.006713 -0.008748 0.006296 -0.006692 0.999958 0.006061 
3387 3396 0.999954 -0.009374 0.001958 -9.753752 0.009388 0.999927 -0.007564 -0.089351 -0.001887 0.007582 0.999969 0.030393 
3397 3406 0.999717 -0.022976 0.006152 -9.736576 0.022966 0.999735 0.001782 -0.118335 -0.006192 -0.001640 0.999979 0.079160 
3407 3416 0.999355 -0.032082 -0.016116 -9.671003 0.031929 0.999443 -0.009682 -0.169534 0.016417 0.009161 0.999823 -0.088480 
3417 3426 0.998873 -0.046978 0.006726 -9.456463 0.047016 0.998878 -0.005643 -0.243774 -0.006453 0.005953 0.999961 0.039597 
3427 3436 0.998384 -0.056786 -0.002294 -9.166608 0.056808 0.998321 0.011326 -0.232461 0.001647 -0.011438 0.999933 -0.019602 
3437 3447 0.996704 -0.080620 -0.009021 -9.524788 0.080613 0.996745 -0.001183 -0.363252 0.009087 0.000452 0.999959 -0.126369 
3448 3459 0.996514 -0.083237 0.005566 -9.290045 0.083305 0.996435 -0.013336 -0.359467 -0.004436 0.013753 0.999896 -0.004947 
3460 3474 0.998989 -0.044946 -0.001142 -9.732348 0.044960 0.998717 0.023283 0.050769 0.000095 -0.023311 0.999728 -0.009508 
3475 3492 0.793022 0.609037 -0.013772 -9.393985 -0.609174 0.792972 -0.010109 3.001012 0.004764 0.016407 0.999854 -0.043774 
3493 3510 0.721536 0.692366 -0.003893 -9.102001 -0.692374 0.721504 -0.007141 2.881994 -0.002135 0.007848 0.999967 0.084387 
3511 3527 0.953491 0.301253 0.010054 -9.659329 -0.301294 0.953527 0.002822 0.778103 -0.008736 -0.005720 0.999945 0.067956 
3528 3541 0.995573 0.093958 -0.002471 -9.358781 -0.093950 0.995572 0.003207 0.301583 0.002762 -0.002961 0.999992 0.068412 
3542 3554 0.999523 0.030857 -0.001165 -9.893081 -0.030868 0.999468 -0.010515 0.041470 0.000840 0.010546 0.999944 0.046028 
3555 3566 0.999943 0.010568 0.001460 -9.621114 -0.010566 0.999943 -0.001454 0.002936 -0.001475 0.001439 0.999998 0.042392 
3567 3577 0.999996 -0.001152 -0.002529 -9.175070 0.001157 0.999998 0.001891 -0.028174 0.002527 -0.001893 0.999995 0.040729 
3578 3588 0.999995 -0.002236 0.002382 -9.641739 0.002223 0.999983 0.005349 -0.022077 -0.002393 -0.005343 0.999983 0.035576 
3589 3598 0.999999 0.000228 -0.001221 -9.027481 -0.000226 0.999998 0.002103 -0.009314 0.001222 -0.002103 0.999997 0.056407 
3599 3608 0.999999 -0.000542 0.001565 -9.287462 0.000544 0.999999 -0.001142 -0.024963 -0.001565 0.001142 0.999998 0.046878 
3609 3618 0.999795 0.020054 -0.002617 -9.424258 -0.020088 0.999705 -0.013680 0.055220 0.002342 0.013730 0.999903 0.028566 
3619 3628 0.999994 0.003565 0.000372 -9.468220 -0.003563 0.999984 -0.004298 -0.036195 -0.000387 0.004297 0.999991 0.053870 
3629 3638 0.999989 -0.003723 -0.002907 -9.424957 0.003723 0.999993 0.000222 -0.039938 0.002906 -0.000232 0.999996 0.036899 
3639 3648 0.999974 -0.007201 -0.000699 -9.399648 0.007201 0.999974 -0.000150 -0.052608 0.000700 0.000144 1.000000 0.022963 
3649 3658 0.999820 -0.018957 -0.000601 -9.372507 0.018954 0.999812 -0.004129 -0.105272 0.000679 0.004117 0.999991 0.018001 
3659 3668 0.999888 -0.014537 0.003652 -9.324396 0.014500 0.999844 0.010061 -0.051211 -0.003798 -0.010007 0.999943 0.043009 
3669 3678 0.999869 0.016191 -0.000010 -9.334098 -0.016190 0.999860 -0.004249 0.034483 -0.000059 0.004249 0.999991 0.055084 
3679 3688 0.999967 -0.002543 -0.007765 -9.311315 0.002551 0.999996 0.000969 -0.037790 0.007762 -0.000989 0.999969 -0.033301 
3689 3698 0.999994 -0.002092 0.002596 -9.138546 0.002101 0.999991 -0.003659 -0.029349 -0.002588 0.003664 0.999990 0.035108 
3699 3709 0.999975 0.004276 -0.005613 -9.749355 -0.004285 0.999990 -0.001553 -0.014416 0.005606 0.001577 0.999983 -0.024288 
3710 3721 0.999998 -0.000491 -0.001922 -9.739097 0.000500 0.999989 0.004685 -0.031971 0.001920 -0.004686 0.999987 -0.018555 
3722 3735 0.999573 -0.029151 -0.002104 -9.590253 0.029162 0.999557 0.005865 -0.163438 0.001932 -0.005924 0.999981 -0.041489 
3736 3757 0.974485 -0.224421 0.003753 -9.869133 0.224351 0.974412 0.013717 -1.196704 -0.006735 -0.012525 0.999899 0.024101 
3758 3787 0.735382 -0.677444 0.016813 -9.107295 0.677630 0.735334 -0.010060 -3.124237 -0.005548 0.018791 0.999808 0.116809 
3788 3807 0.846389 -0.532522 -0.006834 -9.696795 0.532558 0.846376 0.005402 -1.508656 0.002908 -0.008212 0.999962 0.076279 
3808 3822 0.999607 -0.027882 0.002770 -9.694781 0.027882 0.999611 0.000076 -0.012670 -0.002771 0.000001 0.999996 0.082348 
3823 3835 0.999971 0.003647 -0.006727 -9.341395 -0.003595 0.999963 0.007754 0.014941 0.006755 -0.007730 0.999947 -0.013274 
3836 3848 0.999992 0.003742 0.001660 -9.347331 -0.003733 0.999978 -0.005556 -0.007364 -0.001681 0.005550 0.999983 0.036794 
3849 3863 0.999816 -0.018505 -0.005071 -9.873425 0.018516 0.999827 0.002025 -0.151091 0.005033 -0.002118 0.999985 -0.000512 
3864 3880 0.933575 -0.358347 -0.005080 -9.626958 0.358331 0.933587 -0.003800 -1.887218 0.006104 0.001727 0.999980 -0.032552 
3881 3899 0.754592 -0.655982 0.016715 -9.240173 0.656006 0.754741 0.004736 -2.819098 -0.015723 0.007391 0.999849 0.121406 
3900 3917 0.955558 -0.294764 -0.004827 -9.843149 0.294801 0.955484 0.011977 -0.623115 0.001082 -0.012868 0.999917 0.057282 
3918 3932 0.999999 0.001280 0.000517 -9.872658 -0.001282 0.999996 0.002330 0.047176 -0.000514 -0.002330 0.999997 0.073692 
3933 3945 0.999857 0.016298 0.004503 -9.863609 -0.016297 0.999867 -0.000255 0.056421 -0.004507 0.000182 0.999990 0.094317 
3946 3956 0.999945 0.010379 -0.001729 -9.175350 -0.010381 0.999945 -0.001412 0.015818 0.001714 0.001430 0.999998 0.039843 
3957 3967 0.999975 0.000921 -0.006948 -10.011262 -0.000985 0.999957 -0.009210 -0.045034 0.006939 0.009217 0.999933 0.009150 
3968 3977 0.999839 -0.013080 0.012278 -9.570114 0.013194 0.999870 -0.009301 -0.083023 -0.012155 0.009461 0.999881 0.145863 
3978 3987 0.999979 -0.002275 -0.006087 -9.956324 0.002255 0.999992 -0.003318 -0.014066 0.006094 0.003304 0.999976 0.029418 
3988 3996 0.999915 0.003602 -0.012513 -9.042354 -0.003490 0.999954 0.008923 0.009158 0.012544 -0.008879 0.999882 -0.079010 
3997 4005 0.999975 -0.003608 0.006162 -9.121846 0.003646 0.999975 -0.006109 -0.028573 -0.006140 0.006131 0.999962 0.031883 
4006 4014 0.999990 0.003368 -0.003083 -9.185981 -0.003365 0.999994 0.000963 0.002543 0.003086 -0.000953 0.999995 -0.014711 
4015 4023 0.999985 -0.002379 0.005007 -9.223323 0.002391 0.999994 -0.002540 -0.041088 -0.005001 0.002552 0.999984 0.042265 
4024 4032 0.999989 -0.003367 -0.003344 -9.254212 0.003396 0.999956 0.008697 -0.010899 0.003314 -0.008709 0.999957 0.020900 
4033 4041 0.999959 0.007571 0.004892 -9.273216 -0.007632 0.999892 0.012597 0.053937 -0.004796 -0.012634 0.999909 0.046480 
4042 4050 0.999996 -0.001301 0.002456 -9.252927 0.001338 0.999890 -0.014786 -0.056822 -0.002436 0.014790 0.999888 0.071299 
4051 4059 0.999995 -0.001431 0.002814 -9.152298 0.001401 0.999945 0.010390 -0.002313 -0.002829 -0.010386 0.999942 0.119763 
4060 4068 0.999867 0.003102 -0.016042 -9.031140 -0.003069 0.999993 0.002120 -0.002137 0.016049 -0.002071 0.999869 -0.025063 
4069 4078 0.999981 -0.003645 0.004880 -9.925788 0.003632 0.999990 0.002687 -0.031768 -0.004889 -0.002669 0.999984 0.005803 
4079 4088 0.999992 -0.001778 0.003540 -9.526324 0.001765 0.999992 0.003635 -0.011263 -0.003547 -0.003629 0.999987 0.070850 
4089 4099 0.999797 -0.000833 -0.020132 -9.725626 0.000786 0.999997 -0.002369 -0.019564 0.020134 0.002352 0.999795 -0.103280 
4100 4112 0.999937 -0.010165 0.004668 -9.595480 0.010076 0.999773 0.018750 -0.057483 -0.004858 -0.018702 0.999813 -0.040843 
4113 4131 0.989059 -0.147388 -0.006286 -9.787835 0.147364 0.989074 -0.004142 -0.746359 0.006828 0.003170 0.999972 -0.024711 
4132 4163 0.764519 -0.643255 0.041649 -9.250210 0.643811 0.765184 0.000056 -3.528072 -0.031905 0.026772 0.999132 0.276508 
4164 4182 0.829123 -0.558711 -0.019918 -9.513662 0.558357 0.829340 -0.020795 -1.489055 0.028137 0.006120 0.999585 0.051222 
4183 4196 0.998432 -0.054947 -0.010677 -9.648626 0.054932 0.998489 -0.001651 -0.171662 0.010752 0.001061 0.999942 -0.012296 
4197 4208 0.999802 -0.017738 -0.008981 -9.593519 0.017780 0.999832 0.004565 -0.079607 0.008899 -0.004724 0.999949 -0.069214 
4209 4220 0.998743 -0.050056 0.002534 -9.985594 0.050011 0.998630 0.015418 -0.232218 -0.003302 -0.015272 0.999878 -0.019913 
4221 4232 0.995244 -0.096087 0.016033 -9.337170 0.096113 0.995370 -0.000824 -0.463917 -0.015880 0.002361 0.999871 0.107612 
4233 4246 0.960634 -0.277781 -0.004525 -9.568522 0.277771 0.960643 -0.002786 -1.318362 0.005121 0.001420 0.999986 -0.010387 
4247 4261 0.864581 -0.502461 0.005692 -9.146850 0.502493 0.864536 -0.008872 -2.189970 -0.000463 0.010531 0.999944 -0.019120 
4262 4276 0.903223 -0.428839 0.016892 -9.512254 0.429012 0.903261 -0.008267 -1.480925 -0.011713 0.014714 0.999823 0.061418 
4277 4289 0.998014 -0.062983 0.001433 -9.763836 0.062972 0.997993 0.006637 -0.080549 -0.001848 -0.006533 0.999977 0.096329 
4290 4300 0.999896 0.014413 0.000777 -9.243475 -0.014411 0.999893 -0.002702 0.032348 -0.000815 0.002690 0.999996 0.101577 
4301 4310 0.999886 0.014887 -0.002503 -9.037364 -0.014918 0.999806 -0.012828 0.002661 0.002312 0.012864 0.999915 0.073592 
4311 4320 0.999963 0.005002 -0.007069 -9.432733 -0.004999 0.999987 0.000450 -0.012657 0.007071 -0.000415 0.999975 0.014375 
4321 4330 0.999991 0.000505 0.004241 -9.610828 -0.000523 0.999990 0.004343 -0.008014 -0.004239 -0.004345 0.999982 0.073443 
4331 4340 0.999980 0.001456 -0.006191 -9.688765 -0.001438 0.999995 0.002922 -0.011882 0.006195 -0.002913 0.999977 0.006030 
4341 4350 0.999971 0.007462 0.001401 -9.663453 -0.007465 0.999970 0.001917 0.010150 -0.001387 -0.001927 0.999997 0.021793 
4351 4360 0.999996 0.002672 -0.000817 -9.598264 -0.002674 0.999993 -0.002487 -0.016599 0.000810 0.002489 0.999997 -0.000112 
4361 4370 0.999988 -0.001378 0.004613 -9.487185 0.001413 0.999970 -0.007599 -0.042814 -0.004602 0.007606 0.999960 0.032577 
4371 4380 0.999902 -0.013603 -0.003287 -9.434279 0.013587 0.999896 -0.004803 -0.096371 0.003352 0.004758 0.999983 0.004775 
4381 4390 0.999904 -0.013721 0.001708 -9.369867 0.013720 0.999906 0.000497 -0.070354 -0.001715 -0.000474 0.999998 0.036527 
4391 4400 0.999989 0.004573 0.000872 -9.345086 -0.004574 0.999988 0.001663 0.004002 -0.000864 -0.001667 0.999998 0.034277 
4401 4410 0.999966 0.007633 -0.002973 -9.292662 -0.007628 0.999970 0.001614 0.017549 0.002985 -0.001591 0.999994 0.030968 
4411 4420 0.999982 0.005572 -0.002330 -9.274152 -0.005568 0.999983 0.001658 0.000400 0.002339 -0.001645 0.999996 -0.004645 
4421 4430 0.999961 -0.008708 0.001502 -9.287979 0.008710 0.999962 -0.000845 -0.057463 -0.001494 0.000858 0.999999 0.017232 
4431 4440 0.999998 -0.001706 -0.000927 -9.280346 0.001712 0.999979 0.006251 -0.011324 0.000916 -0.006253 0.999980 0.030735 
4441 4450 0.999999 0.001553 0.000248 -9.181727 -0.001551 0.999963 -0.008494 -0.028625 -0.000261 0.008493 0.999964 0.030530 
4451 4461 0.999970 0.007057 -0.003076 -9.721913 -0.007039 0.999958 0.005800 0.009223 0.003117 -0.005778 0.999978 0.002308 
4462 4473 0.999917 -0.012268 -0.003964 -9.485225 0.012286 0.999914 0.004639 -0.078319 0.003907 -0.004687 0.999981 -0.032358 
4474 4488 0.996349 -0.085352 -0.001927 -9.535049 0.085360 0.996340 0.004506 -0.465423 0.001535 -0.004654 0.999988 -0.044217 
4489 4512 0.915559 -0.402088 0.008756 -9.623038 0.402106 0.915593 -0.000372 -2.027686 -0.007868 0.003861 0.999962 0.049014 
4513 4536 0.706862 -0.707314 0.007218 -9.080058 0.707351 0.706818 -0.007900 -3.049377 0.000486 0.010690 0.999943 0.053364 
4537 4553 0.954733 -0.297464 -0.000435 -9.828133 0.297438 0.954627 0.014752 -0.544379 -0.003973 -0.014214 0.999891 0.135008 
