0 9 0.999941 0.010700 -0.001698 -9.414359 -0.010711 0.999920 -0.006737 0.020477 0.001626 0.006755 0.999976 -0.022921 
10 19 0.999960 0.008705 0.001956 -9.316564 -0.008684 0.999907 -0.010501 -0.016400 -0.002047 0.010484 0.999943 0.017232 
20 29 0.999952 -0.007502 -0.006269 -9.236804 0.007470 0.999959 -0.005038 -0.078341 0.006306 0.004991 0.999968 -0.008823 
30 39 0.999823 -0.018624 0.002745 -9.140683 0.018625 0.999826 -0.000437 -0.094497 -0.002737 0.000488 0.999996 0.045552 
40 49 0.999962 -0.008734 -0.000618 -9.084604 0.008734 0.999962 0.000612 -0.044504 0.000612 -0.000617 1.000000 0.029281 
50 59 0.999995 0.000131 -0.003237 -9.066819 -0.000122 0.999997 0.002622 -0.015021 0.003237 -0.002622 0.999991 0.015024 
60 69 0.999999 0.001236 0.000285 -9.045575 -0.001237 0.999996 0.002684 -0.008928 -0.000282 -0.002684 0.999996 0.025862 
70 79 0.999991 0.003974 0.001716 -9.035252 -0.003972 0.999991 -0.001250 -0.004397 -0.001721 0.001243 0.999998 0.035478 
80 90 0.999965 0.008080 -0.002270 -9.948053 -0.008066 0.999949 0.006099 -0.012983 0.002319 -0.006080 0.999979 -0.027330 
91 101 0.999998 0.001900 0.001054 -9.776614 -0.001892 0.999968 -0.007773 -0.014105 -0.001069 0.007771 0.999969 0.013632 
102 112 0.999978 0.005967 -0.002806 -9.418660 -0.005961 0.999980 0.002037 -0.023413 0.002818 -0.002020 0.999994 0.006730 
113 124 0.999855 -0.016505 -0.004227 -9.321071 0.016521 0.999856 0.003807 -0.087704 0.004164 -0.003877 0.999984 -0.021338 
125 139 0.996225 -0.086790 -0.001880 -9.485139 0.086797 0.996218 0.004004 -0.459920 0.001526 -0.004153 0.999990 -0.047905 
140 163 0.942998 -0.332709 0.007662 -9.825544 0.332692 0.943029 0.003471 -1.743626 -0.008380 -0.000725 0.999965 0.053408 
164 189 0.694739 -0.719230 0.006773 -9.382498 0.719262 0.694712 -0.006060 -3.332568 -0.000346 0.009082 0.999959 0.072878 
190 207 0.929925 -0.367748 -0.000171 -9.968688 0.367746 0.929918 0.003973 -0.781433 -0.001302 -0.003757 0.999992 0.143081 
208 220 0.999999 0.000519 -0.001398 -9.261292 -0.000518 1.000000 0.000326 0.006051 0.001399 -0.000325 0.999999 0.108463 
221 232 0.999957 0.004728 -0.007992 -9.419011 -0.004730 0.999989 -0.000273 0.015573 0.007991 0.000311 0.999968 0.012500 
233 245 0.999956 0.008702 0.003643 -10.006392 -0.008740 0.999905 0.010653 0.033534 -0.003550 -0.010685 0.999937 0.003326 
246 259 0.994644 -0.103280 0.004059 -9.579023 0.103320 0.994583 -0.011396 -0.658141 -0.002860 0.011755 0.999927 0.023220 
260 275 0.858312 -0.512958 0.013256 -9.280253 0.512889 0.858414 0.008396 -2.388883 -0.015686 -0.000407 0.999877 0.200386 
276 291 0.824740 -0.565505 -0.002732 -9.252341 0.565436 0.824699 -0.012399 -2.155679 0.009264 0.008682 0.999919 0.004341 
292 304 0.991983 -0.126011 0.009516 -9.166845 0.125836 0.991902 0.017228 -0.153942 -0.011610 -0.015892 0.999806 0.130063 
305 316 0.999969 0.007194 -0.003071 -9.924850 -0.007194 0.999974 -0.000072 0.022406 0.003070 0.000094 0.999995 0.111193 
317 326 0.999863 0.013721 -0.009275 -9.072028 -0.013735 0.999905 -0.001488 0.040279 0.009253 0.001615 0.999956 -0.011815 
327 336 0.999963 0.008426 -0.001868 -9.743857 -0.008435 0.999954 -0.004625 0.012445 0.001829 0.004641 0.999988 0.037557 
337 345 0.999883 -0.013451 0.007343 -9.019207 0.013536 0.999841 -0.011644 -0.116441 -0.007185 0.011742 0.999905 0.089568 
346 354 0.999940 -0.007820 -0.007712 -9.268318 0.007792 0.999963 -0.003544 -0.040438 0.007739 0.003484 0.999964 -0.030078 
355 363 0.999957 -0.001937 0.009030 -9.360223 0.002015 0.999961 -0.008615 -0.042901 -0.009013 0.008633 0.999922 0.066501 
364 372 0.999997 -0.000733 -0.002123 -9.402082 0.000775 0.999801 0.019925 0.014854 0.002108 -0.019927 0.999799 0.072271 
373 381 0.999954 0.003748 -0.008869 -9.367052 -0.003875 0.999890 -0.014332 0.003387 0.008815 0.014366 0.999858 -0.014970 
382 390 0.999902 0.013317 0.004248 -9.282417 -0.013301 0.999904 -0.003936 0.033404 -0.004300 0.003879 0.999983 0.010482 
391 399 0.999998 -0.001241 -0.001703 -9.147548 0.001251 0.999982 0.005869 -0.027090 0.001695 -0.005871 0.999981 0.009236 
400 408 0.999986 -0.004996 0.001442 -8.999776 0.004998 0.999987 -0.001116 -0.045354 -0.001437 0.001124 0.999998 0.022579 
409 418 1.000000 0.000788 0.000004 -9.967833 -0.000788 0.999999 0.000872 0.002853 -0.000003 -0.000872 1.000000 -0.027180 
419 428 0.999972 -0.001466 0.007306 -9.867283 0.001477 0.999998 -0.001512 -0.033671 -0.007304 0.001523 0.999972 0.040531 
429 438 0.999972 -0.002136 -0.007119 -9.814750 0.002118 0.999994 -0.002553 -0.024105 0.007124 0.002538 0.999971 -0.050182 
439 448 0.999991 -0.001699 0.003967 -9.722304 0.001694 0.999998 0.001152 -0.037292 -0.003969 -0.001145 0.999991 0.045044 
449 458 0.999975 0.000706 -0.007003 -9.690419 -0.000714 0.999999 -0.001086 -0.013450 0.007002 0.001091 0.999975 -0.060594 
459 469 0.999999 0.001253 0.000222 -9.767138 -0.001253 0.999998 -0.001275 -0.015589 -0.000224 0.001274 0.999999 -0.050537 
470 481 0.999988 -0.003971 0.002896 -9.252442 0.003971 0.999992 0.000061 -0.041019 -0.002897 -0.000050 0.999996 -0.010004 
482 497 0.999770 -0.015986 -0.014265 -9.540831 0.015947 0.999869 -0.002847 -0.070662 0.014309 0.002619 0.999894 -0.139833 
498 535 0.998067 0.050456 0.036296 -9.844911 -0.050497 0.998724 0.000199 0.483272 -0.036239 -0.002032 0.999341 0.196465 
536 563 0.531076 0.847303 -0.005911 -8.916552 -0.847208 0.531106 0.012838 3.793750 0.014018 -0.001810 0.999900 0.010595 
564 580 0.918253 0.395988 -0.002263 -9.469511 -0.395930 0.918192 0.012783 1.245416 0.007140 -0.010842 0.999916 0.032004 
581 594 0.997687 0.067606 0.007129 -9.892227 -0.067552 0.997687 -0.007586 0.028110 -0.007625 0.007087 0.999946 0.110964 
595 606 0.999923 -0.009111 -0.008484 -9.520381 0.009151 0.999947 0.004694 -0.033995 0.008440 -0.004771 0.999953 0.001066 
607 618 0.999999 0.001147 -0.000688 -9.332134 -0.001146 0.999998 0.001462 -0.001143 0.000690 -0.001461 0.999999 0.016148 
619 633 0.999984 0.005298 -0.002184 -9.809243 -0.005293 0.999984 0.001912 0.008805 0.002194 -0.001901 0.999996 -0.037320 
634 663 0.999979 -0.000428 -0.006398 -9.972022 0.000392 0.999984 -0.005651 -0.034893 0.006400 0.005648 0.999964 -0.091655 
664 720 0.999921 0.000479 0.012561 -9.597279 -0.000343 0.999941 -0.010841 -0.032034 -0.012565 0.010836 0.999862 0.094638 
721 739 0.999799 0.000784 -0.020022 -9.755654 -0.000788 1.000000 -0.000190 -0.018658 0.020022 0.000206 0.999800 -0.146385 
740 753 0.999596 0.000476 0.028413 -9.443936 -0.000606 0.999989 0.004587 -0.014053 -0.028411 -0.004602 0.999586 0.105018 
754 765 0.999966 -0.001429 -0.008136 -9.313699 0.001484 0.999976 0.006774 -0.007553 0.008126 -0.006786 0.999944 -0.016494 
766 777 0.999989 -0.004349 -0.001835 -9.757524 0.004328 0.999930 -0.011039 -0.057913 0.001883 0.011031 0.999937 -0.006085 
778 789 0.999888 0.000477 0.014944 -9.534273 -0.000625 0.999951 0.009882 0.007328 -0.014938 -0.009891 0.999839 0.094130 
790 802 0.999934 0.004308 -0.010685 -9.587464 -0.004335 0.999987 -0.002570 0.000686 0.010674 0.002617 0.999940 -0.013918 
803 818 0.999999 -0.000638 0.001116 -9.838785 0.000637 1.000000 0.000536 -0.002890 -0.001116 -0.000535 0.999999 -0.033090 
819 843 0.841243 0.540657 0.000697 -9.108143 -0.540657 0.841243 -0.000376 3.414894 -0.000789 -0.000060 1.000000 -0.026070 
844 884 0.601516 0.798597 0.020517 -9.538851 -0.798695 0.601716 -0.004933 2.743258 -0.016285 -0.013419 0.999777 0.339328 
885 904 0.999797 0.019357 -0.005507 -9.554564 -0.019313 0.999782 0.007881 -0.004953 0.005658 -0.007773 0.999954 0.083125 
905 919 0.999974 0.006333 -0.003566 -9.902470 -0.006339 0.999979 -0.001613 -0.003847 0.003556 0.001636 0.999992 0.075533 
920 931 0.999997 0.001667 0.001634 -9.277461 -0.001665 0.999998 -0.001071 -0.017940 -0.001635 0.001068 0.999998 0.101971 
932 942 0.999997 0.001685 0.001750 -9.361846 -0.001682 0.999997 -0.001941 -0.020590 -0.001754 0.001938 0.999997 0.096265 
943 953 0.999974 0.001559 -0.007051 -9.918714 -0.001547 0.999997 0.001690 -0.011456 0.007054 -0.001679 0.999974 0.043390 
954 963 0.999999 -0.000334 0.001223 -9.254262 0.000325 0.999970 0.007747 -0.007364 -0.001225 -0.007747 0.999969 0.062824 
964 973 0.999994 -0.000781 -0.003245 -9.479758 0.000777 0.999999 -0.001416 -0.023913 0.003247 0.001413 0.999994 0.035994 
974 983 1.000000 -0.000539 0.000128 -9.579317 0.000540 0.999986 -0.005328 -0.033483 -0.000125 0.005328 0.999986 0.031720 
984 993 0.999973 0.006286 0.003856 -9.605096 -0.006297 0.999976 0.002774 0.009724 -0.003838 -0.002798 0.999989 0.067078 
994 1003 0.999985 0.005275 -0.001495 -9.566407 -0.005285 0.999960 -0.007170 -0.004718 0.001458 0.007178 0.999973 0.071271 
1004 1013 0.999915 0.011561 -0.005944 -9.517244 -0.011574 0.999931 -0.002083 0.021042 0.005919 0.002151 0.999980 0.016751 
1014 1023 0.999997 0.000796 0.002167 -9.359963 -0.000787 0.999991 -0.004111 -0.039074 -0.002170 0.004109 0.999989 0.049119 
1024 1033 0.999857 -0.016740 -0.002191 -9.118604 0.016741 0.999860 0.000505 -0.084084 0.002183 -0.000542 0.999997 0.040951 
1034 1044 0.999938 -0.011058 0.001507 -9.776478 0.011050 0.999925 0.005211 -0.054869 -0.001565 -0.005194 0.999985 0.054829 
1045 1055 0.999983 0.005812 0.001026 -9.318113 -0.005817 0.999972 0.004649 0.025426 -0.000999 -0.004655 0.999989 0.031189 
1056 1067 0.999890 0.013717 -0.005728 -9.506899 -0.013746 0.999893 -0.005075 0.027228 0.005658 0.005153 0.999971 -0.018158 
1068 1081 0.999923 0.012014 -0.003129 -9.857525 -0.012030 0.999914 -0.005269 0.008038 0.003065 0.005307 0.999981 -0.028562 
1082 1100 0.988464 -0.151435 -0.002331 -9.898438 0.151443 0.988459 0.003767 -1.015773 0.001733 -0.004077 0.999990 -0.054347 
1101 1141 0.957803 -0.286803 0.018925 -9.855277 0.286251 0.957764 0.027366 -0.871983 -0.025974 -0.020794 0.999446 0.164736 
1142 1187 -0.375659 0.926586 -0.017878 -4.817012 -0.926536 -0.375076 0.029140 8.777081 0.020295 0.027511 0.999415 -0.142811 
1188 1216 -0.230129 0.973156 -0.002710 -8.288462 -0.973081 -0.230074 0.013398 5.108463 0.012415 0.005720 0.999907 0.001680 
1217 1234 0.985346 -0.170429 0.006880 -9.648914 0.170534 0.985152 -0.019830 -0.936542 -0.003398 0.020712 0.999780 0.071341 
1235 1248 0.998209 -0.059586 -0.005331 -9.500676 0.059581 0.998223 -0.000941 -0.070849 0.005378 0.000622 0.999985 0.062076 
1249 1260 0.999982 0.003158 0.005154 -9.315367 -0.003177 0.999989 0.003585 -0.016679 -0.005143 -0.003601 0.999980 0.101447 
1261 1271 0.999966 -0.006187 -0.005493 -9.257822 0.006177 0.999979 -0.001722 -0.046389 0.005504 0.001688 0.999983 0.007793 
1272 1282 0.999967 -0.004717 0.006592 -9.786013 0.004725 0.999988 -0.001243 -0.030892 -0.006586 0.001274 0.999978 0.070323 
1283 1292 0.999986 -0.002158 -0.004729 -9.178400 0.002167 0.999996 0.001972 -0.018319 0.004724 -0.001982 0.999987 -0.005590 
1293 1302 0.999999 -0.000533 -0.000871 -9.420360 0.000536 0.999994 0.003504 -0.010690 0.000869 -0.003505 0.999993 0.015432 
1303 1312 0.999998 0.000697 0.001737 -9.533180 -0.000695 0.999999 -0.001361 -0.016477 -0.001738 0.001360 0.999998 0.049940 
1313 1322 0.999993 0.000587 -0.003571 -9.626418 -0.000618 0.999962 -0.008736 -0.031533 0.003566 0.008739 0.999955 0.019753 
1323 1332 0.999994 -0.001922 -0.002805 -9.667167 0.001937 0.999984 0.005295 -0.026203 0.002795 -0.005301 0.999982 -0.008140 
1333 1342 0.999990 0.003968 0.002140 -9.698157 -0.003970 0.999992 0.001061 0.008596 -0.002136 -0.001070 0.999997 0.027738 
1343 1352 0.999967 0.008108 -0.000891 -9.644460 -0.008112 0.999956 -0.004765 0.008967 0.000852 0.004772 0.999988 0.013474 
1353 1362 0.999952 0.002870 -0.009325 -9.507070 -0.002813 0.999978 0.006063 -0.003726 0.009342 -0.006037 0.999938 -0.049201 
1363 1372 0.999974 -0.002730 0.006610 -9.333105 0.002730 0.999996 0.000033 -0.035572 -0.006610 -0.000015 0.999978 0.012555 
1373 1382 0.999942 -0.010604 -0.001921 -9.147088 0.010608 0.999942 0.002073 -0.053417 0.001899 -0.002094 0.999996 -0.002578 
1383 1393 1.000000 -0.000582 -0.000347 -9.656284 0.000581 0.999998 -0.002136 -0.016748 0.000348 0.002136 0.999998 -0.030137 
1394 1405 0.999999 0.000915 -0.001283 -9.467853 -0.000915 0.999999 -0.000501 -0.019516 0.001282 0.000502 0.999999 -0.036516 
1406 1421 0.999927 -0.009559 -0.007334 -9.950309 0.009554 0.999954 -0.000776 -0.074382 0.007342 0.000706 0.999973 -0.075716 
1422 1456 0.934841 -0.354991 0.007292 -9.685101 0.355028 0.934845 -0.004426 -1.979334 -0.005246 0.006726 0.999964 0.025003 
1457 1512 0.631989 0.774937 0.007921 -8.015007 -0.774875 0.631705 0.022774 5.789065 0.012645 -0.020531 0.999709 -0.200761 
1513 1564 -0.919949 0.391321 -0.023678 -5.189271 -0.391605 -0.920092 0.008676 8.561079 -0.018390 0.017254 0.999682 -0.024839 
1565 1594 0.999535 -0.009217 0.029052 -9.527847 0.009371 0.999943 -0.005177 -1.127196 -0.029003 0.005447 0.999564 0.176846 
1595 1611 0.987226 -0.159254 -0.004798 -9.547124 0.159268 0.987231 0.002795 -0.287600 0.004292 -0.003524 0.999985 0.099778 
1612 1624 0.999984 -0.000106 -0.005734 -9.406377 0.000086 0.999994 -0.003459 -0.019622 0.005734 0.003458 0.999978 0.068502 
1625 1635 0.999996 0.002920 0.000344 -9.176669 -0.002921 0.999989 0.003714 -0.001949 -0.000333 -0.003715 0.999993 0.083116 
1636 1645 0.999985 0.005443 -0.000735 -9.963692 -0.005442 0.999983 0.001926 0.001759 0.000745 -0.001922 0.999998 0.049676 
1646 1655 0.999983 0.004961 -0.003131 -9.406260 -0.004954 0.999985 0.002219 0.006081 0.003142 -0.002203 0.999993 0.051245 
1656 1665 0.999999 -0.000583 -0.001381 -9.690142 0.000595 0.999965 0.008337 -0.022090 0.001376 -0.008338 0.999964 0.019999 
1666 1675 0.999994 -0.002725 0.002157 -9.797315 0.002733 0.999989 -0.003767 -0.030262 -0.002146 0.003773 0.999991 0.038501 
1676 1685 0.999987 0.005123 0.000379 -9.774514 -0.005123 0.999986 0.001039 0.012048 -0.000374 -0.001041 0.999999 0.041060 
1686 1695 0.999975 0.005813 -0.003914 -9.659764 -0.005814 0.999983 -0.000274 0.002710 0.003912 0.000297 0.999992 -0.026288 
1696 1705 0.999954 0.004217 0.008621 -9.417677 -0.004175 0.999979 -0.004889 -0.006016 -0.008642 0.004853 0.999951 0.037996 
1706 1715 0.999998 0.002135 -0.000342 -9.163729 -0.002134 0.999997 0.001217 -0.039161 0.000345 -0.001217 0.999999 0.023236 
1716 1726 0.999965 -0.008320 -0.000532 -9.870893 0.008316 0.999946 -0.006279 -0.069410 0.000584 0.006274 0.999980 0.008540 
1727 1737 0.999626 -0.026671 -0.006064 -9.548595 0.026706 0.999627 0.005774 -0.111020 0.005908 -0.005934 0.999965 -0.038218 
1738 1748 0.999724 0.022990 0.004835 -9.259627 -0.023020 0.999715 0.006282 0.139899 -0.004689 -0.006391 0.999969 0.021126 
1749 1760 0.998575 0.053328 -0.002211 -9.806892 -0.053342 0.998552 -0.006904 0.177800 0.001840 0.007012 0.999974 -0.001837 
1761 1773 0.999984 -0.005715 0.000483 -9.954372 0.005722 0.999860 -0.015693 -0.117126 -0.000394 0.015696 0.999877 -0.003562 
1774 1788 0.997273 -0.073799 0.000974 -9.450168 0.073798 0.997273 0.001117 -0.419898 -0.001054 -0.001042 0.999999 -0.025205 
1789 1812 0.973048 -0.230555 -0.004760 -9.813399 0.230600 0.972947 0.014053 -1.063126 0.001392 -0.014772 0.999890 -0.018849 
1813 1857 0.979564 0.201046 0.005936 -9.685867 -0.201070 0.979569 0.003822 1.964894 -0.005046 -0.004937 0.999975 -0.044555 
1858 1910 -0.991135 -0.131598 -0.018237 -2.896754 0.131280 -0.991188 0.017642 9.583395 -0.020398 0.015091 0.999678 -0.137797 
1911 1927 0.998413 0.043761 0.035446 -9.825206 -0.043434 0.999007 -0.009951 -0.280682 -0.035846 0.008395 0.999322 0.212860 
1928 1940 0.996160 -0.087509 -0.002679 -9.562637 0.087472 0.996096 -0.011926 -0.319946 0.003712 0.011645 0.999925 0.105366 
1941 1951 0.999233 -0.038516 -0.007121 -9.185463 0.038481 0.999247 -0.005043 -0.167883 0.007310 0.004765 0.999962 0.019412 
1952 1962 0.999884 -0.015216 0.000750 -9.922744 0.015219 0.999878 -0.003454 -0.072101 -0.000697 0.003465 0.999994 0.010994 
1963 1972 0.999986 0.005200 0.000970 -9.306972 -0.005200 0.999986 0.000454 0.007950 -0.000967 -0.000459 0.999999 0.038321 
1973 1982 0.999983 -0.001057 -0.005719 -9.493316 0.001041 0.999996 -0.002744 -0.024540 0.005722 0.002738 0.999980 -0.021764 
1983 1992 0.999979 0.000132 0.006510 -9.568523 -0.000165 0.999988 0.004957 -0.012216 -0.006509 -0.004958 0.999967 0.063417 
1993 2002 0.999985 -0.003812 -0.003809 -9.635602 0.003813 0.999993 0.000105 -0.044626 0.003809 -0.000119 0.999993 0.004647 
2003 2012 0.999944 -0.010611 -0.000085 -9.673983 0.010611 0.999927 -0.005832 -0.069890 0.000147 0.005831 0.999983 0.003758 
2013 2022 0.999984 0.004382 -0.003678 -9.705793 -0.004364 0.999978 0.004996 0.018203 0.003700 -0.004980 0.999981 -0.060512 
2023 2032 0.999966 0.007172 0.004088 -9.757708 -0.007167 0.999974 -0.001157 0.011085 -0.004096 0.001128 0.999991 0.032195 
2033 2042 0.999973 0.004708 -0.005681 -9.832973 -0.004757 0.999951 -0.008662 -0.021308 0.005640 0.008689 0.999946 0.007145 
2043 2052 0.999984 -0.003574 -0.004441 -9.848022 0.003586 0.999990 0.002704 -0.046282 0.004431 -0.002720 0.999986 -0.016149 
2053 2062 0.999976 -0.003647 0.005843 -9.737029 0.003618 0.999981 0.004981 -0.016677 -0.005861 -0.004960 0.999971 0.030508 
2063 2072 0.999976 -0.006471 -0.002336 -9.574881 0.006478 0.999973 0.003358 -0.053582 0.002314 -0.003374 0.999992 0.006517 
2073 2082 0.999981 -0.005937 -0.001921 -9.128187 0.005934 0.999981 -0.001918 -0.030398 0.001932 0.001907 0.999996 -0.028199 
2083 2093 0.999999 -0.001312 -0.000752 -9.204221 0.001313 0.999999 0.000848 -0.025163 0.000750 -0.000849 0.999999 -0.031497 
2094 2107 0.999770 -0.020223 -0.007122 -9.774710 0.020238 0.999793 0.002050 -0.123976 0.007079 -0.002194 0.999973 -0.068105 
2108 2135 0.953472 -0.301473 0.002084 -9.785509 0.301468 0.953473 0.002350 -1.659958 -0.002696 -0.001612 0.999995 -0.010060 
2206 2304 -0.631438 0.775109 0.022188 -4.188530 -0.774520 -0.631825 0.030254 9.029582 0.037469 0.001919 0.999296 -0.231185 
2305 2349 -0.128250 0.991722 -0.006334 -8.836838 -0.991685 -0.128309 -0.009935 4.348049 -0.010665 0.005008 0.999931 0.238191 
2350 2370 0.910724 -0.412969 -0.006277 -9.296687 0.413015 0.910652 0.011478 -1.530491 0.000976 -0.013046 0.999914 0.080401 
2371 2385 0.999846 -0.016911 -0.004622 -9.746075 0.016924 0.999853 0.002795 -0.008056 0.004574 -0.002873 0.999985 0.078673 
2386 2397 0.999957 -0.008960 -0.002240 -9.361218 0.008954 0.999956 -0.002892 -0.072076 0.002266 0.002872 0.999993 0.077512 
2398 2408 0.999998 -0.001602 -0.001085 -9.360747 0.001606 0.999993 0.003282 -0.013790 0.001079 -0.003284 0.999994 0.076219 
2409 2419 0.999926 0.009375 -0.007712 -9.708944 -0.009356 0.999953 0.002561 0.041745 0.007736 -0.002489 0.999967 -0.016053 
2420 2430 0.999908 0.012347 0.005591 -9.603234 -0.012368 0.999916 0.003753 -0.000004 -0.005544 -0.003822 0.999977 0.068190 
2431 2441 0.999704 -0.023876 -0.004648 -9.326805 0.023894 0.999706 0.004016 -0.098570 0.004551 -0.004126 0.999981 0.010545 
2442 2453 0.999721 0.023432 0.002909 -9.916844 -0.023420 0.999718 -0.003985 0.094148 -0.003002 0.003916 0.999988 0.004395 
2454 2465 0.999916 0.012455 0.003646 -9.665055 -0.012456 0.999922 0.000083 -0.021253 -0.003645 -0.000128 0.999993 0.062690 
2466 2477 0.999967 -0.007199 -0.003817 -9.864041 0.007166 0.999937 -0.008670 -0.054451 0.003879 0.008643 0.999955 0.041857 
2478 2488 0.999952 0.009137 -0.003504 -9.404090 -0.009133 0.999958 0.001123 0.019180 0.003515 -0.001091 0.999993 0.021356 
2489 2499 0.999994 0.003229 0.001177 -9.780126 -0.003229 0.999995 0.000214 -0.016265 -0.001176 -0.000218 0.999999 0.053727 
2500 2509 0.999977 -0.006369 -0.002269 -9.032546 0.006367 0.999979 -0.000774 -0.040280 0.002274 0.000760 0.999997 0.054710 
2510 2519 0.999982 0.002400 -0.005422 -9.061530 -0.002383 0.999992 0.003138 0.003755 0.005429 -0.003125 0.999980 0.008965 
2520 2530 0.999996 -0.002127 0.001983 -9.882510 0.002127 0.999998 0.000224 -0.042104 -0.001984 -0.000219 0.999998 0.042482 
2531 2541 0.999942 -0.003137 -0.010327 -9.378569 0.003068 0.999973 -0.006694 -0.045061 0.010348 0.006662 0.999924 -0.056483 
2542 2553 0.999968 -0.005453 0.005892 -9.260769 0.005475 0.999978 -0.003789 -0.054928 -0.005871 0.003822 0.999975 -0.019206 
2554 2568 0.998218 -0.059381 -0.005857 -9.456232 0.059424 0.998205 0.007462 -0.351708 0.005403 -0.007797 0.999955 -0.069097 
2569 2594 0.969800 -0.243889 0.002420 -9.823612 0.243854 0.969761 0.009955 -0.946220 -0.004775 -0.009065 0.999948 0.010941 
2595 2632 0.820379 0.571795 -0.005420 -8.976450 -0.571790 0.820396 0.002485 4.345014 0.005868 0.001061 0.999982 -0.119021 
2633 2674 -0.919780 0.392348 -0.008226 -4.792700 -0.392425 -0.919701 0.012401 8.650593 -0.002700 0.014634 0.999889 -0.033273 
2675 2693 0.984885 0.172197 0.018706 -9.994795 -0.172128 0.985061 -0.005225 -0.114668 -0.019326 0.001926 0.999811 0.268778 
2694 2708 0.995928 -0.089543 -0.010420 -9.752023 0.089437 0.995940 -0.010242 -0.371871 0.011295 0.009269 0.999893 0.071745 
2709 2723 0.998945 -0.043892 -0.013476 -9.873629 0.043872 0.999036 -0.001791 -0.134336 0.013541 0.001198 0.999908 -0.070248 
2724 2738 0.999918 -0.011241 0.006110 -9.409887 0.011238 0.999937 0.000677 -0.075581 -0.006118 -0.000609 0.999981 -0.004836 
2739 2755 0.999988 -0.004865 -0.000876 -9.534346 0.004866 0.999987 0.001743 -0.026815 0.000867 -0.001747 0.999998 0.006703 
2756 2775 0.999991 0.000969 0.004223 -9.934049 -0.000974 0.999999 0.001289 0.029322 -0.004222 -0.001293 0.999990 0.011336 
2776 2794 0.999818 -0.017558 0.007502 -9.512024 0.017559 0.999846 -0.000042 -0.131516 -0.007500 0.000173 0.999972 0.101190 
2795 2809 0.999896 0.013942 -0.003780 -9.370106 -0.013869 0.999728 0.018769 0.231802 0.004041 -0.018715 0.999817 0.051033 
2810 2822 0.998343 0.057469 0.002976 -9.788757 -0.057431 0.998283 -0.011515 0.073831 -0.003633 0.011325 0.999929 0.081499 
2823 2833 0.999865 -0.014836 0.007066 -9.232078 0.014850 0.999888 -0.002019 -0.090840 -0.007035 0.002123 0.999973 0.127455 
2834 2843 0.999802 -0.019900 -0.000917 -9.087163 0.019893 0.999778 -0.006976 -0.086076 0.001055 0.006956 0.999975 0.135621 
2844 2853 0.999988 -0.002231 -0.004365 -9.740281 0.002235 0.999997 0.000998 -0.036309 0.004363 -0.001008 0.999990 0.071239 
2854 2862 0.999988 -0.004671 -0.001232 -8.967418 0.004667 0.999983 -0.003465 -0.043851 0.001248 0.003459 0.999993 0.058082 
2863 2871 0.999994 -0.001616 -0.002915 -9.038247 0.001641 0.999962 0.008557 -0.002545 0.002901 -0.008561 0.999959 0.054268 
2872 2880 0.999999 -0.000703 -0.001149 -9.043041 0.000706 0.999996 0.002693 -0.038744 0.001147 -0.002694 0.999996 0.037207 
2881 2890 0.999982 -0.005513 -0.002178 -9.957622 0.005504 0.999977 -0.003913 -0.034738 0.002200 0.003901 0.999990 0.027009 
2891 2901 0.999976 0.006861 0.000565 -10.000828 -0.006863 0.999971 0.003448 0.007449 -0.000541 -0.003452 0.999994 -0.016941 
2902 2913 0.999961 -0.000700 -0.008819 -9.270726 0.000686 0.999999 -0.001588 -0.051499 0.008820 0.001581 0.999960 -0.110494 
2914 2931 0.999772 -0.020934 -0.004153 -9.977378 0.020948 0.999776 0.003142 -0.098868 0.004086 -0.003229 0.999986 -0.099919 
2932 3011 0.997661 0.001821 0.068331 -9.847825 -0.002011 0.999994 0.002711 0.868169 -0.068326 -0.002842 0.997659 0.539362 
3012 3042 0.232430 0.972593 -0.006281 -8.847134 -0.970954 0.232406 0.056892 3.908097 0.056793 -0.007124 0.998361 -0.057983 
3043 3059 0.979927 0.199352 0.001167 -9.800257 -0.199353 0.979927 0.000760 0.376694 -0.000992 -0.000978 0.999999 0.133621 
3060 3073 0.999968 0.005758 -0.005515 -9.917148 -0.005724 0.999965 0.006066 -0.023072 0.005550 -0.006034 0.999966 0.035377 
3074 3086 0.999959 -0.008772 0.002210 -9.982511 0.008810 0.999800 -0.017938 -0.059382 -0.002052 0.017957 0.999837 0.070478 
3087 3099 0.999980 -0.001046 -0.006176 -9.979268 0.001121 0.999927 0.012029 -0.000699 0.006163 -0.012035 0.999909 0.018088 
3100 3112 0.999984 -0.004163 -0.003854 -9.298272 0.004148 0.999984 -0.003886 -0.026853 0.003870 0.003870 0.999985 -0.024510 
3113 3129 0.994257 0.107007 -0.001496 -9.735801 -0.106981 0.994190 0.011892 0.727292 0.002760 -0.011663 0.999928 -0.024729 
3130 3156 0.829916 0.557312 -0.025365 -9.649417 -0.557888 0.829149 -0.035674 2.397162 0.001150 0.043758 0.999042 -0.108721 
3157 3198 0.625704 0.778890 0.042729 -9.449584 -0.779548 0.626340 -0.001961 3.074930 -0.028290 -0.032082 0.999085 0.118667 
3199 3216 0.999886 -0.014787 -0.002928 -9.422213 0.014791 0.999890 0.001439 -0.124856 0.002906 -0.001482 0.999995 0.075839 
3217 3230 0.999780 -0.020956 0.001032 -9.522400 0.020958 0.999776 -0.002795 -0.085603 -0.000973 0.002816 0.999996 0.088759 
3231 3243 0.999978 -0.001562 -0.006432 -9.890502 0.001558 0.999999 -0.000647 -0.008140 0.006433 0.000637 0.999979 0.021087 
3244 3256 0.999975 0.007029 -0.000826 -9.613391 -0.007018 0.999895 0.012687 0.030307 0.000915 -0.012681 0.999919 0.017622 
3257 3271 0.999905 -0.013712 -0.001699 -9.706916 0.013699 0.999880 -0.007295 -0.137736 0.001799 0.007271 0.999972 -0.001124 
3272 3290 0.960233 -0.279017 -0.010078 -9.857027 0.279074 0.960258 0.004726 -1.386639 0.008359 -0.007350 0.999938 -0.072365 
3291 3319 0.785966 -0.617911 0.021059 -9.278092 0.618169 0.785996 -0.008753 -3.098412 -0.011144 0.019897 0.999740 0.115554 
3320 3342 0.850753 -0.525424 -0.012213 -9.594502 0.525563 0.850597 0.016362 -1.364055 0.001791 -0.020339 0.999792 0.057925 
3343 3358 0.999801 -0.019726 -0.002937 -10.008098 0.019714 0.999798 -0.004021 -0.030782 0.003015 0.003962 0.999988 0.076250 
3359 3371 0.999897 0.004179 -0.013695 -9.952556 -0.004086 0.999969 0.006767 0.013809 0.013723 -0.006711 0.999883 0.005723 
3372 3382 0.999983 0.005750 0.000961 -9.321587 -0.005749 0.999983 -0.001275 0.006769 -0.000968 0.001269 0.999999 0.096946 
3383 3393 0.999983 0.001896 0.005485 -9.872823 -0.001871 0.999988 -0.004592 -0.023201 -0.005494 0.004582 0.999974 0.098886 
3394 3403 0.999827 -0.005609 -0.017761 -9.310677 0.005556 0.999980 -0.003070 -0.050162 0.017778 0.002971 0.999838 -0.019196 
3404 3413 0.999972 -0.001239 -0.007321 -9.611020 0.001295 0.999970 0.007637 0.016835 0.007311 -0.007647 0.999944 -0.051428 
3414 3423 0.999908 0.006235 0.012085 -9.736919 -0.006259 0.999979 0.001911 0.016130 -0.012072 -0.001986 0.999925 0.091782 
3424 3433 0.999997 0.002135 -0.001519 -9.789957 -0.002137 0.999997 -0.001238 -0.011531 0.001517 0.001241 0.999998 0.046619 
3434 3443 0.999998 0.000436 -0.001875 -9.758719 -0.000427 0.999988 0.004828 -0.002166 0.001877 -0.004827 0.999987 0.045829 
3444 3453 0.999924 -0.010986 -0.005603 -9.697699 0.010990 0.999939 0.000783 -0.066657 0.005594 -0.000845 0.999984 0.005308 
3454 3463 0.999959 -0.007268 0.005385 -9.663639 0.007307 0.999947 -0.007312 -0.043026 -0.005331 0.007351 0.999959 0.031373 
3464 3473 0.999933 0.005649 -0.010063 -9.236489 -0.005671 0.999982 -0.002090 0.027355 0.010051 0.002147 0.999947 -0.066250 
3474 3484 0.999926 0.011835 -0.002769 -9.910631 -0.011815 0.999905 0.007095 0.044939 0.002852 -0.007062 0.999971 -0.054003 
3485 3495 0.999999 0.000107 -0.001122 -9.465748 -0.000113 0.999989 -0.004679 -0.034719 0.001121 0.004680 0.999988 -0.016353 
3496 3507 0.999883 -0.003123 0.014985 -9.497724 0.003048 0.999983 0.004989 -0.024811 -0.015000 -0.004943 0.999875 0.046444 
3508 3521 0.999413 -0.032643 -0.010352 -9.652699 0.032642 0.999467 -0.000263 -0.164187 0.010355 -0.000075 0.999946 -0.054995 
3522 3540 0.983740 -0.178708 -0.017879 -9.665445 0.179066 0.983614 0.020939 -0.873904 0.013844 -0.023800 0.999621 -0.186858 
3541 3589 0.996297 0.010196 0.085368 -9.944665 -0.008065 0.999648 -0.025268 0.967803 -0.085596 0.024485 0.996029 0.564675 
3590 3637 -0.927691 0.370023 0.049722 -3.386493 -0.370435 -0.928858 0.000991 9.417780 0.046551 -0.017500 0.998763 0.060891 
3638 3670 0.746775 0.664086 0.036277 -9.558509 -0.664926 0.746654 0.019499 2.058034 -0.014138 -0.038683 0.999152 0.301092 
3671 3689 0.995037 -0.098622 -0.013229 -9.918188 0.098296 0.994883 -0.023348 -0.548822 0.015464 0.021932 0.999640 0.025477 
3690 3703 0.998595 -0.052986 -0.000814 -9.709259 0.052989 0.998580 0.005413 -0.128094 0.000526 -0.005449 0.999985 0.117539 
3704 3715 0.999961 -0.007123 -0.005290 -9.277511 0.007094 0.999959 -0.005566 -0.050057 0.005330 0.005528 0.999971 0.058854 
3716 3726 0.999813 -0.000281 0.019321 -9.281662 0.000156 0.999979 0.006469 0.000664 -0.019323 -0.006465 0.999792 0.223989 
3727 3736 0.999934 -0.002088 -0.011289 -9.027964 0.002145 0.999985 0.005009 -0.015098 0.011279 -0.005033 0.999924 0.023524 
3737 3746 0.999913 -0.008940 -0.009658 -9.340299 0.008862 0.999928 -0.008127 -0.063227 0.009730 0.008041 0.999920 -0.003940 
3747 3756 0.999968 -0.000981 0.007942 -9.578916 0.000867 0.999897 0.014320 -0.006490 -0.007956 -0.014313 0.999866 0.079853 
3757 3766 0.999997 -0.002048 -0.000982 -9.800006 0.002039 0.999960 -0.008652 -0.053188 0.000999 0.008650 0.999962 0.053309 
3767 3776 0.999959 -0.002602 0.008700 -9.999908 0.002614 0.999996 -0.001355 -0.040938 -0.008696 0.001377 0.999961 0.105952 
3777 3785 0.999974 -0.003939 -0.006117 -9.032699 0.003955 0.999989 0.002613 -0.029917 0.006106 -0.002637 0.999978 0.015825 
3786 3794 0.999975 0.000770 0.007056 -9.069884 -0.000775 0.999999 0.000668 -0.013969 -0.007055 -0.000673 0.999975 0.027204 
3795 3803 0.999972 0.003555 -0.006648 -9.870116 -0.003601 0.999970 -0.006923 -0.016118 0.006623 0.006947 0.999954 -0.004377 
3804 3812 0.999993 0.003778 0.000034 -9.006996 -0.003779 0.999875 0.015360 0.021600 0.000024 -0.015360 0.999882 -0.028309 
3813 3822 0.999970 0.002263 0.007397 -9.844827 -0.002170 0.999918 -0.012608 -0.040125 -0.007425 0.012591 0.999893 -0.001971 
3823 3832 0.999923 0.002824 0.012092 -9.324012 -0.002827 0.999996 0.000242 -0.015131 -0.012091 -0.000276 0.999927 0.085403 
3833 3843 0.999883 -0.003181 -0.014947 -9.325371 0.003270 0.999977 0.005955 -0.025940 0.014928 -0.006004 0.999871 -0.046276 
3844 3856 0.998813 -0.046991 -0.012808 -9.322406 0.047039 0.998887 0.003471 -0.226080 0.012630 -0.004069 0.999912 -0.084182 
3857 3875 0.985593 -0.169118 -0.002163 -9.607299 0.169110 0.985590 -0.003727 -0.832268 0.002762 0.003307 0.999991 -0.052746 
3876 3917 0.997821 0.055729 0.035317 -9.694415 -0.055619 0.998444 -0.004078 1.094666 -0.035490 0.002105 0.999368 0.259389 
3918 3959 -0.831458 0.555405 0.014217 -4.551673 -0.555469 -0.831537 -0.000670 8.856013 0.011450 -0.008454 0.999899 0.010167 
3960 4005 0.605511 0.795184 0.032221 -9.601581 -0.795799 0.605380 0.014780 2.625821 -0.007753 -0.034591 0.999371 0.183958 
4006 4024 0.994355 -0.105682 -0.009509 -9.784686 0.105566 0.994341 -0.011934 -0.607157 0.010716 0.010863 0.999884 0.017841 
4025 4039 0.998454 -0.055146 0.006990 -9.808433 0.055194 0.998452 -0.006842 -0.164171 -0.006602 0.007217 0.999952 0.126608 
4040 4052 0.999345 -0.033978 0.012436 -9.691974 0.033930 0.999416 0.003993 -0.154926 -0.012565 -0.003568 0.999915 0.210310 
4053 4064 0.999658 -0.020951 -0.015633 -9.848293 0.021020 0.999770 0.004245 -0.066460 0.015540 -0.004572 0.999869 -0.025414 
4065 4075 0.999981 0.001458 -0.005975 -9.521007 -0.001457 0.999999 0.000127 -0.002297 0.005975 -0.000119 0.999982 -0.001988 
4076 4086 0.999618 0.001363 0.027598 -9.790533 -0.001053 0.999936 -0.011258 -0.020681 -0.027611 0.011224 0.999556 0.269539 
4087 4096 0.999731 0.010619 -0.020635 -9.079458 -0.010186 0.999728 0.020958 0.075135 0.020852 -0.020742 0.999567 -0.007788 
4097 4106 0.999992 -0.002122 -0.003269 -9.303445 0.002100 0.999976 -0.006616 -0.034663 0.003283 0.006609 0.999973 0.049442 
4107 4116 0.999989 -0.000533 0.004629 -9.481278 0.000501 0.999976 0.006952 -0.000992 -0.004633 -0.006949 0.999965 0.058825 
4117 4126 0.999971 0.002714 0.007053 -9.601930 -0.002703 0.999995 -0.001562 0.001510 -0.007057 0.001543 0.999974 0.108263 
4127 4136 0.999897 -0.002895 -0.014073 -9.655702 0.002917 0.999995 0.001545 -0.018032 0.014069 -0.001586 0.999900 -0.036806 
4137 4146 0.999979 -0.000559 0.006435 -9.614571 0.000624 0.999948 -0.010147 -0.031108 -0.006429 0.010151 0.999928 0.027900 
4147 4156 0.999956 0.006705 -0.006604 -9.490539 -0.006720 0.999975 -0.002329 0.024477 0.006588 0.002373 0.999975 -0.044612 
4157 4166 0.999974 0.007092 -0.001624 -9.271582 -0.007078 0.999940 0.008346 0.024258 0.001683 -0.008335 0.999964 -0.038526 
4167 4177 0.999960 0.000335 -0.008893 -9.855382 -0.000411 0.999963 -0.008619 -0.040877 0.008890 0.008622 0.999923 -0.077542 
4178 4189 0.999973 -0.005469 0.004893 -9.786186 0.005474 0.999985 -0.000936 -0.047559 -0.004888 0.000963 0.999988 -0.042119 
4190 4203 0.997607 -0.068974 -0.004772 -9.672649 0.068996 0.997607 0.004523 -0.354782 0.004448 -0.004841 0.999978 -0.059702 
4204 4224 0.986933 -0.160576 -0.013386 -9.928734 0.160777 0.986867 0.015611 -0.674855 0.010704 -0.017559 0.999789 -0.136522 
4225 4281 0.916117 0.398559 0.043350 -9.245290 -0.397236 0.917005 -0.036120 3.215836 -0.054148 0.015870 0.998407 0.255144 
4282 4327 -0.792307 0.610100 -0.005295 -5.348645 -0.610030 -0.792308 -0.010606 8.471818 -0.010666 -0.005172 0.999930 -0.063714 
4328 4357 0.811997 0.579208 0.071958 -9.610881 -0.581260 0.813659 0.009781 1.079856 -0.052884 -0.049769 0.997360 0.330699 
4358 4373 0.994688 -0.101479 -0.017276 -9.350780 0.101144 0.994684 -0.019306 -0.469125 0.019143 0.017457 0.999664 0.045267 
4374 4386 0.999262 -0.038401 -0.001075 -9.431118 0.038405 0.999255 0.003891 -0.074144 0.000925 -0.003930 0.999992 0.099508 
4387 4398 0.999895 -0.012256 -0.007714 -9.949475 0.012192 0.999892 -0.008251 -0.079150 0.007814 0.008156 0.999936 0.017653 
4399 4409 0.999904 -0.013824 0.000221 -9.911331 0.013824 0.999901 0.002455 -0.065399 -0.000255 -0.002451 0.999997 0.008066 
4410 4419 0.999757 -0.009662 0.019802 -9.423073 0.009622 0.999951 0.002125 -0.057057 -0.019822 -0.001934 0.999802 0.219837 
4420 4429 0.999740 -0.004621 -0.022312 -9.825093 0.004596 0.999989 -0.001203 -0.025153 0.022317 0.001100 0.999750 -0.011486 
4430 4438 0.999984 0.004973 -0.002539 -8.949299 -0.004970 0.999987 0.001302 -0.001026 0.002545 -0.001289 0.999996 0.026644 
4439 4447 0.999970 0.004250 -0.006473 -9.112140 -0.004311 0.999946 -0.009455 -0.025666 0.006433 0.009482 0.999934 0.001860 
4448 4456 0.999957 -0.000201 0.009283 -9.204451 0.000223 0.999997 -0.002308 -0.028926 -0.009283 0.002310 0.999954 0.076992 
4457 4465 0.999985 -0.001654 -0.005180 -9.285367 0.001675 0.999990 0.004117 -0.024173 0.005173 -0.004126 0.999978 -0.003744 
4466 4474 0.999989 -0.004729 0.000175 -9.391661 0.004730 0.999980 -0.004138 -0.053472 -0.000155 0.004138 0.999991 -0.012050 
4475 4483 0.999995 -0.001739 -0.002652 -9.316141 0.001726 0.999987 -0.004778 -0.028452 0.002660 0.004773 0.999985 0.014379 
4484 4492 0.999978 0.005222 -0.004044 -9.193357 -0.005166 0.999891 0.013854 0.023323 0.004116 -0.013833 0.999896 -0.083449 
4493 4501 0.999999 0.000801 0.001516 -8.922201 -0.000780 0.999903 -0.013910 -0.046655 -0.001527 0.013909 0.999902 -0.043112 
4502 4511 0.999871 0.000965 0.016045 -9.479801 -0.000998 0.999997 0.002046 -0.023567 -0.016043 -0.002062 0.999869 0.113444 
4512 4522 0.999856 -0.015680 -0.006478 -9.543495 0.015705 0.999869 0.003917 -0.105174 0.006416 -0.004018 0.999971 0.019985 
4523 4535 0.998402 -0.055121 -0.012450 -9.632009 0.055306 0.998355 0.015103 -0.244363 0.011597 -0.015767 0.999808 -0.079960 
4536 4555 0.985868 -0.167149 -0.011235 -9.935151 0.167021 0.985886 -0.011563 -0.822148 0.013009 0.009523 0.999870 -0.156902 
4556 4605 0.982504 0.182905 0.035087 -9.658874 -0.182911 0.983125 -0.003056 1.785896 -0.035054 -0.003415 0.999380 0.118387 
4606 4642 -0.607562 0.794180 0.012108 -5.493361 -0.793446 -0.607554 0.036341 8.315854 0.036217 0.012473 0.999266 -0.165117 
4643 4693 0.484707 0.874658 -0.005723 -9.436466 -0.874667 0.484661 -0.007836 3.081437 -0.004080 0.008804 0.999953 0.121133 
4694 4715 0.998957 -0.045552 0.003187 -9.834865 0.045525 0.998931 0.008077 -0.581874 -0.003551 -0.007924 0.999962 0.117242 
4716 4730 0.997574 -0.069386 -0.005656 -9.483886 0.069360 0.997581 -0.004654 -0.203040 0.005966 0.004251 0.999973 0.039931 
4731 4743 0.999751 -0.017695 -0.013565 -9.633644 0.017678 0.999843 -0.001373 -0.061186 0.013587 0.001133 0.999907 -0.048343 
4744 4755 0.999784 -0.007992 0.019192 -9.835802 0.007975 0.999968 0.000983 -0.042171 -0.019199 -0.000829 0.999815 0.170884 
4756 4766 0.999900 -0.011240 -0.008551 -9.693744 0.011188 0.999919 -0.006105 -0.060647 0.008619 0.006009 0.999945 0.003251 
4767 4776 0.999740 -0.010458 -0.020262 -9.223345 0.010382 0.999939 -0.003814 -0.048504 0.020301 0.003603 0.999787 -0.095784 
4777 4786 0.999928 0.002546 0.011721 -9.495695 -0.002613 0.999980 0.005672 0.035982 -0.011706 -0.005703 0.999915 0.009617 
4787 4796 0.999959 0.008556 0.002960 -9.736660 -0.008568 0.999956 0.003896 0.030353 -0.002927 -0.003921 0.999988 0.058565 
4797 4806 0.999986 0.003249 -0.004188 -9.893943 -0.003264 0.999988 -0.003658 -0.013257 0.004176 0.003671 0.999985 0.016582 
4807 4816 0.999975 0.002571 -0.006622 -9.867170 -0.002520 0.999967 0.007733 0.011399 0.006641 -0.007716 0.999948 0.009297 
4817 4826 0.999992 -0.003747 0.001675 -9.592665 0.003758 0.999974 -0.006215 -0.033921 -0.001652 0.006222 0.999979 0.006708 
4827 4836 0.999979 -0.006351 0.001355 -9.269368 0.006360 0.999960 -0.006319 -0.045116 -0.001315 0.006328 0.999979 0.014434 
4837 4847 0.999936 -0.002457 -0.011083 -9.917514 0.002397 0.999983 -0.005390 -0.016724 0.011096 0.005364 0.999924 -0.085196 
4848 4858 0.999998 0.000276 -0.002184 -9.402412 -0.000270 0.999996 0.002679 -0.016485 0.002185 -0.002678 0.999994 -0.058506 
4859 4870 0.999968 -0.002099 0.007683 -9.415139 0.002082 0.999995 0.002193 -0.025244 -0.007687 -0.002177 0.999968 0.053312 
4871 4885 0.996993 -0.077446 0.002771 -9.929544 0.077437 0.996991 0.003402 -0.538498 -0.003026 -0.003178 0.999990 -0.032262 
4886 4910 0.998192 -0.059078 -0.011112 -9.800279 0.059456 0.997530 0.037404 0.481231 0.008874 -0.037997 0.999238 -0.095977 
