381 3379 0.447760 0.894031 0.014796 4.135965 -0.894053 0.447897 -0.007615 2.878708 -0.013435 -0.009818 0.999862 0.009519 
843 3777 0.999829 0.017473 -0.005962 -7.398987 -0.017554 0.999747 -0.014054 -0.153625 0.005715 0.014156 0.999883 -0.130105 
831 3753 0.999941 0.010641 -0.002233 6.985138 -0.010693 0.999637 -0.024732 -0.173157 0.001969 0.024754 0.999692 0.148976 
111 1567 0.568198 -0.822866 -0.006540 -1.680109 0.822836 0.568050 0.016159 -3.155663 -0.009582 -0.014562 0.999848 -0.029086 
2454 3431 0.601274 0.797701 -0.046279 -9.233475 -0.798798 0.598650 -0.059490 5.863144 -0.019750 0.072737 0.997155 -0.147668 
854 3773 0.999929 -0.000787 0.011842 3.221367 0.000762 0.999998 0.002049 -0.055878 -0.011843 -0.002040 0.999929 0.003487 
408 2455 0.997540 -0.070059 0.002310 2.903564 0.070094 0.997262 -0.023558 -0.302704 -0.000653 0.023662 0.999720 0.023605 
746 3705 0.817138 0.576384 -0.008306 -11.504078 -0.576364 0.816701 -0.028381 2.007507 -0.009575 0.027978 0.999563 0.011750 
2467 3427 0.778739 0.623497 -0.069411 -0.599564 -0.627342 0.773443 -0.090709 -2.881744 -0.002872 0.114183 0.993455 -0.111332 
614 3570 0.999982 -0.000509 -0.006073 1.747498 0.000556 0.999970 0.007779 0.060143 0.006069 -0.007782 0.999951 0.001282 
659 3617 0.999983 -0.003229 -0.004976 -9.434601 0.003233 0.999994 0.000803 -0.026704 0.004973 -0.000819 0.999987 -0.139707 
2475 3432 0.549650 0.831279 -0.082822 0.087440 -0.835381 0.546346 -0.060378 -8.360245 -0.004942 0.102374 0.994734 -0.242963 
719 3670 0.996549 0.082844 0.005287 -6.037659 -0.082763 0.996470 -0.014090 0.522465 -0.006436 0.013603 0.999887 -0.125869 
789 3728 0.999988 0.001550 0.004550 -2.080410 -0.001534 0.999993 -0.003455 -0.052246 -0.004556 0.003448 0.999983 -0.028416 
1396 3536 -0.999900 0.011813 0.007827 9.635521 -0.011821 -0.999929 -0.000872 5.170807 0.007816 -0.000965 0.999969 -0.154683 
629 3591 0.999834 0.016374 0.008041 -7.850769 -0.016420 0.999849 0.005748 -0.057466 -0.007946 -0.005880 0.999950 -0.029377 
747 3702 0.850794 0.525485 -0.003837 -8.754927 -0.525426 0.850533 -0.022805 1.852692 -0.008720 0.021418 0.999733 0.073371 
2374 3327 0.999878 0.007903 -0.013533 -8.809334 -0.007931 0.999966 -0.002068 -0.044312 0.013517 0.002175 0.999907 -0.159824 
167 1605 0.999120 0.041566 0.005598 4.878468 -0.041565 0.999135 -0.000452 -0.172768 -0.005612 0.000219 0.999984 0.032513 
502 3505 0.999907 -0.013618 0.001234 -7.327345 0.013628 0.999861 -0.009565 -0.128616 -0.001104 0.009581 0.999954 -0.138430 
160 1610 0.998087 -0.061689 -0.004238 -5.031569 0.061631 0.998019 -0.012619 -0.294609 0.005008 0.012334 0.999911 -0.089387 
400 2456 0.999893 0.011260 0.009318 -2.281143 -0.011272 0.999936 0.001280 -0.350929 -0.009303 -0.001385 0.999956 -0.026028 
2368 3321 0.999986 0.004265 -0.003046 -8.990852 -0.004260 0.999990 0.001597 -0.157089 0.003053 -0.001584 0.999994 -0.161010 
754 3702 0.988915 0.147180 0.019606 -5.092247 -0.147215 0.989104 0.000347 0.919922 -0.019341 -0.003229 0.999808 0.062970 
405 3419 0.976895 0.213712 0.001445 -3.630035 -0.213694 0.976866 -0.008305 -0.017151 -0.003186 0.007804 0.999965 -0.069586 
56 4495 0.999968 0.006359 0.004894 7.721741 -0.006295 0.999897 -0.012933 -0.198247 -0.004976 0.012902 0.999904 0.063164 
163 1598 0.999317 0.035342 0.010834 7.737938 -0.035597 0.999069 0.024380 -0.103287 -0.009963 -0.024749 0.999644 0.039301 
866 3788 0.999674 -0.023106 -0.010918 -2.646080 0.023054 0.999722 -0.004846 -0.016968 0.011026 0.004593 0.999929 -0.020024 
558 3529 0.995616 -0.093223 0.007535 -1.290806 0.093259 0.995630 -0.004755 -0.281921 -0.007059 0.005437 0.999961 -0.017049 
2366 3320 0.999910 -0.001910 -0.013342 -10.044182 0.001818 0.999974 -0.006885 -0.227936 0.013354 0.006860 0.999886 -0.105091 
651 3599 0.999978 -0.005002 0.004315 5.216125 0.005001 0.999988 0.000304 -0.067285 -0.004316 -0.000282 0.999990 0.058100 
386 3363 -0.009420 0.999429 -0.032458 11.972061 -0.999554 -0.008491 0.028619 -4.355759 0.028327 0.032713 0.999063 0.345873 
55 4509 0.999986 -0.005192 -0.001739 -9.370045 0.005211 0.999924 0.011182 -0.181520 0.001681 -0.011191 0.999936 -0.126628 
458 3461 0.999996 0.000252 0.002526 -0.179413 -0.000256 0.999999 0.001511 0.064316 -0.002525 -0.001512 0.999996 -0.011564 
580 3557 0.582478 -0.812823 -0.006309 -7.133759 0.812782 0.582315 0.017153 -2.414993 -0.010268 -0.015119 0.999834 -0.001820 
846 3773 0.999940 0.009817 0.004769 -1.920311 -0.009766 0.999895 -0.010712 -0.107330 -0.004874 0.010665 0.999931 -0.016125 
608 3571 0.999908 0.006924 0.011742 -4.036896 -0.006983 0.999963 0.005020 0.052052 -0.011707 -0.005102 0.999918 0.020722 
573 1402 -0.970131 0.242103 0.015318 7.876328 -0.242207 -0.970210 -0.005333 6.643082 0.013570 -0.008884 0.999869 -0.048296 
918 3827 0.999755 0.022083 0.001559 2.044022 -0.022086 0.999754 0.001938 -0.058838 -0.001516 -0.001972 0.999997 -0.003434 
669 3615 0.999999 -0.001594 -0.000195 3.515656 0.001594 0.999998 0.001137 0.075323 0.000193 -0.001137 1.000000 0.019906 
732 3698 0.134212 0.990090 -0.041335 -9.928560 -0.990903 0.134507 0.004447 7.136963 0.009963 0.040362 0.999136 -0.206686 
2338 3279 0.544223 0.838838 -0.013069 0.181305 -0.838881 0.544304 0.003366 5.478055 0.009937 0.009132 0.999909 0.000321 
2442 3397 0.981788 -0.189833 -0.007457 -2.213913 0.189923 0.981694 0.014341 -0.097855 0.004598 -0.015497 0.999869 -0.034085 
174 1614 0.999905 0.013789 0.000964 2.740067 -0.013794 0.999894 0.004624 0.088097 -0.000900 -0.004637 0.999988 0.017986 
459 3457 0.999969 -0.000072 0.007824 4.129223 0.000142 0.999960 -0.008957 0.083862 -0.007823 0.008958 0.999929 -0.000684 
388 2440 0.853758 0.520644 0.005195 0.920578 -0.520338 0.853528 -0.027156 1.029221 -0.018573 0.020481 0.999618 0.019692 
203 1641 0.733512 -0.679670 0.002840 -4.083532 0.679671 0.733517 0.001094 1.546852 -0.002827 0.001127 0.999996 -0.077383 
837 3755 0.999327 -0.036639 0.001495 8.649269 0.036664 0.999055 -0.023352 -0.057831 -0.000638 0.023391 0.999727 0.142701 
679 3619 0.999980 0.003956 0.005021 9.062561 -0.003940 0.999987 -0.003075 0.069437 -0.005033 0.003055 0.999983 0.103811 
167 1612 0.999143 -0.041378 0.001173 -1.081001 0.041377 0.999142 0.001456 -0.005516 -0.001233 -0.001406 0.999998 -0.028299 
392 2437 0.755229 0.655055 -0.023056 4.872513 -0.655371 0.754075 -0.043140 -1.210587 -0.010873 0.047691 0.998803 0.068510 
479 3473 0.999990 0.004159 0.001853 6.205524 -0.004177 0.999946 0.009599 -0.005783 -0.001813 -0.009606 0.999953 0.054346 
2431 3376 0.987954 0.154719 -0.003013 1.468625 -0.154639 0.987799 0.018441 -0.326553 0.005829 -0.017753 0.999825 0.010729 
568 3537 0.969666 -0.244319 -0.007485 -1.899239 0.244390 0.969616 0.010849 -0.273468 0.004607 -0.012349 0.999913 -0.030109 
397 3390 0.863556 0.503922 -0.018258 6.287766 -0.504224 0.863326 -0.020648 -2.179733 0.005358 0.027036 0.999620 0.029972 
413 3411 0.977940 -0.208876 0.001958 4.616425 0.208881 0.977934 -0.003493 0.146812 -0.001185 0.003825 0.999992 0.041632 
45 4492 0.999830 0.018048 0.003647 0.234695 -0.018027 0.999820 -0.005834 -0.118116 -0.003751 0.005768 0.999976 -0.020278 
577 3542 0.976177 -0.216787 -0.009036 -1.219635 0.216709 0.976197 -0.008847 -0.104965 0.010738 0.006678 0.999919 -0.022294 
517 3514 0.999970 -0.003553 -0.006823 -3.515105 0.003548 0.999994 -0.000775 -0.147705 0.006825 0.000750 0.999977 -0.109398 
890 3801 0.999600 -0.028321 0.000488 5.325409 0.028325 0.999509 -0.013415 0.095276 -0.000108 0.013423 0.999910 0.086529 
903 3822 0.999874 0.013577 -0.008156 -6.234604 -0.013578 0.999908 -0.000038 0.049683 0.008155 0.000149 0.999967 -0.109215 
737 3673 0.958673 -0.284293 0.011024 0.532349 0.284085 0.958643 0.017298 1.239655 -0.015486 -0.013451 0.999790 -0.028321 
144 1589 0.999276 -0.038023 0.001965 -0.053339 0.038016 0.999271 0.003418 -0.052994 -0.002094 -0.003341 0.999992 -0.009504 
124 4530 0.137691 0.990397 -0.012429 3.569633 -0.990450 0.137766 0.005355 -7.263733 0.007016 0.011573 0.999909 0.077785 
450 3446 0.999831 -0.018279 -0.001863 4.604412 0.018273 0.999829 -0.002838 0.070877 0.001915 0.002804 0.999995 -0.003349 
76 4513 0.999510 -0.025574 0.018040 4.826157 0.025505 0.999666 0.004071 0.128028 -0.018138 -0.003609 0.999829 0.007347 
2438 3390 0.991615 -0.129142 0.004780 -1.073898 0.129013 0.991414 0.021320 -0.109009 -0.007492 -0.020525 0.999761 0.002035 
2447 3396 0.996217 0.086249 -0.010674 1.507889 -0.086101 0.996194 0.013632 -0.081024 0.011809 -0.012662 0.999850 0.007099 
489 3488 0.999782 0.020177 0.005401 -1.657555 -0.020147 0.999782 -0.005526 -0.123749 -0.005511 0.005416 0.999970 -0.033412 
195 1630 0.991936 -0.126669 -0.004099 2.243542 0.126554 0.991728 -0.021439 -0.104813 0.006781 0.020747 0.999762 0.023837 
2 4441 0.844958 -0.534423 0.020941 5.213069 0.534703 0.844970 -0.010969 1.208675 -0.011832 0.020465 0.999720 -0.066004 
385 3388 0.804930 0.593363 0.002903 0.381378 -0.593100 0.804702 -0.026229 1.972076 -0.017899 0.019390 0.999652 0.036636 
1576 4531 -0.079910 0.996748 -0.010395 3.069649 -0.996789 -0.079851 0.005944 -9.887728 0.005095 0.010836 0.999928 0.053236 
2362 3284 0.772610 0.634298 -0.027197 11.069870 -0.634880 0.771977 -0.031285 -6.349174 0.001152 0.041438 0.999140 0.100819 
763 3699 0.997684 0.067408 -0.008981 2.702587 -0.067373 0.997719 0.004160 0.548950 0.009241 -0.003545 0.999951 0.012053 
417 3398 0.972497 -0.232598 -0.012195 13.110672 0.232543 0.972569 -0.005643 -1.301933 0.013173 0.002651 0.999909 0.169892 
1390 3556 -0.359922 0.932791 -0.018968 -7.485123 -0.932923 -0.360054 -0.003963 8.250105 -0.010526 0.016269 0.999812 -0.064849 
80 4518 0.999515 -0.029467 -0.010040 1.818596 0.029569 0.999511 0.010162 0.209616 0.009736 -0.010454 0.999898 0.008527 
418 2459 0.881364 -0.472279 -0.012275 4.268600 0.472386 0.880581 0.037787 1.253464 -0.007037 -0.039103 0.999210 0.008161 
93 4526 0.999818 0.018215 0.005704 0.138626 -0.018319 0.999658 0.018702 0.394335 -0.005362 -0.018803 0.999808 -0.027605 
150 1607 0.999710 -0.023495 0.005274 -10.632914 0.023680 0.998986 -0.038306 -0.474220 -0.004369 0.038420 0.999252 -0.175589 
558 3538 0.941545 -0.336886 0.000552 -3.396950 0.336834 0.941426 0.016096 -0.698364 -0.005942 -0.014970 0.999871 -0.043557 
574 1408 -0.886158 0.463018 0.018393 3.637070 -0.463261 -0.886139 -0.012139 8.268539 0.010678 -0.019278 0.999758 0.051273 
888 3799 0.999718 -0.023079 -0.005545 5.727966 0.022989 0.999610 -0.015855 0.055450 0.005908 0.015723 0.999859 0.063930 
723 3663 0.999503 -0.031490 -0.000186 -0.080444 0.031490 0.999503 -0.001219 0.222340 0.000225 0.001212 0.999999 -0.017048 
75 4518 0.999713 -0.023895 0.001857 -1.922142 0.023889 0.999708 0.003554 0.061585 -0.001941 -0.003509 0.999992 -0.051897 
2419 3389 0.569950 -0.820484 0.044308 -9.479523 0.821548 0.569994 -0.012898 -5.635345 -0.014673 0.043752 0.998935 0.076492 
940 3835 0.996225 -0.086566 0.006473 8.427292 0.086600 0.996230 -0.005174 -0.138306 -0.006001 0.005715 0.999966 0.056561 
1 4422 0.487334 -0.872675 0.030706 9.078866 0.873065 0.487603 0.001481 4.698066 -0.016265 0.026087 0.999527 -0.015896 
2438 3380 0.926813 0.375524 0.000297 3.617249 -0.375477 0.926691 0.016143 -1.068588 0.005788 -0.015073 0.999870 -0.000491 
383 3391 0.881762 0.471586 0.010122 -2.636520 -0.471693 0.881600 0.016941 2.714081 -0.000935 -0.019712 0.999805 -0.026204 
743 3672 0.761677 -0.647020 0.034822 3.175690 0.646624 0.762457 0.023170 2.830257 -0.041542 0.004868 0.999125 -0.076669 
584 3541 0.977599 0.210393 0.006056 1.600800 -0.210313 0.977564 -0.011723 -0.361588 -0.008386 0.010187 0.999913 -0.001434 
495 3485 0.999902 -0.013859 -0.002128 6.322861 0.013885 0.999825 0.012591 -0.051804 0.001954 -0.012619 0.999918 0.079453 
385 2447 0.980528 0.195628 0.017117 -5.952911 -0.195559 0.980675 -0.005574 1.143188 -0.017877 0.002118 0.999839 0.014403 
866 3793 0.998793 -0.048781 -0.005771 -8.371407 0.048830 0.998768 0.008762 -0.172058 0.005337 -0.009033 0.999945 -0.067665 
503 3505 0.999904 -0.013788 0.001347 -6.576683 0.013797 0.999882 -0.006700 -0.110519 -0.001255 0.006718 0.999977 -0.124806 
2342 3267 0.108559 0.994091 0.000833 7.947296 -0.992820 0.108462 -0.050448 0.599091 -0.050240 0.004649 0.998726 0.175104 
624 3581 0.999972 0.007418 -0.000714 -0.826202 -0.007418 0.999972 -0.000661 -0.017723 0.000709 0.000667 1.000000 -0.012421 
587 1400 -0.857655 -0.514225 -0.000087 4.266991 0.514219 -0.857646 0.004861 7.247391 -0.002575 0.004124 0.999988 -0.014763 
22 4456 0.996109 -0.087958 0.005446 13.142287 0.087785 0.995787 0.026527 1.275324 -0.007756 -0.025945 0.999632 -0.012364 
512 3501 0.999983 0.005273 -0.002320 2.536459 -0.005272 0.999986 0.000261 -0.003403 0.002321 -0.000249 0.999997 0.032578 
2396 3341 0.999996 0.002027 -0.002043 -0.672821 -0.002035 0.999990 -0.003809 -0.111298 0.002035 0.003813 0.999991 -0.013089 
411 3421 0.986091 0.166150 0.004205 -1.646576 -0.165986 0.985778 -0.026249 -0.373199 -0.008506 0.025186 0.999647 -0.030931 
82 4514 0.999486 -0.032028 0.000967 7.982346 0.032013 0.999397 0.013539 0.284999 -0.001400 -0.013501 0.999908 0.042306 
734 3669 0.956142 -0.292717 0.010367 1.221497 0.292670 0.956195 0.005845 0.981554 -0.011624 -0.002554 0.999929 -0.004578 
2425 3380 0.949781 -0.312112 0.022417 -3.584835 0.312529 0.949731 -0.018349 -0.699936 -0.015563 0.024434 0.999580 -0.001435 
661 3610 0.999957 -0.008361 0.003866 1.569824 0.008346 0.999957 0.004009 0.026163 -0.003899 -0.003977 0.999985 0.005388 
787 3720 0.999848 0.016041 0.006800 4.649166 -0.016034 0.999871 -0.001131 -0.005829 -0.006817 0.001022 0.999976 0.023283 
575 3550 0.700005 -0.713972 -0.015399 -4.954987 0.714060 0.700085 0.000316 -1.570946 0.010555 -0.011217 0.999881 -0.026424 
2330 3275 0.119251 0.991965 -0.042234 1.519470 -0.992862 0.119049 -0.007272 9.337109 -0.002185 0.042799 0.999081 0.015411 
529 3530 0.990078 -0.138070 0.026134 -3.307415 0.137907 0.990413 0.007991 -0.497421 -0.026987 -0.004308 0.999626 -0.025574 
413 3423 0.980563 0.196204 -0.000258 -1.744415 -0.196018 0.979570 -0.044950 -0.411041 -0.008566 0.044127 0.998989 -0.027110 
105 4527 0.879849 0.475202 0.006863 4.020355 -0.475248 0.879682 0.017336 -0.912932 0.002200 -0.018515 0.999826 0.031902 
887 3801 0.999778 -0.016309 -0.013328 2.358215 0.016188 0.999827 -0.009116 0.021057 0.013475 0.008898 0.999869 0.026973 
470 3478 0.999924 0.000046 0.012372 -6.940475 0.000117 0.999913 -0.013158 -0.115677 -0.012371 0.013159 0.999837 -0.053650 
738 3674 0.958949 -0.283438 0.008963 0.487640 0.283165 0.958777 0.023736 1.332436 -0.015321 -0.020224 0.999678 -0.042831 
59 4504 0.999978 -0.004552 0.004816 0.372662 0.004581 0.999970 -0.006142 -0.153612 -0.004788 0.006164 0.999969 -0.013060 
743 3657 0.635525 -0.771375 0.032978 11.877899 0.770215 0.636379 0.042325 3.745307 -0.053635 -0.001498 0.998559 0.045434 
594 3524 0.296769 0.954905 -0.009186 7.533268 -0.954566 0.296363 -0.031194 -6.192490 -0.027065 0.018026 0.999471 -0.120701 
88 4526 0.999619 -0.027115 -0.005279 -2.504433 0.027222 0.999398 0.021505 0.378599 0.004693 -0.021641 0.999755 -0.081465 
681 3632 0.999972 0.004152 -0.006381 -5.185791 -0.004057 0.999883 0.014766 0.031548 0.006441 -0.014740 0.999871 -0.104491 
770 3709 0.999040 0.043363 0.006294 0.147077 -0.043415 0.999022 0.008456 0.269470 -0.005921 -0.008721 0.999945 -0.009239 
787 3731 0.999986 0.004832 0.002160 -7.173988 -0.004815 0.999958 -0.007801 -0.067932 -0.002197 0.007790 0.999967 -0.089861 
465 3464 0.999976 0.002746 0.006298 3.236244 -0.002731 0.999993 -0.002341 0.016968 -0.006304 0.002324 0.999978 0.010259 
2378 3322 0.999866 -0.015986 0.003470 0.260895 0.015980 0.999871 0.001987 -0.061935 -0.003502 -0.001931 0.999992 -0.010131 
711 3658 0.999698 -0.022166 0.010667 -3.717743 0.022209 0.999745 -0.003932 0.069963 -0.010577 0.004167 0.999936 -0.064538 
65 4503 0.999927 -0.010832 0.005352 7.175182 0.010896 0.999867 -0.012125 -0.101243 -0.005220 0.012182 0.999912 0.026919 
104 1568 0.197933 -0.980135 -0.012476 -3.652058 0.980171 0.197786 0.012051 -5.437424 -0.009344 -0.014614 0.999850 -0.049420 
729 3668 0.994238 -0.107166 0.002340 -0.299164 0.107176 0.994227 -0.004949 0.445431 -0.001796 0.005172 0.999985 -0.014081 
454 3451 0.999983 -0.004428 -0.003780 4.427685 0.004404 0.999971 -0.006330 0.044861 0.003808 0.006313 0.999974 0.004788 
2343 3277 0.503554 0.863901 0.010427 3.226898 -0.863898 0.503628 -0.006141 2.544868 -0.010556 -0.005915 0.999927 0.042014 
1413 3544 -0.948995 -0.315292 0.000399 -0.951111 0.315284 -0.948976 -0.006431 8.218521 0.002406 -0.005977 0.999979 -0.057122 
382 3384 0.656992 0.753880 -0.005129 1.393517 -0.753877 0.657009 0.003071 3.143723 0.005685 0.001849 0.999982 0.016956 
400 2461 0.999931 0.006627 0.009687 -6.160721 -0.006778 0.999855 0.015616 -0.335960 -0.009582 -0.015680 0.999831 -0.050220 
743 3692 0.758423 0.651754 -0.003569 -4.242158 -0.651759 0.758384 -0.007969 2.550507 -0.002487 0.008371 0.999962 -0.087431 
674 3624 0.999972 0.002273 -0.007261 -2.662109 -0.002265 0.999996 0.001062 0.025826 0.007263 -0.001045 0.999972 -0.052976 
567 3539 0.941686 -0.335947 -0.019131 -2.727417 0.336177 0.941741 0.010360 -0.461838 0.014536 -0.016188 0.999763 -0.059648 
601 3573 0.999541 -0.025352 0.016555 -10.943756 0.025322 0.999677 0.001999 0.052119 -0.016600 -0.001579 0.999861 0.110982 
1559 4537 -0.659561 0.750818 -0.035376 -1.570465 -0.751479 -0.659687 0.009619 -1.324750 -0.016115 0.032928 0.999328 -0.024210 
548 3511 0.994694 0.100839 -0.020393 4.532826 -0.101218 0.994692 -0.018477 -0.492584 0.018421 0.020443 0.999621 0.082804 
561 1413 -0.573062 0.818767 0.034921 0.822845 -0.819332 -0.573308 -0.003479 10.747147 0.017172 -0.030605 0.999384 -0.031860 
466 3466 0.999761 0.006073 0.021012 2.205502 -0.005965 0.999968 -0.005192 -0.019394 -0.021043 0.005066 0.999766 -0.007105 
2360 3279 0.561819 0.826723 -0.029801 9.962280 -0.827249 0.561628 -0.015238 -8.194362 0.004139 0.033214 0.999439 0.161354 
116 4530 0.393336 0.919390 0.002809 2.983681 -0.919395 0.393333 0.001388 -4.250028 0.000172 -0.003129 0.999995 0.041193 
1413 3546 -0.980411 -0.196832 0.007105 -2.758057 0.196807 -0.980434 -0.004141 8.064270 0.007781 -0.002662 0.999967 -0.060370 
766 3707 0.998869 0.047000 0.007266 -1.170641 -0.047037 0.998881 0.004921 0.402222 -0.007027 -0.005258 0.999962 -0.008242 
593 3544 0.829968 0.557643 -0.013703 4.021622 -0.557798 0.829865 -0.013642 -1.751678 0.003764 0.018966 0.999812 0.000593 
595 1414 -0.954579 -0.297681 0.012871 -9.800018 0.297815 -0.954571 0.010024 7.754890 0.009303 0.013402 0.999867 0.156856 
2459 3431 0.587284 0.806509 -0.068123 -7.034004 -0.809283 0.583817 -0.064966 2.766449 -0.012624 0.093284 0.995559 -0.182831 
711 3669 0.998854 0.047103 0.008480 -10.665497 -0.046949 0.998743 -0.017528 0.637924 -0.009295 0.017110 0.999811 -0.185408 
1401 3535 -0.989967 -0.139847 0.020191 9.053200 0.139680 -0.990151 -0.009423 4.961731 0.021310 -0.006508 0.999752 -0.110322 
543 3529 0.995446 -0.094232 0.014396 -1.391071 0.094289 0.995539 -0.003317 -0.283813 -0.014020 0.004659 0.999891 -0.021546 
430 3442 0.944816 0.327336 0.013222 -4.212631 -0.327151 0.944863 -0.014364 0.182541 -0.017194 0.009246 0.999810 0.006418 
911 3823 0.999947 0.010299 0.000625 0.153946 -0.010300 0.999946 0.001492 0.063812 -0.000609 -0.001499 0.999999 -0.023455 
74 4513 0.999672 -0.022619 0.011940 3.209267 0.022609 0.999743 0.000993 0.060950 -0.011959 -0.000723 0.999928 0.005409 
78 4522 0.999358 -0.027427 0.023060 -4.258286 0.027212 0.999584 0.009554 0.144344 -0.023312 -0.008920 0.999689 -0.034252 
676 3619 0.999993 0.003513 0.000972 5.835846 -0.003514 0.999993 0.001440 0.070127 -0.000967 -0.001444 0.999999 0.075906 
557 3523 0.999986 -0.001556 -0.005003 0.026567 0.001530 0.999984 -0.005247 -0.274612 0.005011 0.005240 0.999974 -0.019711 
763 3701 0.997688 0.067265 0.009697 1.354059 -0.067334 0.997707 0.006908 0.543396 -0.009210 -0.007545 0.999929 -0.011980 
436 3419 0.345852 -0.938261 -0.007196 7.404282 0.935946 0.344437 0.073266 5.812965 -0.066264 -0.032074 0.997286 -0.317882 
4 4438 0.779669 -0.625837 0.021074 7.385747 0.626163 0.779510 -0.016841 2.779828 -0.005888 0.026326 0.999636 -0.052438 
588 3556 0.914009 -0.405693 -0.001029 -3.985611 0.405693 0.913992 0.005584 -0.554853 -0.001325 -0.005522 0.999984 -0.007371 
936 3845 0.999307 -0.035246 0.012008 -4.409195 0.035355 0.999334 -0.008979 -0.369843 -0.011684 0.009397 0.999887 -0.049329 
782 3718 0.999770 0.021281 -0.002607 2.075413 -0.021261 0.999745 0.007650 0.090912 0.002769 -0.007593 0.999967 0.001179 
570 3539 0.957393 -0.288440 -0.014145 -2.079567 0.288612 0.957369 0.012113 -0.282333 0.010048 -0.015679 0.999827 -0.046182 
68 4508 0.999869 -0.014680 -0.006846 4.048470 0.014753 0.999834 0.010722 -0.015146 0.006687 -0.010822 0.999920 0.052843 
734 3688 0.553090 0.833007 -0.013832 -5.701988 -0.832581 0.553252 0.026840 4.253357 0.030011 -0.003329 0.999544 -0.150747 
2333 3287 0.771335 0.636181 -0.017750 -8.416550 -0.636422 0.770903 -0.025979 5.916985 -0.002843 0.031335 0.999505 0.055358 
379 3365 -0.006268 0.999961 -0.006276 11.097824 -0.999759 -0.006135 0.021050 0.704727 0.021011 0.006406 0.999759 0.104895 
518 3512 0.999907 0.012524 -0.005409 -2.012312 -0.012541 0.999917 -0.003130 -0.111130 0.005370 0.003197 0.999981 -0.075401 
2398 3342 1.000000 -0.000287 0.001137 0.253304 0.000294 0.999978 -0.006647 -0.112915 -0.001135 0.006647 0.999977 -0.001550 
2394 3337 0.999981 0.005663 -0.002146 1.204865 -0.005685 0.999929 -0.010419 -0.112778 0.002086 0.010430 0.999943 0.010826 
543 1411 -0.665427 0.746179 0.020594 3.190460 -0.746462 -0.665145 -0.019382 10.644699 -0.000765 -0.028270 0.999600 -0.021483 
64 4513 0.999777 -0.010575 0.018287 -5.502220 0.010879 0.999802 -0.016587 -0.143832 -0.018108 0.016782 0.999695 -0.055111 
752 3693 0.987080 0.160182 -0.003804 -0.464978 -0.160202 0.987068 -0.005828 1.048431 0.002821 0.006363 0.999975 -0.034803 
2417 3348 0.999617 0.027272 0.004681 10.035255 -0.027300 0.999609 0.006046 0.004791 -0.004514 -0.006172 0.999971 0.156322 
1418 3538 -0.622023 -0.782546 0.026626 1.981705 0.782763 -0.622310 -0.003373 9.517654 0.019209 0.018744 0.999641 -0.026256 
423 3422 0.921992 -0.386848 0.016677 3.025009 0.385263 0.920824 0.060467 0.533661 -0.038748 -0.049326 0.998031 -0.000629 
733 3662 0.948970 -0.315346 0.003662 4.840637 0.315264 0.948891 0.014633 1.070016 -0.008089 -0.012731 0.999886 0.078326 
593 1391 -0.495767 -0.868427 -0.007140 5.407059 0.868109 -0.495784 0.024196 8.557953 -0.024552 0.005797 0.999682 -0.034841 
1553 4530 -0.877318 0.478786 -0.032815 8.706192 -0.479502 -0.877338 0.018832 0.815903 -0.019773 0.032257 0.999283 0.121390 
751 3692 0.984459 0.175316 -0.010324 -0.458038 -0.175439 0.984410 -0.012592 1.105072 0.007956 0.014208 0.999867 -0.031225 
579 3515 0.885388 0.464635 -0.014262 6.720070 -0.464841 0.884723 -0.034465 -1.661148 -0.003396 0.037144 0.999304 0.162488 
387 2443 0.927601 0.373412 0.010912 -1.730896 -0.373221 0.927599 -0.016277 1.365631 -0.016200 0.011026 0.999808 0.008239 
1415 3531 -0.582036 -0.813037 0.014300 6.370625 0.812451 -0.582172 -0.031622 7.151291 0.034035 -0.006787 0.999398 0.086531 
739 3679 0.999967 -0.001492 -0.008040 -1.020721 0.001608 0.999896 0.014341 1.299393 0.008018 -0.014353 0.999865 -0.074156 
546 1414 -0.520767 0.853129 0.031183 -0.119171 -0.853688 -0.520593 -0.014096 11.032402 0.004208 -0.033962 0.999414 -0.019754 
853 3778 0.999731 -0.010328 -0.020792 -2.116989 0.010206 0.999930 -0.006013 -0.094666 0.020853 0.005800 0.999766 -0.049353 
664 3617 0.999992 -0.004021 0.000057 -4.280853 0.004021 0.999991 0.001091 0.032547 -0.000062 -0.001090 0.999999 -0.060887 
18 4478 0.999728 0.021091 -0.009944 -10.377147 -0.020968 0.999705 0.012294 0.426900 0.010200 -0.012082 0.999875 -0.167606 
725 3668 0.999919 -0.012412 -0.002911 -2.051819 0.012376 0.999848 -0.012243 0.272743 0.003063 0.012206 0.999921 -0.052801 
398 2444 0.946015 0.324036 -0.007459 4.642242 -0.324118 0.945621 -0.027381 -1.185226 -0.001819 0.028321 0.999597 0.029623 
738 3667 0.855319 -0.517843 0.016356 3.684723 0.517476 0.855411 0.022124 1.904320 -0.025448 -0.010459 0.999621 0.007679 
806 3737 0.999939 -0.011079 0.000189 3.448265 0.011076 0.999878 0.010970 0.193115 -0.000311 -0.010967 0.999940 0.026342 
719 3648 0.999940 0.009228 0.005862 10.448639 -0.009196 0.999944 -0.005368 0.041553 -0.005911 0.005314 0.999968 0.140945 
754 3699 0.988758 0.149516 -0.000183 -3.019859 -0.149514 0.988741 -0.006005 0.928680 -0.000716 0.005965 0.999982 -0.025688 
1 4437 0.767698 -0.640232 0.027257 6.029721 0.640693 0.767679 -0.013432 1.669285 -0.012325 0.027775 0.999538 -0.065841 
564 3519 0.998175 0.052321 -0.030143 1.660534 -0.052763 0.998508 -0.014064 -0.356567 0.029362 0.015629 0.999446 0.024483 
2391 3332 0.999921 0.009513 0.008230 3.202934 -0.009398 0.999860 -0.013891 -0.100922 -0.008361 0.013813 0.999870 0.024425 
578 3544 0.960165 -0.279298 -0.008663 -1.666779 0.279304 0.960203 -0.000514 -0.117249 0.008462 -0.001926 0.999962 -0.041734 
199 1637 0.909953 -0.414651 0.007172 -2.109798 0.414711 0.909866 -0.012565 0.572647 -0.001316 0.014408 0.999895 -0.025923 
6 4460 0.999932 0.011684 -0.000452 -3.461589 -0.011680 0.999887 0.009404 0.237852 0.000562 -0.009398 0.999956 -0.037026 
551 3528 0.997173 -0.074545 0.009407 -1.181091 0.074578 0.997210 -0.003259 -0.273972 -0.009137 0.003951 0.999950 -0.018587 
536 3537 0.952588 -0.303726 0.018047 -3.549667 0.303391 0.952674 0.019094 -0.729568 -0.022992 -0.012714 0.999655 -0.027861 
5 4454 0.995447 -0.095173 0.005217 0.269619 0.095071 0.995322 0.017177 0.142852 -0.006827 -0.016603 0.999838 -0.014522 
2470 3419 0.975823 0.218299 -0.010715 7.032501 -0.218544 0.975194 -0.035154 -2.246811 0.002775 0.036646 0.999324 0.168387 
846 3767 0.999471 -0.032022 -0.005631 3.338242 0.032071 0.999448 0.008736 0.037811 0.005348 -0.008912 0.999945 0.034825 
608 3562 0.999975 0.002913 0.006553 3.783310 -0.002923 0.999995 0.001521 0.026460 -0.006549 -0.001540 0.999977 -0.008920 
412 3411 0.985696 -0.168396 0.006729 4.161346 0.168441 0.985686 -0.007074 0.030220 -0.005441 0.008106 0.999953 0.039889 
571 1403 -0.944561 0.327864 0.017631 7.852119 -0.328008 -0.944656 -0.005997 7.085938 0.014689 -0.011448 0.999826 -0.068857 
786 3725 0.999942 0.009777 0.004574 -1.580246 -0.009741 0.999923 -0.007735 -0.031158 -0.004649 0.007690 0.999960 -0.018979 
439 3444 0.999889 0.014104 0.004582 -1.045025 -0.014057 0.999850 -0.010145 -0.121353 -0.004724 0.010080 0.999937 -0.015380 
4 4458 0.999987 -0.002320 0.004255 -3.380664 0.002259 0.999897 0.014221 0.181612 -0.004288 -0.014211 0.999890 -0.027249 
428 2467 0.490208 -0.871585 0.005954 0.360657 0.863417 0.486525 0.133437 4.471313 -0.119198 -0.060271 0.991040 -0.405593 
400 2447 0.982043 0.188219 0.012826 4.066772 -0.187680 0.981612 -0.034836 -0.857117 -0.019147 0.031803 0.999311 0.032552 
574 3512 0.956625 0.289907 -0.028698 6.774864 -0.290591 0.956561 -0.023435 -1.084869 0.020657 0.030758 0.999314 0.168131 
2406 3362 0.999024 -0.043127 -0.009572 -8.325005 0.043074 0.999057 -0.005584 -0.272156 0.009804 0.005167 0.999939 -0.201422 
117 4532 0.350557 0.936509 0.007807 0.791908 -0.936483 0.350615 -0.008256 -4.643838 -0.010469 -0.004417 0.999935 -0.034964 
568 1400 -0.958517 0.283874 0.025717 10.041634 -0.284150 -0.958749 -0.007731 6.268799 0.022462 -0.014717 0.999639 -0.068344 
2439 3380 0.905413 0.424474 -0.006941 4.147949 -0.424284 0.905324 0.019292 -1.319412 0.014473 -0.014522 0.999790 -0.008111 
563 3526 0.999486 -0.031151 -0.007592 -0.247499 0.031111 0.999501 -0.005369 -0.250351 0.007755 0.005130 0.999957 -0.022179 
2366 3308 0.999975 -0.004852 0.005341 1.533218 0.004918 0.999910 -0.012497 -0.248047 -0.005280 0.012523 0.999908 -0.004371 
746 3666 0.487228 -0.872299 0.041270 6.568176 0.872573 0.488187 0.017051 4.818882 -0.035021 0.027704 0.999003 -0.091784 
106 1569 0.352834 -0.935620 -0.011071 -4.088586 0.935674 0.352744 0.009307 -4.596375 -0.004802 -0.013643 0.999895 -0.056561 
177 1629 0.999800 0.019956 0.000878 -8.113960 -0.019948 0.999773 -0.007592 -0.025177 -0.001030 0.007573 0.999971 -0.100918 
480 3471 0.999987 0.005248 -0.000083 9.198883 -0.005247 0.999935 0.010164 0.012741 0.000136 -0.010164 0.999948 0.095625 
393 3401 0.992644 0.118614 0.024245 -1.535538 -0.118319 0.992887 -0.013275 0.059731 -0.025647 0.010309 0.999618 -0.016036 
429 3422 0.739936 -0.672369 0.020330 4.930634 0.670569 0.739672 0.056776 2.035141 -0.053212 -0.028378 0.998181 -0.095162 
727 3666 0.996874 -0.078997 -0.001386 -0.079041 0.078987 0.996861 -0.005613 0.342322 0.001825 0.005486 0.999984 -0.014177 
6 4437 0.753457 -0.657104 0.022725 8.783316 0.657453 0.753356 -0.014481 4.050632 -0.007605 0.025851 0.999637 -0.076703 
560 3528 0.997343 -0.072817 0.001763 -0.971832 0.072825 0.997332 -0.005048 -0.266632 -0.001391 0.005164 0.999986 -0.022037 
958 3854 0.386094 -0.922452 -0.003864 -5.139709 0.922267 0.385923 0.022062 5.148438 -0.018860 -0.012082 0.999749 -0.118987 
26 4481 0.999738 0.021396 0.008254 -6.276114 -0.021467 0.999733 0.008559 0.364280 -0.008069 -0.008734 0.999929 0.000305 
80 4518 0.999515 -0.029467 -0.010040 1.818596 0.029569 0.999511 0.010162 0.209616 0.009736 -0.010454 0.999898 0.008527 
137 1582 0.998454 -0.055583 0.000368 0.209552 0.055584 0.998445 -0.004268 -0.248344 -0.000130 0.004282 0.999991 -0.013234 
402 2470 0.999718 0.020852 0.011379 -12.550369 -0.021312 0.998893 0.041947 -0.130257 -0.010491 -0.042177 0.999055 -0.228668 
870 3784 0.999738 0.018972 -0.012811 5.300705 -0.018720 0.999634 0.019550 0.058075 0.013177 -0.019305 0.999727 0.055172 
541 3510 0.994390 0.104817 -0.014214 5.094013 -0.105068 0.994296 -0.018294 -0.510010 0.012215 0.019685 0.999732 0.076794 
855 3768 0.999403 -0.029789 0.017509 8.321198 0.029405 0.999332 0.021719 0.218811 -0.018145 -0.021191 0.999611 0.055598 
494 3488 0.999997 -0.000882 -0.002226 2.333416 0.000888 0.999996 0.002896 -0.129547 0.002224 -0.002898 0.999994 0.018902 
74 4511 0.999631 -0.022459 0.015266 5.617737 0.022409 0.999742 0.003468 0.073494 -0.015340 -0.003125 0.999877 0.008643 
2445 3402 0.982066 -0.187939 0.015015 -2.876007 0.187674 0.982076 0.017496 -0.107544 -0.018034 -0.014364 0.999735 0.008079 
58 4511 0.999884 -0.006021 0.014050 -8.823544 0.006121 0.999956 -0.007099 -0.176472 -0.014006 0.007185 0.999876 -0.009105 
367 2432 0.493681 0.869559 -0.012099 -1.565781 -0.869643 0.493633 -0.006835 11.348419 0.000030 0.013896 0.999903 -0.016451 
436 3439 0.999153 -0.041046 -0.002595 0.124777 0.041048 0.999157 0.000557 -0.111115 0.002570 -0.000663 0.999996 -0.011157 
743 3676 0.896003 -0.443594 0.020111 1.800262 0.443388 0.896220 0.014003 2.077698 -0.024236 -0.003630 0.999700 -0.061115 
398 3422 0.923857 0.382737 -0.000898 -8.952133 -0.382726 0.923808 -0.009921 2.102997 -0.002968 0.009509 0.999950 -0.068102 
197 1635 0.957029 -0.289976 0.003264 -1.275360 0.289967 0.956725 -0.024406 0.191444 0.003954 0.024304 0.999697 -0.020354 
582 3553 0.802286 -0.596916 0.005321 -4.433777 0.596762 0.802231 0.017304 -0.940857 -0.014598 -0.010707 0.999836 0.002936 
393 3404 0.998207 0.055958 0.021271 -3.106018 -0.055812 0.998414 -0.007384 -0.044800 -0.021650 0.006183 0.999746 -0.024608 
1408 3525 -0.792829 -0.609435 0.003122 10.282022 0.609077 -0.792520 -0.030655 3.814362 0.021156 -0.022403 0.999524 0.069479 
549 3512 0.995203 0.095365 -0.021835 3.965685 -0.095758 0.995247 -0.017726 -0.475143 0.020041 0.019732 0.999604 0.077005 
682 3628 0.999998 0.001420 -0.000125 0.898224 -0.001420 0.999998 -0.000706 0.030760 0.000124 0.000706 1.000000 0.001049 
710 3651 0.999954 -0.008595 0.004105 1.608704 0.008605 0.999961 -0.002338 0.087042 -0.004085 0.002373 0.999988 0.009453 
2468 3406 0.999841 0.014327 -0.010660 12.443817 -0.014926 0.998183 -0.058376 -0.285599 0.009804 0.058526 0.998237 0.168870 
2426 3370 0.990476 0.137556 -0.005805 1.302544 -0.137494 0.990454 0.009832 -0.293396 0.007102 -0.008941 0.999935 0.004247 
1417 3546 -0.909920 -0.414664 0.009907 -4.578491 0.414691 -0.909962 0.000786 8.814270 0.008689 0.004823 0.999951 -0.048466 
108 4528 0.771981 0.635644 -0.000205 3.770561 -0.635592 0.771921 0.012640 -1.671813 0.008192 -0.009627 0.999919 0.043569 
488 3487 0.999785 0.020474 0.003106 -1.431290 -0.020464 0.999784 -0.003328 -0.107788 -0.003174 0.003264 0.999990 -0.038062 
2351 3291 0.958972 0.283495 0.001221 -0.237915 -0.283447 0.958873 -0.014846 0.509430 -0.005380 0.013891 0.999889 0.000229 
2387 3331 0.999989 0.004717 -0.000633 0.267586 -0.004718 0.999987 -0.001161 -0.045547 0.000627 0.001164 0.999999 -0.008199 
729 3666 0.991015 -0.133675 0.004405 0.785156 0.133688 0.991020 -0.002712 0.473225 -0.004003 0.003277 0.999987 0.002454 
522 3511 0.999330 0.036591 0.001236 0.353968 -0.036582 0.999310 -0.006514 -0.150787 -0.001473 0.006465 0.999978 -0.020734 
569 3553 0.420047 -0.907027 -0.029385 -7.039505 0.907408 0.420249 -0.000800 -3.794228 0.013075 -0.026328 0.999568 -0.039945 
1538 4537 -0.999286 -0.007935 -0.036929 9.462791 0.005427 -0.997703 0.067529 2.717382 -0.037380 0.067281 0.997034 0.063261 
824 3764 0.999118 0.041860 0.003462 -7.855804 -0.041927 0.998877 0.022086 0.109100 -0.002534 -0.022212 0.999750 -0.146355 
476 3468 0.999979 -0.006282 0.001728 8.905609 0.006264 0.999926 0.010381 0.042679 -0.001793 -0.010371 0.999945 0.019072 
586 3551 0.963684 -0.267015 -0.004101 -1.967758 0.267036 0.963667 0.006172 -0.099693 0.002304 -0.007043 0.999973 -0.017521 
449 3459 0.999885 -0.014348 0.004940 -5.602993 0.014299 0.999848 0.009937 -0.028778 -0.005082 -0.009865 0.999939 -0.017655 
88 4525 0.999642 -0.026666 0.002154 -1.330658 0.026618 0.999447 0.019901 0.377613 -0.002683 -0.019836 0.999800 -0.046936 
420 3443 0.599343 0.800460 -0.007202 -8.249390 -0.800490 0.599297 -0.007717 2.371674 -0.001861 0.010391 0.999944 0.068663 
2369 3319 0.999819 -0.006995 0.017748 -5.907616 0.006986 0.999976 0.000564 -0.208206 -0.017752 -0.000440 0.999842 -0.041121 
117 4537 0.355487 0.934654 -0.007155 -4.876183 -0.934599 0.355546 0.010587 -4.642923 0.012439 0.002923 0.999919 -0.054292 
410 2456 0.991834 -0.127033 0.011315 3.144318 0.127217 0.991724 -0.017275 -0.137329 -0.009027 0.018573 0.999787 0.013901 
429 3439 0.957457 0.288402 0.009994 -3.036976 -0.288353 0.957506 -0.005971 0.020050 -0.011292 0.002835 0.999933 -0.011365 
390 3373 0.209912 0.976726 -0.044078 8.575136 -0.977477 0.210654 0.012853 -4.868134 0.021839 0.040387 0.998946 0.245303 
774 3714 0.999944 0.010503 0.000603 -1.153610 -0.010505 0.999934 0.004617 0.179901 -0.000554 -0.004623 0.999989 -0.014171 
399 3412 0.998686 0.051217 0.001866 -3.396805 -0.051235 0.998620 0.011526 -0.165352 -0.001273 -0.011606 0.999933 -0.055875 
833 3772 0.995659 0.090729 0.020747 -8.641979 -0.090460 0.995808 -0.013546 0.171204 -0.021889 0.011610 0.999693 -0.015524 
402 3402 0.995626 0.088048 0.031222 3.786331 -0.087549 0.996016 -0.016995 -0.512436 -0.032594 0.014187 0.999368 -0.032973 
1392 3542 -0.943645 0.329880 -0.026660 6.575180 -0.330036 -0.943968 0.001525 7.540176 -0.024663 0.010238 0.999643 0.069028 
594 1408 -0.824043 -0.566482 0.007102 -3.738586 0.566520 -0.824031 0.005276 9.628143 0.002863 0.008371 0.999961 0.082386 
19 4469 0.999953 -0.009149 0.003421 -0.484724 0.009133 0.999947 0.004714 0.296952 -0.003464 -0.004683 0.999983 -0.013154 
628 3581 0.999857 0.008054 0.014861 3.165283 -0.008040 0.999967 -0.000996 -0.036376 -0.014869 0.000876 0.999889 -0.013489 
763 3707 0.999069 0.042834 0.005200 -3.250459 -0.042819 0.999078 -0.003171 0.480774 -0.005331 0.002945 0.999982 -0.009031 
829 3752 0.999670 0.024941 -0.006122 6.731003 -0.025076 0.999418 -0.023110 -0.171600 0.005542 0.023256 0.999714 0.135271 
394 3393 0.923243 0.384160 -0.006453 3.153030 -0.384198 0.922913 -0.024929 -0.570435 -0.003621 0.025495 0.999668 0.015151 
1420 3538 -0.549831 -0.834994 0.021660 1.351067 0.835193 -0.549957 0.000177 10.456894 0.011764 0.018188 0.999766 -0.009885 
558 3522 0.999936 0.009508 -0.006063 0.290408 -0.009547 0.999933 -0.006392 -0.280518 0.006002 0.006450 0.999962 -0.016082 
125 1574 0.976657 -0.214681 0.007148 -0.984968 0.214742 0.976629 -0.009065 -0.802834 -0.005035 0.010388 0.999933 -0.003157 
739 3667 0.823959 -0.566343 0.018635 4.048096 0.565826 0.824089 0.026789 2.187837 -0.030529 -0.011529 0.999467 -0.000408 
32 4491 0.999609 0.027418 -0.005487 -11.524080 -0.027351 0.999556 0.011897 0.170166 0.005811 -0.011742 0.999914 -0.156102 
485 3484 0.999890 0.014821 0.000330 -0.663982 -0.014821 0.999889 0.001284 -0.057404 -0.000311 -0.001288 0.999999 -0.026380 
455 3453 0.999990 -0.004351 0.000042 3.805649 0.004352 0.999977 -0.005253 0.057495 -0.000019 0.005253 0.999986 -0.012270 
388 2445 0.959524 0.281600 0.003932 -2.490341 -0.281521 0.959450 -0.014197 0.980652 -0.007770 0.012515 0.999892 -0.017884 
2371 3318 0.999836 -0.012888 0.012748 -2.877075 0.012898 0.999917 -0.000695 -0.186310 -0.012738 0.000860 0.999918 -0.022299 
117 4534 0.353273 0.935517 0.002428 -1.469345 -0.935509 0.353279 -0.003867 -4.651189 -0.004475 -0.000906 0.999989 -0.050497 
733 3665 0.953957 -0.299798 0.009285 2.986328 0.299734 0.953992 0.007705 0.977173 -0.011168 -0.004567 0.999927 0.030448 
44 4498 0.999964 0.006178 0.005748 -7.527798 -0.006085 0.999854 -0.015989 -0.193965 -0.005846 0.015953 0.999856 -0.075699 
894 3804 0.999824 -0.018761 0.000897 5.740311 0.018743 0.999685 0.016722 0.182465 -0.001210 -0.016703 0.999860 0.025398 
2385 3338 0.999972 -0.002911 0.006968 -8.455666 0.002827 0.999924 0.011965 -0.072464 -0.007003 -0.011945 0.999904 -0.127563 
506 3503 0.999914 -0.013044 0.000608 -2.926250 0.013045 0.999914 -0.000886 -0.044617 -0.000596 0.000894 0.999999 -0.070498 
756 3682 0.735254 -0.677752 -0.007298 5.643646 0.677570 0.734697 0.033457 4.852020 -0.017314 -0.029544 0.999413 0.023750 
2385 3319 0.999484 -0.028713 0.014429 10.296600 0.028758 0.999582 -0.002957 0.202805 -0.014338 0.003371 0.999891 0.014162 
45 4486 0.999576 0.025916 0.013304 6.867546 -0.026031 0.999624 0.008538 -0.103024 -0.013078 -0.008881 0.999875 0.018963 
605 3569 0.999986 -0.004788 -0.002581 -4.376694 0.004803 0.999971 0.005970 0.039277 0.002552 -0.005982 0.999979 -0.023334 
425 2473 0.643513 -0.765272 -0.015845 -5.523483 0.761357 0.637812 0.116334 3.399895 -0.078921 -0.086926 0.993083 -0.255207 
6 4447 0.938234 -0.346003 0.000787 5.175830 0.346003 0.938233 -0.000361 1.187914 -0.000614 0.000611 1.000000 -0.000569 
678 3619 0.999980 0.003715 0.005026 8.009064 -0.003711 0.999992 -0.000829 0.074930 -0.005029 0.000811 0.999988 0.092010 
425 3441 0.828774 0.558765 0.030276 -5.581074 -0.558934 0.829206 -0.003348 0.830444 -0.026976 -0.014148 0.999536 0.025749 
1572 4536 -0.118943 0.992771 -0.016076 -2.420708 -0.992808 -0.118695 0.015598 -7.662171 0.013577 0.017815 0.999749 0.020907 
494 3499 0.999973 0.006665 -0.003267 -8.584755 -0.006784 0.999269 -0.037635 -0.235382 0.003014 0.037656 0.999286 -0.144678 
103 1570 0.201235 -0.979509 -0.008197 -5.156161 0.979464 0.201103 0.014462 -5.628876 -0.012517 -0.010939 0.999861 -0.047319 
722 3676 0.921654 0.387109 -0.026448 -7.029755 -0.387434 0.921859 -0.008344 2.162384 0.021151 0.017937 0.999615 -0.293942 
559 3540 0.908458 -0.417733 -0.014271 -3.962349 0.417891 0.908433 0.010797 -0.964722 0.008454 -0.015773 0.999840 -0.090381 
218 1633 0.136535 -0.990628 0.003687 6.021172 0.990605 0.136501 -0.008373 7.862762 0.007792 0.004796 0.999958 0.229706 
516 3511 0.999944 0.009580 -0.004525 -2.440802 -0.009587 0.999952 -0.001483 -0.087326 0.004511 0.001526 0.999988 -0.079511 
169 1603 0.996709 0.080727 0.007278 8.174747 -0.080772 0.996715 0.006096 -0.380051 -0.006762 -0.006664 0.999955 0.070533 
534 3532 0.986503 -0.163481 0.009306 -2.650082 0.163443 0.986542 0.004676 -0.443710 -0.009945 -0.003091 0.999945 -0.052790 
579 3549 0.850139 -0.526553 0.002361 -3.446671 0.526548 0.850141 0.002891 -0.642761 -0.003530 -0.001215 0.999993 0.000511 
1409 3551 -0.936181 0.351518 0.001091 -5.881104 -0.351516 -0.936182 0.001072 6.862976 0.001398 0.000620 0.999999 -0.109860 
391 2443 0.927403 0.374013 0.006187 0.824478 -0.373649 0.927024 -0.031805 0.299957 -0.017631 0.027184 0.999475 0.002912 
529 3527 0.996323 -0.081658 0.025910 -2.656513 0.081547 0.996655 0.005340 -0.363113 -0.026259 -0.003207 0.999650 -0.024716 
381 3367 0.026324 0.999647 -0.003434 10.181671 -0.999420 0.026392 0.021537 -0.328949 0.021620 0.002865 0.999763 0.142633 
