793 1527 0.969541 0.244760 -0.009016 3.114258 -0.244653 0.969542 0.011537 0.343018 0.011565 -0.008980 0.999893 0.065577 
638 1391 0.999992 -0.001185 -0.003698 2.450745 0.001197 0.999993 0.003432 0.055954 0.003694 -0.003437 0.999987 0.029918 
902 2631 0.653523 0.756723 0.016639 1.598907 -0.756795 0.652893 0.031489 -2.668621 0.012965 -0.033171 0.999366 0.021888 
799 1518 0.922914 0.384852 -0.010973 8.841074 -0.384906 0.922950 -0.003355 -0.136734 0.008837 0.007320 0.999935 0.252212 
775 1529 0.999851 -0.014668 0.009132 -4.922177 0.014350 0.999322 0.033904 1.042084 -0.009623 -0.033768 0.999383 -0.094487 
617 1370 0.999987 0.004194 -0.002707 3.215790 -0.004192 0.999991 0.000610 0.041077 0.002709 -0.000599 0.999997 0.039979 
29 2433 0.990621 -0.136533 0.005251 -1.578220 0.136445 0.990541 0.014534 -0.274978 -0.007185 -0.013681 0.999881 -0.021076 
818 2572 0.978436 -0.206278 0.010753 11.113281 0.206222 0.978486 0.006052 0.688276 -0.011770 -0.003704 0.999923 -0.023089 
24 2346 0.200532 -0.979346 0.025843 8.968358 0.978909 0.201354 0.034554 4.520990 -0.039044 0.018369 0.999069 -0.071569 
656 1412 0.999998 -0.001546 0.001155 -2.148811 0.001548 0.999998 -0.000946 -0.013687 -0.001154 0.000948 0.999999 -0.030461 
15 2393 0.214206 -0.976543 0.021888 7.607761 0.976146 0.214824 0.031465 -2.121915 -0.035429 0.014626 0.999266 0.077236 
18 2303 0.053740 -0.998556 -0.000144 14.005125 0.997985 0.053705 0.033790 1.561419 -0.033733 -0.001959 0.999429 0.297707 
17 2339 0.210536 -0.977467 0.015256 7.887629 0.977199 0.210867 0.024832 -0.770739 -0.027490 0.009680 0.999575 0.063252 
584 1341 0.999973 -0.005470 0.004964 1.073227 0.005470 0.999985 0.000118 -0.112411 -0.004965 -0.000091 0.999988 -0.005893 
623 1379 0.999990 -0.004083 0.001726 0.158730 0.004081 0.999991 0.001111 0.082672 -0.001730 -0.001104 0.999998 -0.007949 
764 1499 0.999985 0.005221 0.001510 5.792559 -0.005206 0.999940 -0.009686 0.014603 -0.001560 0.009678 0.999952 0.107673 
38 2439 0.999583 -0.026472 0.011603 1.728115 0.026373 0.999615 0.008580 0.302638 -0.011826 -0.008271 0.999896 -0.007454 
2 2319 0.177988 -0.983857 0.018578 7.495162 0.983449 0.178500 0.031085 -9.293151 -0.033899 0.012738 0.999344 0.205736 
141 2522 0.450586 0.892643 -0.012637 -4.951508 -0.892685 0.450664 0.004056 -3.711431 0.009316 0.009454 0.999912 -0.110208 
790 1537 0.982570 0.185778 0.006468 -0.244162 -0.185850 0.982485 0.013467 0.571396 -0.003852 -0.014435 0.999888 -0.023588 
814 2578 0.932712 -0.360197 -0.017493 2.856293 0.360471 0.932629 0.016309 0.113198 0.010440 -0.021518 0.999714 0.022514 
660 1421 0.999998 0.000561 -0.001669 -7.894630 -0.000570 0.999984 -0.005618 -0.026169 0.001665 0.005619 0.999983 -0.131685 
645 1400 0.999986 0.004298 0.003324 -0.049644 -0.004297 0.999990 -0.000146 0.009048 -0.003324 0.000132 0.999994 0.001675 
22 2418 0.736821 -0.675374 0.031058 3.437113 0.675704 0.737173 -0.000186 -1.460732 -0.022770 0.021123 0.999517 -0.017347 
110 2514 0.997587 -0.066540 0.019831 -7.056656 0.066035 0.997502 0.025098 0.582533 -0.021452 -0.023728 0.999488 -0.029818 
579 1336 0.999847 -0.016565 0.005558 1.193420 0.016569 0.999863 -0.000523 -0.146912 -0.005549 0.000615 0.999984 -0.001169 
559 1326 0.996085 -0.088397 -0.001353 -5.557999 0.088299 0.995506 -0.034230 -1.402710 0.004372 0.033976 0.999413 -0.088976 
742 1481 0.999997 0.001539 0.001799 5.130497 -0.001552 0.999971 0.007517 0.084473 -0.001787 -0.007520 0.999971 0.086697 
803 1553 0.798588 0.601867 0.003821 -0.010594 -0.601851 0.798596 -0.004407 -1.391678 -0.005704 0.001219 0.999984 -0.024955 
800 1558 0.852766 0.521747 0.023849 -2.600143 -0.521114 0.853021 -0.028217 -0.803848 -0.035067 0.011635 0.999317 -0.005344 
702 1454 0.999876 0.015491 0.002498 -3.136917 -0.015517 0.999822 0.010774 0.302826 -0.002330 -0.010811 0.999939 -0.029583 
15 2309 0.057391 -0.998176 0.018679 11.563842 0.997116 0.058240 0.048652 -0.493970 -0.049651 0.015833 0.998641 0.133989 
803 1554 0.795246 0.606260 0.005864 -0.340130 -0.606244 0.795267 -0.004349 -1.400513 -0.007300 -0.000097 0.999973 -0.025658 
25 2424 0.897105 -0.441536 0.015725 1.846118 0.441684 0.897141 -0.007382 -1.040385 -0.010848 0.013568 0.999850 -0.020746 
552 1310 0.980014 0.198860 -0.005439 0.973846 -0.198929 0.979813 -0.019838 -1.379364 0.001384 0.020523 0.999789 -0.031311 
649 1407 0.999987 0.002222 0.004656 -3.610558 -0.002192 0.999977 -0.006428 -0.045975 -0.004670 0.006417 0.999969 -0.044255 
674 1417 0.999985 0.003970 -0.004019 10.025978 -0.003903 0.999854 0.016669 0.085266 0.004084 -0.016652 0.999852 0.153840 
548 1308 0.940120 0.340732 -0.008753 0.293854 -0.340840 0.939679 -0.028844 -1.082542 -0.001603 0.030100 0.999545 -0.036427 
766 1506 0.997473 -0.071022 -0.001782 1.835386 0.071028 0.997469 0.003316 0.387985 0.001542 -0.003434 0.999994 0.032668 
576 1335 0.999171 -0.040689 -0.000574 -0.526443 0.040691 0.999167 0.003053 -0.216431 0.000449 -0.003074 0.999995 -0.017643 
752 1485 0.999995 -0.003305 -0.000757 9.505864 0.003315 0.999910 0.012984 0.108490 0.000714 -0.012986 0.999915 0.203688 
33 2425 0.917411 -0.397836 -0.009245 7.776418 0.397772 0.917449 -0.008087 1.822052 0.011699 0.003741 0.999924 0.069613 
30 2358 0.204889 -0.978540 0.021914 10.032648 0.978619 0.205216 0.013850 9.650447 -0.018050 0.018607 0.999664 -0.177679 
858 2606 0.999898 -0.012527 -0.006933 4.310654 0.012496 0.999911 -0.004568 0.381875 0.006990 0.004481 0.999965 0.072033 
82 2482 0.999962 0.008368 -0.002522 1.276840 -0.008353 0.999948 0.005813 0.335466 0.002570 -0.005792 0.999980 -0.000704 
664 1419 1.000000 0.000689 -0.000616 -1.845909 -0.000690 0.999996 -0.002534 0.000916 0.000615 0.002534 0.999996 -0.028050 
833 2594 0.999610 0.027937 0.000681 -2.716873 -0.027939 0.999604 0.003308 0.497308 -0.000589 -0.003326 0.999994 -0.062572 
36 2429 0.965494 -0.260349 -0.006199 8.026133 0.260422 0.965291 0.019868 1.599303 0.000811 -0.020797 0.999783 0.044886 
872 2610 0.999026 -0.044062 0.002256 9.650650 0.044059 0.999027 0.001544 0.681649 -0.002322 -0.001443 0.999996 0.164978 
540 1290 -0.028251 0.999041 -0.033453 5.874054 -0.999103 -0.029277 -0.030600 -2.119560 -0.031550 0.032558 0.998972 0.104111 
112 2502 0.999755 -0.022085 0.001403 6.068245 0.022041 0.999414 0.026159 0.689932 -0.001979 -0.026122 0.999657 0.115252 
807 1553 0.686171 0.727431 -0.003842 0.975108 -0.727406 0.686077 -0.013371 -2.465347 -0.007090 0.011970 0.999903 -0.030117 
872 2610 0.999026 -0.044062 0.002256 9.650650 0.044059 0.999027 0.001544 0.681649 -0.002322 -0.001443 0.999996 0.164978 
725 1467 0.999960 0.003047 -0.008358 4.683456 -0.003033 0.999994 0.001630 0.170685 0.008363 -0.001605 0.999963 0.112973 
28 2391 0.203615 -0.978739 0.024711 9.669123 0.978864 0.204005 0.014415 7.876946 -0.019149 0.021253 0.999590 -0.165199 
880 2617 0.999988 0.001288 0.004890 6.758408 -0.001312 0.999987 0.004870 0.773077 -0.004884 -0.004876 0.999976 0.090075 
758 1499 0.999982 -0.005885 -0.000465 1.549436 0.005881 0.999955 -0.007393 0.002396 0.000508 0.007390 0.999972 0.023413 
823 2594 0.999447 -0.033064 -0.003725 -9.747513 0.033144 0.999159 0.024121 0.672537 0.002924 -0.024231 0.999703 -0.136580 
20 2361 0.206799 -0.978194 0.019318 8.351206 0.977861 0.207293 0.028591 1.368506 -0.031971 0.012977 0.999405 0.017938 
760 1501 0.999722 -0.023586 -0.000497 1.422908 0.023584 0.999715 -0.003645 0.060593 0.000583 0.003632 0.999993 0.018976 
93 2497 0.999982 0.002225 0.005592 -3.001396 -0.002244 0.999992 0.003323 0.274973 -0.005585 -0.003335 0.999978 -0.079965 
2302 2419 0.676836 0.735913 -0.018038 -10.378470 -0.736028 0.676120 -0.033535 6.036276 -0.012483 0.035974 0.999275 -0.190350 
1524 2573 0.151015 -0.988361 0.018328 2.192093 0.988211 0.151413 0.022685 -8.877455 -0.025196 0.014686 0.999575 -0.002227 
790 2571 0.301303 -0.953526 0.002009 4.116623 0.953248 0.301265 0.023630 -5.587252 -0.023137 -0.005205 0.999718 0.024701 
67 2465 0.999901 0.002013 0.013904 3.695423 -0.002012 0.999997 -0.000106 0.411823 -0.013904 0.000078 0.999903 0.018819 
519 1292 -0.864635 0.500843 -0.039526 8.348206 -0.501890 -0.864624 0.023028 5.358307 -0.022641 0.039749 0.998952 0.092741 
13 2420 0.807283 -0.590163 0.001585 -2.924953 0.590125 0.807194 -0.013771 -5.687970 0.006847 0.012053 0.999903 -0.038563 
3 2381 0.227231 -0.973674 0.017972 6.094212 0.973506 0.227597 0.022016 -9.179134 -0.025527 0.012493 0.999596 0.136804 
15 2335 0.214580 -0.976497 0.020234 7.612405 0.976072 0.215140 0.031593 -2.109204 -0.035204 0.012971 0.999296 0.087871 
684 1436 0.999862 -0.016565 0.001359 -0.710114 0.016557 0.999847 0.005613 0.196762 -0.001452 -0.005590 0.999984 0.004865 
1 2332 0.229322 -0.973167 0.018887 5.836485 0.972943 0.229746 0.024498 -10.251631 -0.028180 0.012758 0.999521 0.126990 
794 1568 0.938799 0.344465 -0.000129 -9.623673 -0.344466 0.938799 0.000085 0.201920 0.000151 -0.000035 1.000000 -0.145206 
558 1325 0.996983 -0.077571 -0.002667 -5.372421 0.077407 0.996222 -0.039356 -1.486267 0.005709 0.039031 0.999221 -0.088417 
816 1579 0.327549 0.944828 -0.003493 -12.545492 -0.944796 0.327568 0.007721 -5.803162 0.008439 0.000771 0.999964 -0.025920 
750 1489 0.999999 0.000478 0.000332 3.982609 -0.000480 0.999979 0.006411 0.019165 -0.000328 -0.006411 0.999979 0.077821 
24 2428 0.954626 -0.297115 0.020276 -1.827183 0.296982 0.954836 0.009345 -1.411528 -0.022137 -0.002899 0.999751 0.013011 
806 1555 0.709256 0.704951 0.000725 0.028137 -0.704892 0.709210 -0.012169 -2.172302 -0.009093 0.008120 0.999926 -0.035607 
821 2594 0.996186 -0.087149 -0.004292 -10.968903 0.087238 0.995765 0.029023 0.632627 0.001744 -0.029287 0.999569 -0.148363 
782 2577 0.182516 -0.982812 -0.027678 -2.993332 0.982578 0.181324 0.040792 -8.613704 -0.035072 -0.034641 0.998784 0.035903 
741 1488 0.999911 0.013322 -0.000290 -2.873007 -0.013322 0.999911 -0.000090 0.002991 0.000289 0.000094 1.000000 -0.069382 
780 1523 0.999999 -0.000828 0.000845 -0.390476 0.000799 0.999372 0.035438 1.016479 -0.000874 -0.035437 0.999371 -0.037370 
114 2516 0.999090 -0.032340 0.027855 -7.053978 0.031680 0.999215 0.023802 0.664871 -0.028603 -0.022898 0.999329 -0.051822 
871 2612 0.999216 -0.039294 0.004922 7.170059 0.039314 0.999218 -0.004148 0.636202 -0.004755 0.004339 0.999979 0.100330 
803 1543 0.819689 0.572762 -0.007420 2.371227 -0.572712 0.819719 0.007822 -1.306915 0.010562 -0.002162 0.999942 0.028070 
119 2519 0.997841 0.065566 0.003749 -7.991959 -0.065615 0.997737 0.014671 0.629565 -0.002778 -0.014885 0.999885 -0.178457 
842 2596 0.999895 0.013490 0.005294 2.267319 -0.013530 0.999881 0.007576 0.376050 -0.005191 -0.007647 0.999957 0.002809 
877 2622 0.999243 -0.038755 0.003563 0.808182 0.038708 0.999171 0.012619 0.753454 -0.004049 -0.012471 0.999914 -0.006540 
11 2410 0.456443 -0.889567 0.018192 3.372031 0.889721 0.456504 -0.000936 -6.184714 -0.007472 0.016613 0.999833 0.068184 
12 2324 0.212921 -0.977053 0.005745 7.346985 0.977029 0.212962 0.007898 -4.019516 -0.008940 0.003931 0.999953 0.187645 
44 2451 0.999962 -0.008572 -0.001856 -5.076073 0.008581 0.999952 0.004675 0.338380 0.001816 -0.004691 0.999987 -0.088784 
560 1317 0.998339 -0.057593 -0.001080 1.225189 0.057536 0.997907 -0.029503 -1.353592 0.002777 0.029392 0.999564 -0.027619 
2296 2405 0.971100 0.237644 0.022127 -10.576598 -0.237368 0.971313 -0.014371 2.059158 -0.024907 0.008703 0.999652 -0.018318 
886 2617 0.987956 0.154595 -0.006656 9.279617 -0.154541 0.987955 0.007815 0.533231 0.007784 -0.006693 0.999947 0.134486 
730 1469 0.999992 -0.003773 -0.001541 7.243391 0.003773 0.999993 -0.000153 0.176758 0.001541 0.000148 0.999999 0.179559 
63 2463 0.999989 0.001060 -0.004807 1.631195 -0.001043 0.999993 0.003743 0.430498 0.004811 -0.003737 0.999982 0.009845 
128 2516 0.918924 0.394223 0.012911 -1.735435 -0.394330 0.918941 0.007129 -0.325302 -0.009054 -0.011642 0.999892 -0.026847 
763 1509 0.994954 -0.100315 -0.002105 -2.278902 0.100336 0.994841 0.014976 0.219467 0.000592 -0.015111 0.999885 -0.054180 
805 1564 0.737165 0.675446 -0.019011 -4.357223 -0.675684 0.737102 -0.011503 -1.900787 0.006244 0.021325 0.999753 -0.140415 
818 1572 0.257411 0.966220 -0.012474 -6.875082 -0.966205 0.257548 0.010853 -6.902817 0.013699 0.009259 0.999863 0.018001 
888 2625 0.976218 0.216636 -0.008263 2.660156 -0.216545 0.976214 0.010673 0.357641 0.010379 -0.008630 0.999909 0.040335 
895 2630 0.873553 0.486563 0.012701 0.502518 -0.486673 0.873551 0.007698 -0.819984 -0.007350 -0.012906 0.999890 -0.002386 
802 1547 0.834933 0.550322 -0.005719 1.321406 -0.550343 0.834932 -0.003300 -1.131271 0.002959 0.005902 0.999979 0.017555 
107 2501 0.999335 -0.036390 -0.002238 4.299438 0.036421 0.999207 0.016051 0.563356 0.001652 -0.016122 0.999869 0.054079 
105 2515 0.997403 -0.066540 0.027572 -11.089363 0.066237 0.997734 0.011761 0.293370 -0.028292 -0.009904 0.999550 -0.028822 
144 2517 0.306931 0.951460 0.022744 0.682434 -0.951697 0.306630 0.015800 -4.820615 0.008059 -0.026495 0.999616 0.043972 
524 1300 -0.411597 0.910758 -0.033315 0.882904 -0.911076 -0.412113 -0.010144 5.866476 -0.022968 0.026177 0.999394 0.047269 
547 1305 0.873077 0.487571 -0.003380 1.325974 -0.487531 0.872870 -0.020276 -1.113327 -0.006936 0.019351 0.999788 -0.028581 
21 2355 0.208112 -0.977844 0.022587 8.502530 0.977314 0.208816 0.035408 2.109183 -0.039339 0.014705 0.999118 0.000410 
540 1312 0.830169 0.557470 -0.006734 -4.548065 -0.557085 0.829003 -0.049106 -0.231308 -0.021793 0.044518 0.998770 -0.088906 
539 1294 0.098142 0.994847 -0.025412 4.105026 -0.994783 0.097357 -0.030458 -0.736847 -0.027827 0.028269 0.999213 0.049277 
2 2366 0.231104 -0.972765 0.017811 5.930039 0.972548 0.231487 0.023748 -9.724385 -0.027225 0.011833 0.999560 0.143904 
24 2320 0.166696 -0.985704 0.024478 9.607962 0.985144 0.167538 0.037703 4.875038 -0.041265 0.017830 0.998989 -0.068141 
587 1337 0.999975 0.005657 0.004252 7.378036 -0.005655 0.999983 -0.000318 -0.136002 -0.004254 0.000294 0.999991 0.064858 
767 1514 0.994940 -0.100344 -0.005035 -2.900757 0.100458 0.994348 0.034368 0.527542 0.001558 -0.034700 0.999397 -0.086965 
688 1438 0.999866 -0.016063 0.003199 1.009453 0.016044 0.999854 0.005882 0.277435 -0.003293 -0.005830 0.999977 0.029397 
774 1503 0.999827 -0.016916 0.007707 8.901363 0.017011 0.999780 -0.012275 0.431549 -0.007497 0.012404 0.999895 0.152969 
635 1400 0.999824 0.018729 0.001171 -9.778091 -0.018736 0.999798 0.007187 0.035751 -0.001036 -0.007208 0.999973 -0.181243 
28 2358 0.206092 -0.978265 0.022876 9.664642 0.978348 0.206452 0.014610 7.864528 -0.019016 0.019369 0.999632 -0.151701 
749 1502 0.998293 -0.058206 0.004942 -7.733079 0.058235 0.998285 -0.005969 -0.404861 -0.004586 0.006246 0.999970 -0.143823 
104 2512 0.998142 -0.059563 0.012800 -8.841988 0.059458 0.998195 0.008441 0.302413 -0.013279 -0.007664 0.999883 -0.177504 
31 2438 0.999204 -0.038045 0.011946 -4.134916 0.038060 0.999275 -0.000969 0.042406 -0.011901 0.001423 0.999929 -0.020476 
801 1568 0.835409 0.549621 -0.003081 -7.689033 -0.549623 0.835359 -0.009458 -0.962952 -0.002624 0.009595 0.999950 -0.109714 
705 1450 0.999985 -0.003024 0.004550 4.440472 0.003004 0.999984 0.004704 0.327362 -0.004564 -0.004691 0.999979 0.072418 
29 2350 0.202085 -0.979127 0.021724 9.829393 0.979215 0.202396 0.013186 8.778421 -0.017307 0.018608 0.999677 -0.170525 
5 2337 0.224961 -0.974112 0.022328 6.312496 0.974121 0.225361 0.017322 -8.086576 -0.021905 0.017853 0.999600 0.122469 
657 1408 0.999999 0.001177 0.000518 3.092735 -0.001176 0.999998 -0.001655 0.017456 -0.000520 0.001655 0.999998 0.053981 
792 1537 0.972148 0.234368 0.000250 0.405796 -0.234362 0.972117 0.007934 0.386414 0.001616 -0.007771 0.999969 -0.005083 
5 2340 0.223965 -0.974345 0.022140 6.327678 0.974350 0.224362 0.017452 -8.082973 -0.021971 0.017663 0.999602 0.123928 
791 1534 0.976985 0.213308 0.000024 0.716436 -0.213300 0.976949 0.008602 0.485031 0.001812 -0.008409 0.999963 0.001366 
814 1544 0.466661 0.884330 -0.013732 4.765139 -0.884341 0.466782 0.007450 -4.809952 0.012998 0.008667 0.999878 0.098114 
596 1360 0.999954 -0.009401 -0.002046 -6.105103 0.009401 0.999956 0.000063 -0.053284 0.002045 -0.000082 0.999998 -0.118586 
702 1448 0.999976 0.000360 0.006922 3.727585 -0.000438 0.999937 0.011204 0.363968 -0.006918 -0.011207 0.999913 0.060828 
789 1531 0.988024 0.154293 0.001746 0.707449 -0.154300 0.987884 0.016582 0.662033 0.000834 -0.016653 0.999861 -0.000899 
790 1527 0.985310 0.170756 -0.002657 2.147171 -0.170683 0.985166 0.017737 0.616379 0.005646 -0.017023 0.999839 0.032426 
531 1301 0.002045 0.999704 -0.024198 -0.156006 -0.999438 0.001233 -0.033513 3.212524 -0.033473 0.024253 0.999145 0.038852 
814 1541 0.472899 0.881034 -0.012111 5.398846 -0.881062 0.472979 0.004637 -4.787277 0.009814 0.008478 0.999916 0.086791 
838 2592 0.999851 0.016012 -0.006480 3.510727 -0.016031 0.999868 -0.002929 0.422077 0.006432 0.003033 0.999975 0.049892 
711 1453 0.999958 -0.008631 0.002896 7.023224 0.008609 0.999933 0.007779 0.353958 -0.002963 -0.007754 0.999965 0.131198 
890 2638 0.939318 0.342628 -0.016932 -8.882584 -0.342837 0.939325 -0.011419 0.226087 0.011992 0.016531 0.999791 -0.228807 
540 1301 0.499269 0.866357 -0.012474 1.073608 -0.865977 0.498472 -0.040139 0.125256 -0.028557 0.030842 0.999116 0.010205 
2311 2417 0.747995 0.663307 -0.022973 -7.431957 -0.663700 0.747655 -0.022671 2.807571 0.002138 0.032205 0.999479 -0.120653 
18 2389 0.208039 -0.978024 0.013753 8.062718 0.977878 0.208280 0.019345 -0.072433 -0.021784 0.009425 0.999719 0.045111 
591 1351 0.999994 0.001542 0.003119 -2.143494 -0.001551 0.999995 0.003108 -0.099686 -0.003114 -0.003112 0.999990 -0.051234 
19 2423 0.880682 -0.473683 0.004991 -1.739213 0.473706 0.880585 -0.013143 -3.201339 0.001830 0.013939 0.999902 -0.011602 
79 2476 0.999961 0.005334 0.007021 4.519173 -0.005352 0.999983 0.002483 0.377035 -0.007007 -0.002520 0.999972 0.038449 
0 2352 0.231648 -0.972669 0.015942 5.670795 0.972363 0.232005 0.026138 -10.801089 -0.029122 0.009447 0.999531 0.130010 
114 2505 0.999882 -0.006719 0.013861 3.941010 0.006408 0.999729 0.022401 0.726967 -0.014008 -0.022310 0.999653 0.046340 
779 1546 0.999013 0.040712 0.017772 -6.467479 -0.041258 0.998653 0.031469 1.167084 -0.016467 -0.032171 0.999347 -0.108285 
9 2313 0.082894 -0.996246 0.024963 10.127667 0.996139 0.083560 0.026941 -4.526948 -0.028926 0.022633 0.999326 0.170481 
85 2488 0.999976 0.006381 -0.002800 -1.950081 -0.006368 0.999969 0.004634 0.316135 0.002829 -0.004616 0.999986 -0.064300 
779 1505 0.999939 -0.008625 0.006895 9.971279 0.008693 0.999912 -0.009967 0.685471 -0.006808 0.010026 0.999927 0.183215 
107 2492 0.999464 -0.032637 0.002283 13.644417 0.032599 0.999355 0.015042 0.575029 -0.002772 -0.014960 0.999884 0.174704 
895 2620 0.869052 0.494504 -0.014666 9.679718 -0.494616 0.869096 -0.005208 -0.846516 0.010171 0.011780 0.999878 0.184703 
44 2439 0.999513 -0.025572 0.017941 7.868393 0.025398 0.999628 0.009845 0.491607 -0.018186 -0.009384 0.999791 -0.004594 
630 1387 0.999941 0.010651 0.002079 -1.147972 -0.010660 0.999935 0.004113 0.055878 -0.002035 -0.004135 0.999990 -0.020886 
904 2643 0.544823 0.838464 -0.012124 -9.962234 -0.838168 0.544953 0.022366 -3.435309 0.025360 -0.002023 0.999677 -0.012016 
578 1329 0.999825 -0.017567 0.006473 6.167526 0.017530 0.999829 0.005846 -0.155121 -0.006575 -0.005732 0.999962 0.039670 
691 1452 0.999868 0.016173 0.001593 -11.690292 -0.016193 0.999772 0.013956 0.420471 -0.001366 -0.013980 0.999901 -0.174001 
728 1464 0.999950 -0.007261 -0.006834 11.093460 0.007252 0.999973 -0.001411 0.239304 0.006845 0.001362 0.999975 0.248757 
134 2517 0.758035 0.652187 0.006007 -1.076233 -0.652183 0.757877 0.016726 -1.553843 0.006356 -0.016597 0.999842 -0.016276 
810 2581 0.861485 -0.507764 -0.004505 -1.919174 0.507740 0.861263 0.020622 -0.549210 -0.006591 -0.020052 0.999777 -0.025083 
2288 2394 0.989270 0.145698 0.010813 -15.085465 -0.145610 0.989306 -0.008437 1.897482 -0.011926 0.006772 0.999906 -0.171557 
92 2498 0.999985 0.002831 0.004792 -5.066391 -0.002856 0.999983 0.005210 0.261130 -0.004777 -0.005223 0.999975 -0.111640 
745 1478 0.999962 -0.007922 0.003583 11.047812 0.007872 0.999877 0.013557 0.168350 -0.003690 -0.013528 0.999902 0.163295 
627 1381 0.999992 -0.001393 -0.003634 1.903595 0.001401 0.999997 0.002189 0.092987 0.003631 -0.002194 0.999991 0.019682 
1561 2574 0.069653 -0.997479 -0.013558 2.101349 0.997559 0.069578 0.005930 1.265981 -0.004972 -0.013937 0.999891 0.026025 
2298 2415 0.813629 0.581297 -0.010110 -11.309491 -0.581307 0.813113 -0.030461 5.440135 -0.009486 0.030661 0.999485 -0.222777 
738 1490 0.999754 0.022045 -0.002241 -7.498978 -0.022050 0.999754 -0.002238 0.037613 0.002191 0.002287 0.999994 -0.166751 
843 2598 0.999971 0.006838 -0.003555 0.836548 -0.006825 0.999970 0.003769 0.371019 0.003580 -0.003745 0.999986 -0.005153 
807 2575 0.778030 -0.628131 0.011018 3.420166 0.628128 0.778099 0.004201 -1.154863 -0.011212 0.003652 0.999930 -0.022894 
519 1294 -0.812271 0.582029 -0.038187 6.819336 -0.583000 -0.812169 0.022190 6.138084 -0.018099 0.040288 0.999024 0.043315 
802 1565 0.814810 0.579600 -0.012216 -5.634157 -0.579706 0.814783 -0.008383 -1.183655 0.005095 0.013912 0.999890 -0.138916 
745 1496 0.999998 0.002207 0.000131 -6.440427 -0.002206 0.999962 -0.008414 -0.096634 -0.000150 0.008414 0.999964 -0.136086 
74 2470 0.999882 0.011408 -0.010367 5.666237 -0.011247 0.999817 0.015487 0.407207 0.010542 -0.015368 0.999826 0.107853 
862 2612 0.999766 -0.020761 0.006103 1.337463 0.020802 0.999762 -0.006634 0.453505 -0.005964 0.006760 0.999959 -0.001001 
9 2343 0.223025 -0.974538 0.023126 6.801973 0.974628 0.223382 0.014164 -5.856572 -0.018970 0.019380 0.999632 0.116306 
652 1409 0.999999 0.000665 0.001312 -2.794327 -0.000664 1.000000 -0.000860 -0.044250 -0.001313 0.000859 0.999999 -0.043561 
3 2352 0.226965 -0.973724 0.018627 6.061625 0.973570 0.227346 0.021779 -9.165830 -0.025441 0.013192 0.999589 0.132179 
754 1491 0.999940 0.010917 -0.001136 5.315465 -0.010906 0.999898 0.009184 -0.011444 0.001236 -0.009171 0.999958 0.099033 
791 1549 0.970407 0.241228 0.010899 -2.308884 -0.241259 0.970460 0.001548 0.491180 -0.010204 -0.004132 0.999940 -0.024425 
897 2634 0.804458 0.593478 -0.025129 -2.743347 -0.593688 0.804694 -0.001135 -1.300174 0.019548 0.015832 0.999683 -0.090066 
824 1576 0.069145 0.997606 -0.001396 -9.411422 -0.997556 0.069156 0.009998 -10.405548 0.010071 0.000701 0.999949 0.165386 
805 2572 0.718042 -0.695965 0.006966 5.887573 0.695980 0.718061 0.000252 -1.574739 -0.005177 0.004667 0.999975 -0.016133 
2288 2399 0.987719 0.155190 0.018091 -15.199066 -0.155024 0.987857 -0.010270 2.025971 -0.019465 0.007339 0.999784 -0.053599 
814 1537 0.479852 0.877237 -0.014069 6.218212 -0.877290 0.479945 0.004001 -4.732071 0.010262 0.010423 0.999894 0.104701 
844 2594 0.999956 0.008900 0.003143 6.147217 -0.008937 0.999885 0.012255 0.408739 -0.003033 -0.012283 0.999920 0.056164 
2 2405 0.322598 -0.945968 0.032788 4.010484 0.946198 0.323214 0.015531 -10.287119 -0.025289 0.026013 0.999341 0.015527 
8 2428 0.960591 -0.277940 0.003663 -12.491394 0.277935 0.960597 0.001788 -4.708575 -0.004016 -0.000699 0.999992 0.008142 
861 2611 0.999783 -0.019374 0.007529 1.548462 0.019410 0.999801 -0.004700 0.449783 -0.007437 0.004845 0.999961 0.008833 
800 2579 0.583472 -0.812075 -0.009696 -2.640320 0.811747 0.582786 0.037769 -2.711026 -0.025020 -0.029907 0.999239 -0.032332 
6 2382 0.223772 -0.974370 0.023016 6.467865 0.974411 0.224170 0.016425 -7.552967 -0.021163 0.018752 0.999600 0.122899 
793 1535 0.965744 0.259491 -0.001546 1.122688 -0.259479 0.965730 0.005952 0.292892 0.003038 -0.005347 0.999981 0.007302 
780 1543 0.998952 0.042411 0.017242 -5.409813 -0.042933 0.998590 0.031192 1.099396 -0.015894 -0.031899 0.999364 -0.091998 
21 2434 0.993662 -0.108410 0.029687 -9.118363 0.107907 0.993997 0.018073 -1.009080 -0.031468 -0.014755 0.999396 0.098058 
788 1558 0.978424 0.204233 0.031217 -6.222936 -0.204262 0.978914 -0.002307 0.856934 -0.031030 -0.004119 0.999509 0.026238 
2305 2428 0.342064 0.939052 -0.034256 -12.240917 -0.939480 0.342510 0.007936 8.999683 0.019185 0.029468 0.999381 -0.414509 
588 1347 0.999998 -0.001409 0.001529 -0.989685 0.001407 0.999997 0.001600 -0.097855 -0.001532 -0.001598 0.999998 -0.032952 
611 1368 0.999997 0.001298 0.002125 -0.171890 -0.001300 0.999999 0.000790 0.035324 -0.002124 -0.000793 0.999998 -0.011667 
645 1390 0.999917 -0.011780 0.005331 10.320854 0.011813 0.999911 -0.006266 0.177582 -0.005257 0.006328 0.999966 0.166557 
5 2376 0.225966 -0.973897 0.021528 6.320422 0.973886 0.226353 0.017630 -8.099737 -0.022043 0.016982 0.999612 0.129591 
5 2379 0.225283 -0.974048 0.021840 6.323072 0.974041 0.225677 0.017684 -8.098849 -0.022154 0.017289 0.999604 0.129154 
785 1554 0.989029 0.145760 0.023997 -5.863264 -0.146077 0.989200 0.012047 1.048141 -0.021982 -0.015421 0.999639 -0.026185 
98 2502 0.999880 -0.015077 0.003383 -3.482948 0.015077 0.999886 0.000124 0.303472 -0.003385 -0.000073 0.999995 -0.095212 
830 2589 0.999331 0.036577 -0.000534 0.620255 -0.036575 0.999327 0.002957 0.611453 0.000641 -0.002935 0.999995 -0.012804 
73 2475 0.999998 0.001652 -0.000864 -0.894295 -0.001646 0.999978 0.006499 0.386803 0.000874 -0.006498 0.999978 -0.037572 
791 1533 0.977965 0.208760 -0.002150 0.924273 -0.208732 0.977929 0.009203 0.490509 0.004024 -0.008551 0.999955 0.007581 
734 1468 0.999986 -0.004944 0.001258 12.245205 0.004941 0.999985 0.002483 0.247253 -0.001270 -0.002477 0.999997 0.291058 
801 1546 0.857266 0.514873 -0.001375 1.248016 -0.514874 0.857260 -0.003296 -0.916245 -0.000518 0.003534 0.999993 0.017357 
112 2507 0.999363 -0.032093 0.015587 0.953568 0.031733 0.999235 0.022849 0.711061 -0.016309 -0.022340 0.999618 -0.009644 
802 2584 0.640911 -0.767604 0.004094 -7.543030 0.767226 0.640747 0.028439 -2.261245 -0.024453 -0.015085 0.999587 0.006919 
804 1561 0.769702 0.638402 -0.001378 -2.981449 -0.638341 0.769594 -0.015698 -1.689804 -0.008961 0.012962 0.999876 -0.083301 
801 2576 0.601969 -0.798475 0.008484 0.746277 0.798159 0.601983 0.023681 -2.525810 -0.024016 -0.007484 0.999683 0.002293 
632 1397 0.999390 0.034166 0.007263 -9.475433 -0.034201 0.999404 0.004647 0.083954 -0.007099 -0.004893 0.999963 -0.088351 
788 1538 0.989700 0.142692 0.011590 -1.118855 -0.142895 0.989553 0.019137 0.714783 -0.008738 -0.020596 0.999749 -0.037844 
26 2372 0.199245 -0.979654 0.024077 9.296659 0.979489 0.199845 0.025757 6.191039 -0.030044 0.018452 0.999378 -0.120025 
8 2362 0.220748 -0.975041 0.023762 6.720330 0.975087 0.221171 0.016957 -6.419566 -0.021789 0.019427 0.999574 0.120825 
20 2379 0.204838 -0.978594 0.019908 8.341339 0.978277 0.205349 0.028382 1.391079 -0.031863 0.013662 0.999399 0.015181 
6 2399 0.236373 -0.971122 0.032367 6.198736 0.971432 0.236910 0.013854 -7.661703 -0.021122 0.028168 0.999380 0.050995 
569 1322 0.994782 -0.102003 -0.002378 3.973740 0.102008 0.994781 0.001814 -0.559525 0.002181 -0.002047 0.999995 0.017724 
2 2398 0.239189 -0.970679 0.023840 5.742270 0.970604 0.239703 0.021708 -9.792212 -0.026786 0.017947 0.999480 0.091549 
1560 2580 0.074441 -0.996493 -0.038212 -4.243759 0.996964 0.073488 0.025768 0.846169 -0.022870 -0.040014 0.998938 -0.113700 
743 1491 0.999900 0.014140 -0.000273 -3.876762 -0.014140 0.999900 0.001044 -0.012100 0.000288 -0.001040 1.000000 -0.091098 
690 1447 0.999966 0.003741 0.007300 -6.978794 -0.003873 0.999829 0.018099 0.351425 -0.007231 -0.018127 0.999809 -0.028537 
827 1565 0.049936 0.998300 -0.030085 -1.747044 -0.998753 0.049921 -0.001261 -12.489075 0.000243 0.030110 0.999547 -0.033437 
668 1419 1.000000 0.000030 0.000795 2.058784 -0.000030 1.000000 0.000208 0.018799 -0.000795 -0.000208 0.999999 0.038355 
579 1335 0.999843 -0.016809 0.005427 2.059555 0.016802 0.999858 0.001329 -0.138626 -0.005448 -0.001237 0.999984 0.009260 
829 2586 0.999352 0.035993 -0.000620 3.246750 -0.035989 0.999336 0.005719 0.657454 0.000825 -0.005693 0.999984 0.018662 
600 1361 0.999937 -0.011151 -0.000554 -3.456711 0.011152 0.999936 0.001392 -0.002121 0.000539 -0.001398 0.999999 -0.069973 
711 1454 0.999974 -0.005817 0.003988 5.863045 0.005779 0.999940 0.009312 0.330521 -0.004041 -0.009289 0.999949 0.104920 
796 1544 0.933560 0.358306 0.009035 0.281044 -0.358350 0.933579 0.003850 -0.077850 -0.007055 -0.006832 0.999951 -0.011805 
562 1331 0.992989 -0.118208 -0.000591 -7.697708 0.118115 0.992382 -0.035032 -1.251114 0.004728 0.034717 0.999385 -0.109900 
861 2616 0.999794 -0.018946 0.007195 -3.175797 0.018966 0.999817 -0.002594 0.449578 -0.007144 0.002730 0.999970 -0.069632 
15 2394 0.217838 -0.975744 0.021650 7.587728 0.975354 0.218440 0.031097 -2.152633 -0.035072 0.014342 0.999282 0.075899 
841 2593 0.999913 0.013070 0.001762 4.819244 -0.013076 0.999907 0.003810 0.405570 -0.001712 -0.003833 0.999990 0.074444 
2296 2421 0.609308 0.792664 -0.020655 -12.768234 -0.792913 0.608900 -0.022988 9.664492 -0.005645 0.030384 0.999523 -0.329537 
1536 2573 0.125368 -0.992050 0.010926 2.606995 0.992015 0.125501 0.012475 -5.649620 -0.013747 0.009274 0.999862 -0.000969 
538 1289 -0.177997 0.983005 -0.044917 6.300415 -0.983466 -0.179258 -0.025748 -1.657516 -0.033363 0.039591 0.998659 0.128747 
27 2438 0.999028 -0.039778 0.018980 -7.780918 0.039857 0.999198 -0.003808 -0.124056 -0.018813 0.004561 0.999813 0.006148 
11 2381 0.216114 -0.976196 0.018288 7.105040 0.976300 0.216282 0.007811 -4.661998 -0.011580 0.016166 0.999802 0.109766 
755 1500 0.999640 -0.026817 0.000918 -1.474109 0.026819 0.999637 -0.002455 -0.058533 -0.000851 0.002479 0.999996 -0.042942 
656 1410 0.999999 -0.000214 0.000795 -0.024437 0.000215 1.000000 -0.000776 -0.008453 -0.000795 0.000777 0.999999 0.002761 
903 2638 0.580212 0.814308 -0.016008 -5.074142 -0.814254 0.580398 0.011396 -3.014853 0.018571 0.006423 0.999807 -0.096467 
10 2422 0.862645 -0.505808 0.001131 -6.122128 0.505732 0.862471 -0.019495 -6.365122 0.008885 0.017389 0.999810 -0.069340 
899 2629 0.769644 0.638432 -0.007239 2.616013 -0.638409 0.769678 0.005471 -1.798537 0.009064 0.000411 0.999958 0.028861 
16 2298 0.068594 -0.997637 0.003975 16.536070 0.996691 0.068702 0.043438 -0.015792 -0.043608 0.000983 0.999048 0.399047 
18 2305 0.053955 -0.998511 0.008114 13.134394 0.997940 0.054203 0.034295 1.560564 -0.034683 0.006247 0.999379 0.165463 
513 1301 -0.661645 0.748150 -0.049984 2.433243 -0.749178 -0.662363 0.002849 9.932318 -0.030976 0.039332 0.998745 0.075513 
21 2365 0.205155 -0.978474 0.022396 8.496638 0.977929 0.205858 0.035750 2.134047 -0.039591 0.014568 0.999110 0.000460 
546 1297 0.570511 0.821290 -0.001077 4.101746 -0.821215 0.570440 -0.014293 -2.275571 -0.011124 0.009039 0.999898 0.018782 
2288 2396 0.988757 0.149118 0.011089 -15.116472 -0.149022 0.988792 -0.009103 1.941902 -0.012322 0.007349 0.999897 -0.166189 
546 1285 0.109956 0.993769 -0.018270 8.216278 -0.993911 0.109804 -0.009131 -5.446930 -0.007069 0.019162 0.999791 0.182947 
54 2455 0.999994 -0.001845 -0.002805 1.052334 0.001870 0.999956 0.009215 0.447585 0.002788 -0.009221 0.999954 0.003020 
781 1527 0.999655 0.025826 0.004747 -1.392698 -0.025966 0.999139 0.032381 1.012451 -0.003906 -0.032493 0.999464 -0.044705 
63 2467 0.999988 0.003173 -0.003730 -2.830742 -0.003139 0.999955 0.008969 0.434306 0.003759 -0.008957 0.999953 -0.079288 
564 1325 0.992203 -0.124631 0.000649 -1.724258 0.124612 0.991934 -0.023252 -1.015045 0.002255 0.023151 0.999729 -0.040629 
50 2456 0.999980 -0.000580 0.006319 -4.383011 0.000573 1.000000 0.001114 0.430061 -0.006319 -0.001110 0.999980 -0.065911 
35 2439 0.999662 -0.024542 0.008674 -1.262657 0.024482 0.999676 0.006924 0.213006 -0.008841 -0.006709 0.999938 -0.015930 
538 1299 0.297136 0.954558 -0.023005 1.661591 -0.954324 0.296101 -0.039891 0.515103 -0.031267 0.033807 0.998939 0.020179 
551 1299 0.747932 0.663773 -0.001491 4.856293 -0.663676 0.747780 -0.018980 -3.190669 -0.011484 0.015185 0.999819 0.004589 
25 2344 0.202639 -0.978979 0.023145 9.142744 0.978623 0.203299 0.031081 5.308968 -0.035133 0.016352 0.999249 -0.103664 
619 1368 0.999976 0.006786 -0.001570 6.873459 -0.006786 0.999977 -0.000179 0.039764 0.001568 0.000190 0.999999 0.101189 
806 1546 0.735161 0.677699 -0.016190 2.511374 -0.677786 0.735260 0.000219 -2.070557 0.012052 0.010812 0.999869 0.031279 
804 1555 0.768030 0.640385 0.006080 -0.430644 -0.640375 0.768053 -0.003859 -1.643463 -0.007141 -0.000929 0.999974 -0.034119 
20 2370 0.205526 -0.978454 0.019672 8.342781 0.978136 0.206029 0.028313 1.385515 -0.031756 0.013423 0.999406 0.016065 
53 2455 0.999996 -0.002131 0.001475 -0.018169 0.002122 0.999980 0.006078 0.436087 -0.001488 -0.006075 0.999981 -0.014815 
686 1434 0.999937 -0.011074 -0.001927 3.425507 0.011079 0.999934 0.002888 0.239380 0.001895 -0.002909 0.999993 0.070822 
864 2618 0.999821 -0.018876 0.000919 -2.886200 0.018874 0.999820 0.001802 0.484293 -0.000953 -0.001785 0.999998 -0.075608 
728 1472 0.999986 0.000156 0.005255 1.899040 -0.000163 0.999999 0.001292 0.126740 -0.005255 -0.001293 0.999986 0.028705 
578 1337 0.999579 -0.028764 0.003941 -0.580383 0.028760 0.999586 0.001174 -0.181686 -0.003973 -0.001061 0.999991 -0.017189 
2298 2414 0.840721 0.541423 -0.007111 -11.129025 -0.541366 0.840231 -0.030551 4.928538 -0.010566 0.029534 0.999508 -0.206692 
22 2415 0.627658 -0.778056 0.025931 4.937560 0.778197 0.627987 0.006430 -0.724466 -0.021288 0.016144 0.999643 0.006338 
788 1549 0.984913 0.172131 0.017840 -3.309966 -0.172340 0.984977 0.010935 0.758865 -0.015690 -0.013844 0.999781 -0.040198 
795 1537 0.949036 0.315119 0.005362 1.359478 -0.315131 0.949046 0.001709 0.050888 -0.004550 -0.003311 0.999985 0.008214 
707 1456 0.999981 0.005255 0.003322 -0.483078 -0.005280 0.999959 0.007476 0.277695 -0.003282 -0.007494 0.999966 0.009581 
40 2443 0.999838 -0.015611 0.008993 -0.276079 0.015591 0.999875 0.002249 0.296684 -0.009027 -0.002108 0.999957 -0.011891 
797 1545 0.920726 0.390104 0.009031 0.377077 -0.390135 0.920756 0.001787 -0.252731 -0.007618 -0.005168 0.999957 -0.007316 
780 1507 0.999800 -0.019427 0.004709 8.984029 0.019446 0.999803 -0.003891 0.886475 -0.004632 0.003981 0.999981 0.164189 
787 1561 0.983975 0.177354 0.018419 -8.006025 -0.177322 0.984147 -0.003390 0.868347 -0.018728 0.000070 0.999824 -0.062920 
592 1358 0.999983 -0.004913 -0.003169 -7.817657 0.004913 0.999988 0.000190 -0.096100 0.003168 -0.000205 0.999995 -0.160513 
15 2425 0.921172 -0.388986 0.011518 -5.823526 0.389033 0.921221 -0.002025 -4.173636 -0.009823 0.006346 0.999932 -0.020014 
873 2624 0.998714 -0.050553 0.003863 -2.913101 0.050511 0.998669 0.010380 0.653296 -0.004383 -0.010171 0.999939 -0.071902 
800 1547 0.874015 0.485890 0.003017 0.802653 -0.485848 0.873997 -0.008976 -0.759567 -0.006998 0.006380 0.999955 0.010185 
912 2637 0.184169 0.982849 -0.009457 -2.727219 -0.982569 0.184348 0.023987 -6.918924 0.025319 0.004875 0.999667 0.045514 
773 1531 0.999776 -0.019661 0.007805 -6.522094 0.019381 0.999217 0.034505 1.022583 -0.008477 -0.034346 0.999375 -0.112998 
34 2411 0.480708 -0.876824 0.010008 11.560483 0.876862 0.480741 0.001032 9.852408 -0.005717 0.008280 0.999949 -0.095392 
708 1445 0.999680 -0.024891 0.004675 13.069229 0.024865 0.999676 0.005472 0.575424 -0.004810 -0.005354 0.999973 0.173835 
860 2620 0.999777 -0.020970 0.002457 -7.665588 0.020960 0.999772 0.003922 0.396827 -0.002538 -0.003869 0.999989 -0.167777 
12 2333 0.218435 -0.975698 0.017363 7.197351 0.975793 0.218582 0.007078 -4.063114 -0.010701 0.015397 0.999824 0.096478 
815 1558 0.384058 0.923249 0.010430 0.731061 -0.923124 0.384183 -0.015720 -5.485992 -0.018520 -0.003591 0.999822 -0.107314 
125 2513 0.964189 0.265186 0.004149 0.243469 -0.265211 0.964161 0.007453 0.141339 -0.002024 -0.008286 0.999963 -0.004143 
28 2357 0.202970 -0.978915 0.022998 9.642849 0.979003 0.203329 0.014484 7.894385 -0.018855 0.019576 0.999630 -0.152153 
784 1537 0.996862 0.078463 0.010446 -2.491720 -0.078700 0.996594 0.024611 0.917114 -0.008479 -0.025356 0.999643 -0.060240 
2316 2426 0.452685 0.890921 -0.036550 -10.010262 -0.891539 0.452943 -0.001347 5.059071 0.015355 0.033195 0.999331 -0.215300 
766 1510 0.994943 -0.100394 -0.003368 -0.940159 0.100440 0.994748 0.019727 0.442078 0.001370 -0.019965 0.999800 -0.031530 
41 2441 0.999849 -0.015186 0.008323 2.809452 0.015133 0.999865 0.006390 0.334129 -0.008419 -0.006263 0.999945 0.001720 
32 2431 0.980666 -0.195678 -0.002479 2.800156 0.195692 0.980535 0.016036 0.286283 -0.000707 -0.016211 0.999869 0.001767 
835 2602 0.999644 0.024870 -0.009574 -10.072617 -0.024973 0.999630 -0.010792 0.427704 0.009302 0.011027 0.999896 -0.219465 
552 1306 0.939376 0.342859 0.004447 2.815750 -0.342681 0.939180 -0.022583 -1.768112 -0.011920 0.019690 0.999735 -0.037605 
861 2613 0.999790 -0.020222 0.002979 -0.356903 0.020235 0.999786 -0.004380 0.441204 -0.002890 0.004439 0.999986 -0.022735 
17 2328 0.207390 -0.978223 0.008370 7.873653 0.977945 0.207532 0.023520 -0.744102 -0.024744 0.003307 0.999688 0.121818 
645 1398 0.999947 0.004851 0.009040 2.067863 -0.004843 0.999988 -0.000864 0.013504 -0.009044 0.000820 0.999958 0.027022 
1 2419 0.788338 -0.615079 0.014188 -7.565580 0.615202 0.788342 -0.006706 -10.170596 -0.007060 0.014015 0.999877 -0.132899 
5 2405 0.317533 -0.947565 0.035975 4.545549 0.948030 0.318043 0.009353 -8.709787 -0.020304 0.031135 0.999308 0.007471 
829 2597 0.999483 0.031860 -0.004332 -9.062531 -0.031848 0.999489 0.002840 0.560103 0.004420 -0.002700 0.999987 -0.165082 
25 2372 0.196480 -0.980249 0.022536 9.135587 0.979877 0.197126 0.031366 5.356275 -0.035189 0.015920 0.999254 -0.101353 
817 1558 0.302046 0.953206 0.012820 1.027843 -0.953051 0.302245 -0.018484 -6.466507 -0.021494 -0.006635 0.999747 -0.116187 
13 2416 0.674589 -0.738141 0.008731 0.151378 0.738187 0.674485 -0.012217 -5.823467 0.003129 0.014686 0.999887 -0.013507 
676 1437 0.999421 -0.033651 0.005205 -9.578869 0.033613 0.999410 0.007065 -0.045685 -0.005440 -0.006887 0.999962 -0.086416 
677 1424 0.999973 0.005436 0.004818 5.448692 -0.005434 0.999986 -0.000357 0.061096 -0.004820 0.000330 0.999988 0.096889 
2 2420 0.817026 -0.576534 0.008770 -8.135248 0.576596 0.816989 -0.008087 -9.482203 -0.002502 0.011664 0.999929 -0.153900 
29 2329 0.205451 -0.978476 0.019373 9.865429 0.978513 0.205729 0.013678 8.747194 -0.017369 0.016147 0.999719 -0.155015 
139 2515 0.560278 0.828155 0.015789 1.996170 -0.828284 0.560033 0.017508 -3.018902 0.005657 -0.022888 0.999722 0.041006 
698 1448 0.999967 0.006941 0.004223 -0.244297 -0.006995 0.999893 0.012851 0.359375 -0.004134 -0.012880 0.999908 0.018321 
2304 2417 0.745428 0.666438 -0.014090 -9.302433 -0.666498 0.744817 -0.032069 4.462755 -0.010877 0.033296 0.999386 -0.159152 
15 2344 0.217012 -0.975955 0.020381 7.594172 0.975536 0.217575 0.031456 -2.130904 -0.035134 0.013056 0.999297 0.088375 
5 2356 0.223684 -0.974414 0.021988 6.343743 0.974416 0.224076 0.017389 -8.083412 -0.021871 0.017536 0.999606 0.124246 
814 1567 0.425962 0.904553 -0.018426 -4.146245 -0.904691 0.426066 0.001907 -5.004547 0.009576 0.015857 0.999829 -0.068252 
24 2368 0.201409 -0.979180 0.025300 8.979374 0.978719 0.202216 0.034865 4.509499 -0.039255 0.017739 0.999072 -0.069125 
97 2498 0.999956 -0.006292 0.007093 -0.304161 0.006281 0.999980 0.001558 0.298733 -0.007103 -0.001514 0.999974 -0.033214 
13 2334 0.213044 -0.976900 0.016711 7.329275 0.976889 0.213282 0.014014 -3.408172 -0.017255 0.013339 0.999762 0.091938 
29 2359 0.202354 -0.979086 0.021045 9.852820 0.979157 0.202657 0.013438 8.761630 -0.017422 0.017887 0.999688 -0.169353 
126 2520 0.949016 0.315094 -0.009162 -6.500328 -0.315098 0.949058 0.001023 0.007392 0.009018 0.001916 0.999957 -0.178343 
594 1359 0.999958 -0.007350 -0.005601 -6.980957 0.007351 0.999974 0.000129 -0.088806 0.005600 -0.000170 0.999984 -0.135413 
692 1450 0.999916 0.009915 0.008341 -8.411640 -0.010047 0.999821 0.015955 0.380951 -0.008181 -0.016038 0.999838 -0.108176 
872 2613 0.999131 -0.041640 0.001593 6.768570 0.041645 0.999129 -0.002849 0.660229 -0.001473 0.002913 0.999995 0.117991 
25 2312 0.054763 -0.998232 0.023089 11.104205 0.997385 0.055780 0.045972 6.935674 -0.047179 0.020511 0.998676 -0.180965 
1549 2581 0.107349 -0.994061 -0.017812 -5.566132 0.993831 0.106787 0.029942 -2.990467 -0.027862 -0.020917 0.999393 -0.016191 
