254 1063 0.999924 0.011696 0.004053 8.444733 -0.011704 0.999930 0.001911 -0.262564 -0.004030 -0.001958 0.999990 0.079401 
24 855 0.999978 -0.006697 -0.000017 0.310194 0.006697 0.999977 0.000968 -0.039163 0.000011 -0.000968 0.999999 -0.011438 
245 1070 0.999543 0.029938 0.004081 -5.759979 -0.029945 0.999550 0.001514 -0.152106 -0.004033 -0.001635 0.999991 -0.085445 
4 834 0.999996 0.003112 -0.000668 4.792679 -0.003109 0.999985 0.004535 -0.006825 0.000682 -0.004532 0.999990 0.059736 
80 917 0.997405 0.071595 0.007653 -7.752571 -0.071628 0.997424 0.004122 -0.213225 -0.007338 -0.004660 0.999962 -0.118474 
42 863 0.999932 -0.002328 0.011351 11.326496 0.002249 0.999974 0.006967 0.215897 -0.011367 -0.006941 0.999911 0.116723 
227 1057 0.999657 -0.021637 0.014780 -8.843628 0.021604 0.999763 0.002391 -0.120520 -0.014828 -0.002070 0.999888 -0.054855 
141 966 0.999958 0.008964 0.001489 5.503662 -0.008966 0.999959 0.001681 -0.343936 -0.001474 -0.001694 0.999997 0.072921 
297 1097 0.399961 -0.916440 0.013027 2.361603 0.916469 0.400060 0.006084 5.490310 -0.010787 0.009505 0.999897 0.053068 
67 901 0.999936 -0.002468 0.011062 -5.575974 0.002438 0.999993 0.002635 -0.044598 -0.011068 -0.002608 0.999935 -0.083875 
156 982 0.999914 -0.012898 0.002223 1.728485 0.012896 0.999917 0.000667 -0.126449 -0.002232 -0.000638 0.999998 0.012440 
266 1072 0.999649 -0.024449 0.010184 9.753265 0.024486 0.999694 -0.003477 -0.277624 -0.010096 0.003725 0.999942 0.101404 
463 941 -0.998706 0.048681 -0.014694 -3.562286 -0.048930 -0.998656 0.017075 17.280647 -0.013843 0.017772 0.999746 -0.206450 
47 867 0.999980 0.000830 0.006340 12.132393 -0.000865 0.999985 0.005455 0.172248 -0.006336 -0.005461 0.999965 0.100269 
161 987 0.999845 -0.017526 0.001604 0.972214 0.017517 0.999832 0.005406 -0.006079 -0.001698 -0.005377 0.999984 -0.006124 
60 897 0.999800 -0.020000 0.001161 -9.475540 0.020000 0.999799 0.000456 -0.102948 -0.001170 -0.000433 0.999999 -0.191319 
243 1072 0.999447 0.033010 0.003822 -9.288635 -0.033025 0.999446 0.003929 -0.081851 -0.003690 -0.004053 0.999984 -0.128999 
160 984 0.999848 -0.017319 0.002347 3.898102 0.017316 0.999849 0.001192 -0.035333 -0.002368 -0.001151 0.999996 0.045902 
268 1078 0.999781 -0.020801 0.001986 5.621857 0.020812 0.999766 -0.005912 -0.352424 -0.001862 0.005952 0.999981 0.081925 
77 905 0.999688 0.024917 0.001924 1.610512 -0.024917 0.999690 -0.000103 -0.189385 -0.001926 0.000055 0.999998 0.012858 
94 926 0.998969 0.045316 0.002702 -1.123100 -0.045258 0.998800 -0.018694 -1.540496 -0.003545 0.018553 0.999821 -0.045283 
51 883 0.999970 0.007640 0.001263 -3.430725 -0.007644 0.999965 0.003205 0.065157 -0.001238 -0.003214 0.999993 -0.073153 
281 1095 0.953499 -0.301351 0.005198 -1.265930 0.301387 0.953462 -0.008715 0.598360 -0.002330 0.009877 0.999948 -0.033507 
30 860 0.999939 -0.011036 -0.000626 0.852951 0.011036 0.999939 -0.000304 0.067818 0.000629 0.000297 1.000000 0.000636 
230 1050 0.999999 0.001541 -0.000054 -0.583618 -0.001541 0.999998 0.001361 -0.004979 0.000056 -0.001361 0.999999 -0.019631 
101 929 0.999903 -0.013133 0.004523 4.043480 0.013191 0.999829 -0.012976 -1.597452 -0.004352 0.013034 0.999906 0.007074 
263 1081 0.999987 0.001494 0.005000 -0.770142 -0.001468 0.999985 -0.005332 -0.447281 -0.005008 0.005325 0.999973 -0.030705 
181 1012 0.999847 0.017454 0.000828 -8.107773 -0.017454 0.999847 -0.000872 -0.044771 -0.000843 0.000857 1.000000 -0.193683 
172 996 0.999984 0.003938 0.004067 1.857651 -0.003941 0.999992 0.000865 0.005467 -0.004063 -0.000880 0.999991 0.015633 
182 1004 0.999988 -0.004537 0.001612 2.007202 0.004534 0.999988 0.001955 -0.089432 -0.001621 -0.001947 0.999998 0.030996 
72 903 0.999886 0.014963 0.001605 -1.966583 -0.014964 0.999888 0.000243 -0.072029 -0.001601 -0.000267 0.999999 -0.051782 
226 1046 0.999993 0.002422 -0.002946 -0.613388 -0.002417 0.999995 0.001931 -0.004271 0.002950 -0.001924 0.999994 -0.026073 
40 876 0.999982 0.005175 0.003124 -7.876778 -0.005176 0.999986 0.000454 0.113070 -0.003121 -0.000470 0.999995 -0.124791 
232 1064 0.999959 -0.009071 0.000672 -11.111938 0.009066 0.999928 0.007692 -0.092072 -0.000742 -0.007686 0.999970 -0.137961 
118 945 0.998399 -0.056018 0.007706 5.816269 0.056010 0.998429 0.001217 -0.135902 -0.007762 -0.000784 0.999970 0.043848 
14 851 1.000000 -0.000363 0.000772 -6.261950 0.000363 1.000000 0.000440 -0.115679 -0.000772 -0.000440 0.999999 -0.116172 
137 966 0.999911 0.013332 0.000313 0.432266 -0.013333 0.999911 0.000814 -0.299484 -0.000302 -0.000818 1.000000 -0.011257 
26 859 0.999929 -0.011879 -0.000702 -2.611881 0.011879 0.999930 0.000027 -0.000549 0.000701 -0.000035 1.000000 -0.061615 
78 910 0.999511 0.031244 -0.001540 -2.596924 -0.031233 0.999491 0.006529 -0.262018 0.001743 -0.006477 0.999978 -0.059347 
191 1016 0.999969 -0.006342 -0.004645 -2.866959 0.006350 0.999979 0.001598 0.007055 0.004635 -0.001628 0.999988 -0.090726 
264 1080 0.999987 -0.002564 0.004379 0.871338 0.002583 0.999986 -0.004531 -0.427087 -0.004367 0.004542 0.999979 -0.002740 
248 1077 0.999112 0.042115 -0.001371 -9.682343 -0.042120 0.999106 -0.003436 -0.179520 0.001225 0.003490 0.999994 -0.203917 
2 836 0.999999 0.001175 0.000897 -0.330713 -0.001178 0.999993 0.003433 -0.019884 -0.000893 -0.003434 0.999994 -0.025896 
195 1022 0.999944 -0.006366 0.008416 -4.618179 0.006400 0.999972 -0.003980 -0.001462 -0.008391 0.004033 0.999957 -0.077125 
49 885 0.999933 0.011538 0.001233 -8.311733 -0.011541 0.999930 0.002416 0.089775 -0.001205 -0.002430 0.999996 -0.158173 
24 864 0.999975 -0.006999 -0.001082 -11.577496 0.007002 0.999970 0.003307 -0.036318 0.001059 -0.003315 0.999994 -0.240876 
113 932 0.999136 -0.038394 0.015900 15.612053 0.038573 0.999194 -0.011084 -0.894318 -0.015462 0.011688 0.999812 0.072188 
168 994 0.999999 0.000237 0.001854 -0.111115 -0.000240 0.999999 0.001440 0.009196 -0.001853 -0.001440 0.999997 -0.022152 
106 930 0.999743 -0.020852 0.008868 9.127220 0.020890 0.999773 -0.004216 -1.367362 -0.008778 0.004400 0.999952 0.060788 
217 1020 0.998758 0.049154 -0.008173 12.564606 -0.049171 0.998789 -0.001840 -0.260824 0.008073 0.002240 0.999965 0.251174 
210 1030 0.999976 -0.006996 0.000246 -0.095978 0.006996 0.999976 -0.000403 0.084283 -0.000244 0.000405 1.000000 -0.013146 
73 903 0.999822 0.018727 0.002435 -0.774498 -0.018730 0.999824 0.001206 -0.090706 -0.002412 -0.001252 0.999997 -0.032049 
51 872 0.999994 0.002490 -0.002409 10.527893 -0.002476 0.999982 0.005485 0.100125 0.002423 -0.005479 0.999982 0.184739 
208 1018 0.999675 0.024472 -0.007083 7.795441 -0.024469 0.999700 0.000443 -0.006541 0.007091 -0.000269 0.999975 0.197466 
219 1041 0.999995 0.001940 0.002669 -1.974457 -0.001938 0.999998 -0.000736 0.082373 -0.002670 0.000731 0.999996 -0.042018 
284 1086 0.909517 -0.415561 0.009358 7.490326 0.415553 0.909564 0.002763 1.252093 -0.009660 0.001376 0.999953 0.129834 
156 987 0.999789 -0.020508 0.000454 -5.209686 0.020505 0.999776 0.005309 -0.148935 -0.000563 -0.005298 0.999986 -0.106068 
258 1062 0.999932 -0.002994 0.011323 12.771667 0.003017 0.999994 -0.002072 -0.230916 -0.011317 0.002107 0.999934 0.123036 
271 1091 0.999214 -0.039095 0.006542 -3.594147 0.039208 0.999067 -0.018116 -0.397216 -0.005827 0.018358 0.999814 -0.073416 
244 1073 0.999384 0.034896 0.003630 -9.360229 -0.034896 0.999391 -0.000148 -0.107559 -0.003632 0.000021 0.999994 -0.140336 
202 1007 0.999777 -0.020154 -0.006320 14.630127 0.020187 0.999783 0.005245 0.358922 0.006213 -0.005372 0.999966 0.341631 
96 925 0.998917 0.046339 0.004133 2.448288 -0.046261 0.998780 -0.017250 -1.637643 -0.004928 0.017040 0.999842 -0.001836 
220 1029 0.999912 0.012340 -0.004928 7.795898 -0.012340 0.999923 -0.000097 0.028174 0.004926 0.000158 0.999988 0.112127 
263 1068 0.999729 -0.021647 0.008559 11.260864 0.021653 0.999765 -0.000611 -0.218192 -0.008544 0.000796 0.999963 0.154455 
112 932 0.999155 -0.038336 0.014758 14.336388 0.038472 0.999219 -0.008996 -0.932780 -0.014402 0.009556 0.999851 0.068363 
273 1086 0.997679 -0.068071 0.001725 1.760193 0.068083 0.997645 -0.008300 -0.276896 -0.001156 0.008398 0.999964 0.020991 
90 908 0.999626 0.027296 -0.001844 13.624344 -0.027299 0.999626 -0.001504 -0.645981 0.001802 0.001554 0.999997 0.232001 
275 1077 0.992607 -0.121338 -0.003006 10.897217 0.121344 0.992609 0.001992 0.012064 0.002742 -0.002342 0.999994 0.201138 
239 1057 0.999857 0.014661 0.008352 1.090118 -0.014684 0.999888 0.002709 -0.055001 -0.008311 -0.002831 0.999961 0.002315 
183 1001 0.999898 -0.012675 0.006584 6.854095 0.012675 0.999920 0.000126 -0.036708 -0.006585 -0.000042 0.999978 0.103735 
10 845 0.999999 0.000929 0.001798 -2.959269 -0.000926 0.999998 -0.001631 -0.079579 -0.001799 0.001629 0.999997 -0.067987 
221 1038 0.999998 0.001692 0.000802 1.811417 -0.001693 0.999998 0.001684 0.086710 -0.000799 -0.001685 0.999998 0.009157 
54 890 0.999983 0.005832 -0.000270 -8.469048 -0.005834 0.999948 -0.008278 0.001108 0.000222 0.008279 0.999966 -0.170861 
278 1085 0.981142 -0.193278 -0.002110 5.403290 0.193283 0.981140 0.002210 0.193445 0.001643 -0.002576 0.999996 0.105297 
172 1006 0.999935 0.010610 -0.004042 -11.112381 -0.010599 0.999940 0.002590 -0.032172 0.004070 -0.002547 0.999988 -0.292564 
129 962 0.999983 0.005906 0.001271 -3.876663 -0.005908 0.999981 0.001654 -0.175672 -0.001261 -0.001662 0.999998 -0.081246 
175 1011 0.999669 0.025604 -0.002460 -13.395706 -0.025600 0.999670 0.001791 0.096306 0.002505 -0.001728 0.999995 -0.323461 
147 975 0.999938 -0.011128 0.000222 0.220566 0.011129 0.999936 -0.001490 -0.324366 -0.000206 0.001493 1.000000 -0.014328 
6 842 0.999987 0.004950 -0.001331 -3.720592 -0.004949 0.999987 0.000883 -0.063199 0.001335 -0.000877 0.999998 -0.081751 
261 1077 0.999977 0.004771 0.004824 1.308655 -0.004751 0.999981 -0.004063 -0.414277 -0.004844 0.004040 0.999980 0.006233 
130 960 0.999984 0.003119 0.004654 0.261871 -0.003130 0.999992 0.002348 -0.179061 -0.004647 -0.002363 0.999986 -0.014004 
22 848 0.999994 -0.003357 -0.000921 7.351084 0.003360 0.999991 0.002678 -0.024195 0.000912 -0.002681 0.999996 0.110521 
65 898 1.000000 0.000558 -0.000925 -4.693527 -0.000557 1.000000 0.001123 -0.049640 0.000925 -0.001123 0.999999 -0.084595 
189 1005 0.999709 -0.024060 -0.001947 7.214859 0.024067 0.999705 0.003483 0.062287 0.001863 -0.003528 0.999992 0.160033 
42 869 0.999996 -0.000014 0.002417 3.529934 0.000008 0.999998 0.002294 0.159151 -0.002417 -0.002294 0.999995 0.035808 
257 1081 0.999592 0.028561 0.000993 -5.670898 -0.028560 0.999592 -0.001141 -0.400343 -0.001026 0.001112 0.999998 -0.113472 
638 763 -0.999815 -0.012962 -0.014250 0.138992 0.012306 -0.998903 0.045207 15.866052 -0.014821 0.045023 0.998876 -0.485005 
116 947 0.999157 -0.040470 0.006984 0.646454 0.040423 0.999160 0.006729 -0.308730 -0.007251 -0.006441 0.999954 -0.006257 
266 1090 0.999910 -0.004842 0.012495 -6.146973 0.005076 0.999811 -0.018780 -0.481092 -0.012402 0.018842 0.999746 -0.109940 
28 862 0.999935 -0.011392 -0.000760 -4.186359 0.011393 0.999935 0.001679 0.011223 0.000741 -0.001688 0.999998 -0.093979 
213 1033 0.999980 -0.006098 -0.001800 -0.262085 0.006100 0.999981 0.001063 0.090360 0.001794 -0.001074 0.999998 -0.018941 
223 1047 0.999934 -0.001577 -0.011343 -3.736588 0.001597 0.999998 0.001740 0.007003 0.011341 -0.001758 0.999934 -0.083763 
201 1015 0.999968 0.000140 -0.008084 5.487793 -0.000118 0.999996 0.002789 0.073949 0.008085 -0.002788 0.999963 0.129770 
266 1094 0.999882 -0.011247 0.010423 -9.398529 0.011476 0.999688 -0.022188 -0.547898 -0.010170 0.022305 0.999699 -0.183891 
218 1041 0.999996 0.000729 0.002795 -2.707932 -0.000729 1.000000 -0.000200 0.084262 -0.002795 0.000198 0.999996 -0.049997 
191 1009 0.999713 -0.023878 -0.002190 4.181168 0.023888 0.999704 0.004691 0.062521 0.002077 -0.004742 0.999986 0.089847 
141 969 0.999989 0.004401 0.001482 1.164459 -0.004401 0.999990 -0.000276 -0.368840 -0.001483 0.000270 0.999999 0.000874 
42 867 0.999958 0.001213 0.009090 6.128151 -0.001245 0.999994 0.003481 0.169240 -0.009086 -0.003492 0.999952 0.050608 
251 1063 0.999825 0.017939 0.005390 5.916077 -0.017935 0.999839 -0.000897 -0.250259 -0.005406 0.000800 0.999984 0.050652 
56 885 0.999916 0.012946 0.000787 0.098236 -0.012947 0.999915 0.002107 0.034911 -0.000759 -0.002116 0.999997 -0.013362 
138 968 0.999958 0.009015 0.001465 -1.179718 -0.009014 0.999959 -0.000702 -0.316870 -0.001471 0.000689 0.999998 -0.032483 
51 884 0.999976 0.006940 -0.000138 -4.642586 -0.006940 0.999968 0.003912 0.059516 0.000165 -0.003910 0.999992 -0.096910 
95 934 0.999716 -0.023471 0.004211 -9.158974 0.023532 0.999607 -0.015172 -1.850291 -0.003853 0.015267 0.999876 -0.143350 
134 963 0.999922 0.012539 0.000233 0.964966 -0.012540 0.999919 0.002147 -0.214980 -0.000206 -0.002150 0.999997 -0.003604 
280 1098 0.965138 -0.261737 -0.001586 -4.141663 0.261720 0.965115 -0.007313 0.428556 0.003445 0.006643 0.999972 -0.102815 
1 836 0.999999 0.001483 0.000508 -1.534422 -0.001485 0.999993 0.003278 -0.013159 -0.000503 -0.003279 0.999995 -0.046089 
99 921 0.998841 0.048000 0.003508 10.592468 -0.047993 0.998846 -0.002084 -1.882435 -0.003604 0.001913 0.999992 0.108835 
38 868 0.999994 -0.003518 -0.000383 0.025848 0.003519 0.999987 0.003536 0.161815 0.000371 -0.003538 0.999993 -0.015004 
76 906 0.999701 0.024477 -0.000632 -0.631561 -0.024476 0.999699 0.001696 -0.184264 0.000674 -0.001680 0.999999 -0.025904 
268 1089 0.999897 -0.010160 0.010038 -3.904724 0.010330 0.999801 -0.017109 -0.435478 -0.009862 0.017211 0.999803 -0.081646 
292 1090 0.664295 -0.747000 0.026505 7.086090 0.747391 0.664324 -0.008993 3.588008 -0.010891 0.025784 0.999608 0.092865 
26 849 0.999994 -0.003326 -0.000435 10.770159 0.003326 0.999995 0.000420 0.001928 0.000433 -0.000421 1.000000 0.163121 
588 809 -0.999389 -0.002262 -0.034882 0.916885 0.001000 -0.999345 0.036171 15.516685 -0.034941 0.036114 0.998738 -0.530018 
216 1029 0.999924 0.012117 -0.002116 4.903625 -0.012117 0.999926 0.000280 0.073173 0.002119 -0.000254 0.999998 0.058251 
119 950 0.999848 -0.016293 0.006312 0.423492 0.016243 0.999838 0.007881 -0.204269 -0.006440 -0.007777 0.999950 -0.012677 
277 1089 0.986999 -0.160665 0.004094 1.585236 0.160691 0.986982 -0.006876 0.032533 -0.002936 0.007444 0.999968 0.012125 
299 1098 0.282219 -0.959262 0.013077 1.785034 0.959236 0.282368 0.011535 6.280723 -0.014758 0.009289 0.999849 0.041420 
173 994 0.999989 0.002946 0.003763 5.665909 -0.002947 0.999996 0.000334 0.032511 -0.003762 -0.000345 0.999993 0.081075 
31 871 0.999877 -0.004985 -0.014850 -12.278790 0.004939 0.999983 -0.003081 0.100802 0.014865 0.003007 0.999885 -0.355895 
105 930 0.999723 -0.022413 0.007094 7.865051 0.022462 0.999724 -0.006948 -1.427277 -0.006937 0.007106 0.999950 0.051922 
228 1040 0.999956 0.005535 0.007633 5.724258 -0.005510 0.999979 -0.003207 0.055718 -0.007650 0.003165 0.999966 0.061667 
23 860 0.999930 -0.011733 0.000883 -7.519732 0.011731 0.999930 0.001663 -0.070868 -0.000902 -0.001653 0.999999 -0.143824 
201 1017 0.999956 0.003949 -0.008569 3.697998 -0.003929 0.999989 0.002365 0.051428 0.008578 -0.002331 0.999960 0.085430 
255 1075 0.999592 0.028515 -0.000911 -1.865234 -0.028514 0.999593 0.000294 -0.352153 0.000919 -0.000268 1.000000 -0.047671 
92 918 0.997385 0.072158 0.003875 5.368919 -0.072173 0.997384 0.004024 -1.257707 -0.003575 -0.004293 0.999985 0.049606 
162 986 0.999911 -0.013350 -0.000781 3.580475 0.013353 0.999902 0.004127 -0.001170 0.000725 -0.004137 0.999991 0.047934 
63 881 0.999903 0.013894 -0.000890 13.343891 -0.013886 0.999866 0.008676 -0.008406 0.001011 -0.008663 0.999962 0.220604 
240 1053 0.999686 0.024935 0.002603 5.346649 -0.024952 0.999663 0.007030 -0.090037 -0.002427 -0.007093 0.999972 0.071075 
242 1059 0.999812 0.018187 0.006623 1.862305 -0.018207 0.999830 0.002884 -0.089406 -0.006569 -0.003004 0.999973 0.009574 
196 1031 0.999050 -0.043480 0.002782 -10.767105 0.043475 0.999052 0.001957 -0.261154 -0.002864 -0.001834 0.999994 -0.211142 
289 1088 0.781979 -0.623099 0.015993 7.783630 0.623199 0.782062 -0.001606 2.589992 -0.011507 0.011223 0.999871 0.102124 
27 862 0.999953 -0.009618 -0.001446 -5.374039 0.009620 0.999953 0.001723 -0.006152 0.001429 -0.001737 0.999998 -0.115593 
39 870 0.999990 -0.000290 -0.004255 -1.364941 0.000303 0.999995 0.003064 0.160682 0.004254 -0.003065 0.999986 -0.042562 
262 1078 0.999980 0.004008 0.004784 1.171844 -0.003980 0.999975 -0.005949 -0.428034 -0.004807 0.005930 0.999972 0.003420 
254 1069 0.999901 0.014095 0.000173 2.822510 -0.014096 0.999891 0.004431 -0.289009 -0.000110 -0.004433 0.999991 0.031086 
77 907 0.999627 0.027325 -0.001018 -0.557373 -0.027324 0.999626 0.001657 -0.219116 0.001063 -0.001628 0.999998 -0.024015 
463 936 -0.999122 0.037952 -0.017768 2.821892 -0.038186 -0.999185 0.013052 17.258904 -0.017258 0.013719 0.999757 -0.089411 
202 1024 0.999974 -0.006504 0.003289 -1.109879 0.006508 0.999978 -0.001280 0.016478 -0.003281 0.001301 0.999993 -0.026397 
197 1018 0.999980 -0.000204 -0.006330 -0.014709 0.000226 0.999993 0.003565 0.041963 0.006329 -0.003567 0.999974 -0.011073 
19 848 0.999996 -0.002857 -0.000147 3.738056 0.002857 0.999994 0.001140 -0.049793 0.000144 -0.001141 0.999999 0.045591 
280 1091 0.965238 -0.261225 0.008729 1.503082 0.261304 0.965210 -0.009502 0.443855 -0.005943 0.011453 0.999916 0.012881 
84 916 0.997602 0.069200 -0.000873 -2.052773 -0.069197 0.997599 0.002576 -0.556469 0.001050 -0.002509 0.999996 -0.043822 
29 862 0.999923 -0.012424 -0.000565 -2.977333 0.012425 0.999922 0.001687 0.030117 0.000544 -0.001694 0.999999 -0.073977 
31 854 0.999950 -0.010026 0.000062 10.028154 0.010026 0.999949 -0.001208 0.046710 -0.000050 0.001208 0.999999 0.151619 
86 926 0.997520 0.070318 -0.003159 -10.757446 -0.070368 0.997301 -0.020910 -1.003441 0.001680 0.021080 0.999776 -0.175647 
279 1094 0.972800 -0.231602 0.004355 -1.449951 0.231638 0.972736 -0.011241 0.275151 -0.001633 0.011943 0.999927 -0.037485 
188 1011 0.999987 -0.005007 -0.000141 -0.482040 0.005007 0.999987 0.000953 -0.017627 0.000136 -0.000953 0.999999 -0.021454 
228 1051 0.999901 -0.010069 0.009853 -2.983902 0.010096 0.999945 -0.002668 -0.047825 -0.009825 0.002767 0.999949 -0.031771 
255 1057 0.999865 0.013973 0.008613 14.671143 -0.013986 0.999901 0.001483 -0.282707 -0.008592 -0.001603 0.999962 0.097253 
50 879 0.999961 0.008772 0.000219 0.366631 -0.008773 0.999961 0.001404 0.059716 -0.000207 -0.001406 0.999999 -0.008185 
268 1079 0.999774 -0.021179 0.001900 4.704559 0.021188 0.999762 -0.005053 -0.357949 -0.001792 0.005092 0.999985 0.068144 
159 983 0.999847 -0.016614 0.005341 4.066956 0.016608 0.999862 0.001287 -0.078756 -0.005362 -0.001198 0.999985 0.042142 
238 1060 0.999978 0.006175 0.002684 -2.395660 -0.006176 0.999981 0.000070 -0.083891 -0.002683 -0.000087 0.999996 -0.040561 
266 1096 0.999948 -0.008138 0.006023 -11.012512 0.008256 0.999768 -0.019880 -0.522718 -0.005860 0.019929 0.999784 -0.256921 
79 911 0.999197 0.040017 0.002025 -2.491943 -0.040032 0.999167 0.007913 -0.292928 -0.001707 -0.007988 0.999967 -0.050073 
164 990 0.999990 -0.002434 0.003617 0.546173 0.002423 0.999993 0.003007 0.005979 -0.003625 -0.002998 0.999989 -0.012213 
38 871 0.999964 0.000670 -0.008445 -3.860622 -0.000651 0.999997 0.002169 0.164417 0.008447 -0.002164 0.999962 -0.099477 
272 1096 0.998551 -0.053791 -0.001327 -7.021362 0.053759 0.998400 -0.017512 -0.383478 0.002267 0.017415 0.999846 -0.174947 
33 537 -0.999445 0.005157 -0.032913 -2.272293 -0.006556 -0.999074 0.042528 15.613337 -0.032664 0.042720 0.998553 0.020432 
243 1062 0.999804 0.018745 0.006330 0.016937 -0.018765 0.999819 0.003206 -0.125065 -0.006269 -0.003324 0.999974 -0.010454 
77 904 0.999681 0.025236 0.001302 2.700653 -0.025236 0.999682 0.000486 -0.207788 -0.001289 -0.000519 0.999999 0.029462 
97 924 0.998853 0.047576 0.005483 4.786224 -0.047492 0.998765 -0.014600 -1.704259 -0.006171 0.014323 0.999879 0.018795 
288 1099 0.813376 -0.581694 0.007240 -1.483551 0.581730 0.813368 -0.004677 2.267085 -0.003169 0.008016 0.999963 -0.036143 
66 894 0.999934 0.011460 -0.001083 1.004089 -0.011460 0.999935 -0.000345 -0.012926 0.001079 0.000358 0.999999 0.002420 
574 823 -0.999566 0.011363 -0.027155 0.732870 -0.012118 -0.999539 0.027821 15.619490 -0.026827 0.028138 0.999244 -0.579130 
78 907 0.999592 0.028581 0.000398 0.585564 -0.028581 0.999592 0.000888 -0.250696 -0.000373 -0.000899 1.000000 -0.005307 
246 1051 0.999243 0.038448 0.005991 11.998993 -0.038415 0.999247 -0.005410 -0.283511 -0.006195 0.005176 0.999967 0.121654 
47 879 0.999938 0.011098 -0.001379 -3.299343 -0.011097 0.999938 0.000578 0.077537 0.001386 -0.000563 0.999999 -0.072723 
291 1088 0.708169 -0.705781 0.019223 8.427368 0.705961 0.708239 -0.004074 3.240944 -0.010739 0.016456 0.999807 0.108972 
301 1100 0.165296 -0.986164 0.012571 0.329468 0.985988 0.165531 0.020694 7.107178 -0.022488 0.008974 0.999707 0.003611 
159 994 0.999749 -0.022189 0.002914 -11.010193 0.022175 0.999743 0.004725 -0.173838 -0.003018 -0.004659 0.999985 -0.220350 
57 884 0.999947 0.010175 -0.001621 2.515083 -0.010166 0.999932 0.005704 0.029508 0.001679 -0.005688 0.999982 0.033934 
77 906 0.999642 0.026769 0.000347 0.548569 -0.026769 0.999642 0.000139 -0.206229 -0.000344 -0.000148 1.000000 -0.004465 
172 999 0.999969 0.007095 0.003288 -2.158661 -0.007097 0.999975 0.000649 -0.027156 -0.003284 -0.000672 0.999994 -0.052409 
119 952 0.999900 -0.010182 0.009849 -2.338531 0.010126 0.999932 0.005677 -0.177141 -0.009906 -0.005577 0.999936 -0.039611 
33 864 0.999977 -0.006770 -0.000845 -0.795879 0.006772 0.999976 0.001854 0.116653 0.000833 -0.001860 0.999998 -0.034577 
617 784 -0.999489 -0.002531 -0.031853 -3.333328 0.000892 -0.998681 0.051342 15.727494 -0.031941 0.051287 0.998173 -0.606727 
248 1075 0.999179 0.040502 0.000852 -7.854706 -0.040499 0.999172 -0.003701 -0.190491 -0.001001 0.003664 0.999993 -0.152701 
134 961 0.999976 0.005615 0.004065 3.854965 -0.005624 0.999981 0.002387 -0.185501 -0.004052 -0.002410 0.999988 0.031183 
223 1034 0.999927 0.001924 -0.012001 6.255951 -0.001954 0.999995 -0.002506 0.107643 0.011996 0.002529 0.999925 0.117301 
208 1028 0.999973 -0.007167 0.001628 0.041870 0.007168 0.999973 -0.001043 0.079038 -0.001620 0.001055 0.999998 -0.009584 
261 1078 0.999962 0.007323 0.004680 0.383331 -0.007301 0.999962 -0.004765 -0.428575 -0.004714 0.004731 0.999978 -0.009161 
219 1039 0.999999 -0.000019 0.001394 -0.425797 0.000018 1.000000 0.000673 0.080476 -0.001394 -0.000673 0.999998 -0.024452 
129 958 0.999960 0.004710 0.007575 1.875519 -0.004735 0.999984 0.003267 -0.220806 -0.007559 -0.003302 0.999966 0.006583 
286 1089 0.868580 -0.495333 0.014612 5.831329 0.495435 0.868635 -0.004207 1.701280 -0.010609 0.010894 0.999884 0.078201 
310 1091 -0.419403 -0.907731 0.011193 6.573883 0.906694 -0.418252 0.054516 11.147705 -0.044805 0.033013 0.998450 0.046105 
49 881 0.999956 0.009331 0.001262 -3.374512 -0.009332 0.999956 0.001060 0.067895 -0.001252 -0.001071 0.999998 -0.066987 
128 955 0.999966 0.002959 0.007758 4.884018 -0.002984 0.999991 0.003151 -0.160538 -0.007749 -0.003174 0.999966 0.037656 
295 1090 0.512811 -0.858089 0.026626 7.738312 0.858382 0.513010 0.000797 4.720174 -0.014344 0.022446 0.999646 0.107160 
229 1044 0.999935 0.010276 0.005068 3.341797 -0.010306 0.999929 0.006080 0.020431 -0.005005 -0.006132 0.999968 0.005720 
118 952 0.999910 -0.010337 0.008415 -3.633698 0.010307 0.999940 0.003674 -0.187434 -0.008453 -0.003587 0.999958 -0.046331 
73 909 0.999795 0.020275 0.000216 -7.266548 -0.020276 0.999779 0.005545 -0.119403 -0.000103 -0.005549 0.999985 -0.158059 
43 868 0.999982 0.003956 0.004571 6.019108 -0.003976 0.999982 0.004267 0.151467 -0.004554 -0.004285 0.999981 0.059293 
97 940 0.998129 -0.060905 0.005395 -14.018433 0.060993 0.997976 -0.017995 -2.060358 -0.004288 0.018291 0.999823 -0.175424 
232 1055 1.000000 -0.000613 0.000569 -3.115326 0.000609 0.999974 0.007038 -0.014080 -0.000573 -0.007038 0.999975 -0.045042 
265 1078 0.999952 -0.008849 0.004035 3.467468 0.008871 0.999946 -0.005413 -0.403776 -0.003987 0.005448 0.999978 0.040823 
286 1093 0.864827 -0.501848 0.014927 2.546936 0.502004 0.864812 -0.009523 1.703633 -0.008130 0.015729 0.999843 0.033846 
125 954 0.999951 -0.009315 0.003147 2.475830 0.009299 0.999944 0.005045 -0.176696 -0.003193 -0.005015 0.999983 0.014034 
131 956 0.999940 -0.005173 0.009711 7.259628 0.005124 0.999973 0.005041 -0.155506 -0.009737 -0.004991 0.999940 0.053174 
229 1048 1.000000 0.001064 -0.000711 0.223724 -0.001062 0.999995 0.002910 -0.015123 0.000714 -0.002909 0.999995 -0.008026 
239 1068 0.999915 0.012980 0.000394 -8.905792 -0.012982 0.999894 0.006576 -0.074000 -0.000309 -0.006580 0.999978 -0.140993 
183 1005 0.999949 -0.009987 -0.001165 1.739868 0.009990 0.999948 0.002191 -0.080930 0.001143 -0.002202 0.999997 0.028790 
74 910 0.999768 0.021528 -0.001495 -7.169464 -0.021515 0.999731 0.008676 -0.172633 0.001682 -0.008642 0.999961 -0.151784 
277 1099 0.986616 -0.162960 -0.005629 -6.510925 0.162922 0.986616 -0.006776 0.015109 0.006658 0.005768 0.999962 -0.160732 
178 1003 0.999977 0.006795 0.000092 -0.836975 -0.006795 0.999976 0.001662 -0.077735 -0.000081 -0.001663 0.999998 -0.028071 
21 852 0.999995 -0.002927 -0.000695 0.761446 0.002928 0.999995 0.000933 -0.066317 0.000692 -0.000935 1.000000 -0.000344 
21 853 0.999995 -0.003468 -0.000445 -0.594677 0.003468 0.999995 0.000669 -0.074568 0.000443 -0.000670 0.999999 -0.025709 
10 842 0.999995 -0.003353 0.000503 1.095535 0.003353 0.999993 -0.001319 -0.056447 -0.000498 0.001320 0.999999 0.003715 
535 861 -0.999496 0.003478 -0.031531 3.746635 -0.004877 -0.999001 0.044416 15.735130 -0.031345 0.044547 0.998516 -0.679181 
5 838 0.999977 0.006623 0.000797 0.524114 -0.006624 0.999976 0.002100 -0.031058 -0.000783 -0.002105 0.999997 -0.011119 
256 1086 0.999257 0.038461 0.002536 -10.829224 -0.038444 0.999241 -0.006376 -0.366717 -0.002780 0.006274 0.999977 -0.168403 
154 983 0.999668 -0.025759 0.000735 -2.168655 0.025758 0.999668 0.000978 -0.219203 -0.000760 -0.000959 0.999999 -0.054016 
146 974 0.999989 -0.004657 -0.000286 0.353790 0.004657 0.999988 -0.001190 -0.357373 0.000291 0.001189 0.999999 -0.009166 
211 1029 1.000000 -0.000046 0.000007 1.352707 0.000046 0.999999 0.000094 0.082668 -0.000007 -0.000094 1.000000 0.008225 
280 1087 0.966175 -0.257815 0.006043 4.793884 0.257835 0.966184 -0.002617 0.457708 -0.005164 0.004086 0.999978 0.072283 
35 858 0.999963 -0.007996 0.002795 9.506275 0.007995 0.999968 0.000144 0.143738 -0.002796 -0.000121 0.999995 0.136096 
61 890 0.999996 -0.002839 0.000192 -0.137344 0.002839 0.999996 0.000581 -0.014671 -0.000194 -0.000580 1.000000 -0.020534 
155 987 0.999619 -0.027567 -0.000900 -6.466278 0.027572 0.999607 0.005207 -0.195261 0.000757 -0.005230 0.999986 -0.130780 
51 875 1.000000 0.000795 0.000492 6.660881 -0.000796 0.999995 0.003307 0.077809 -0.000489 -0.003307 0.999994 0.098579 
314 1094 -0.616287 -0.787521 -0.000334 2.737549 0.786397 -0.615429 0.053163 12.979333 -0.042073 0.032501 0.998586 -0.039309 
101 936 0.998046 -0.062458 0.001503 -4.176819 0.062472 0.997970 -0.012398 -1.617309 -0.000725 0.012467 0.999922 -0.095828 
244 1063 0.999714 0.023137 0.006176 -0.070679 -0.023147 0.999731 0.001583 -0.138017 -0.006138 -0.001726 0.999980 -0.012532 
4 844 0.999989 0.004667 0.000668 -8.817629 -0.004668 0.999988 0.000624 -0.046098 -0.000665 -0.000627 0.999999 -0.161927 
29 856 0.999974 -0.007121 -0.001046 4.955507 0.007121 0.999975 -0.000114 0.032384 0.001047 0.000107 0.999999 0.071316 
221 1026 0.999654 0.025840 -0.004775 10.840240 -0.025838 0.999666 0.000563 -0.085465 0.004788 -0.000440 0.999989 0.156507 
540 856 -0.999573 -0.001376 -0.029160 3.216475 0.000249 -0.999254 0.038618 15.689177 -0.029191 0.038595 0.998828 -0.638600 
262 1066 0.999730 -0.020431 0.011056 12.354218 0.020432 0.999792 0.000017 -0.183452 -0.011054 0.000209 0.999939 0.143653 
616 782 -0.999343 -0.003007 -0.036110 1.089165 0.001238 -0.998803 0.048892 15.734690 -0.036213 0.048815 0.998152 -0.537869 
117 955 0.999848 -0.003594 0.017075 -9.048370 0.003595 0.999994 0.000007 -0.173568 -0.017075 0.000055 0.999854 -0.018344 
94 913 0.999390 0.033720 0.009044 13.192924 -0.033779 0.999408 0.006470 -1.096002 -0.008820 -0.006772 0.999938 0.114398 
217 1032 0.999966 0.004813 -0.006671 3.353210 -0.004815 0.999989 -0.000328 0.094795 0.006670 0.000361 0.999978 0.047485 
273 1084 0.997583 -0.069390 -0.003470 3.430115 0.069379 0.997585 -0.003086 -0.249314 0.003676 0.002837 0.999990 0.067263 
31 862 0.999892 -0.014669 -0.000244 -0.571575 0.014670 0.999893 0.000963 0.067300 0.000230 -0.000966 1.000000 -0.033357 
244 1073 0.999384 0.034896 0.003630 -9.360229 -0.034896 0.999391 -0.000148 -0.107559 -0.003632 0.000021 0.999994 -0.140336 
226 1045 0.999990 0.003603 0.002396 0.167770 -0.003607 0.999992 0.001587 0.014639 -0.002390 -0.001595 0.999996 -0.013152 
255 1070 0.999850 0.017152 0.002400 2.770569 -0.017164 0.999841 0.004772 -0.306657 -0.002318 -0.004812 0.999986 0.028721 
124 950 0.999789 -0.019550 -0.006407 6.756241 0.019602 0.999775 0.008195 -0.124833 0.006245 -0.008319 0.999946 0.087402 
295 1097 0.512106 -0.858727 0.018301 2.069397 0.858868 0.512197 0.000364 4.717143 -0.009687 0.015532 0.999832 0.044501 
131 968 0.999951 0.008931 0.004345 -10.015213 -0.008919 0.999956 -0.002871 -0.225233 -0.004370 0.002832 0.999986 -0.148577 
241 1063 0.999848 0.016040 0.006935 -2.560242 -0.016084 0.999852 0.006325 -0.099239 -0.006833 -0.006436 0.999955 -0.034537 
91 920 0.996238 0.086662 0.000768 1.920006 -0.086660 0.996237 -0.001363 -1.247807 -0.000883 0.001291 0.999999 0.010098 
140 973 0.999991 0.004254 -0.000574 -5.771530 -0.004255 0.999986 -0.003044 -0.370472 0.000561 0.003047 0.999995 -0.119491 
57 887 0.999862 0.016636 0.000398 -1.218842 -0.016636 0.999861 -0.000290 0.007848 -0.000402 0.000284 1.000000 -0.033375 
96 935 0.999497 -0.031512 0.003598 -9.126129 0.031566 0.999369 -0.016241 -1.833610 -0.003084 0.016347 0.999862 -0.152538 
274 1098 0.995927 -0.090113 -0.003205 -7.408691 0.090065 0.995853 -0.012839 -0.267922 0.004348 0.012498 0.999913 -0.192463 
102 935 0.998433 -0.055903 0.002285 -1.754601 0.055921 0.998396 -0.008803 -1.471172 -0.001789 0.008917 0.999959 -0.054352 
9 834 0.999996 0.002913 0.000617 10.814989 -0.002915 0.999991 0.003156 -0.022940 -0.000608 -0.003158 0.999995 0.165876 
277 1100 0.987000 -0.160580 -0.006683 -7.271057 0.160550 0.987016 -0.004909 0.031631 0.007384 0.003773 0.999967 -0.183706 
48 872 0.999976 0.006395 -0.002609 6.878510 -0.006384 0.999971 0.004132 0.113564 0.002635 -0.004115 0.999988 0.112539 
7 557 -0.999520 -0.008020 -0.029905 0.982198 0.007182 -0.999582 0.028036 15.741572 -0.030117 0.027808 0.999160 0.111591 
0 837 0.999998 -0.001547 -0.000635 -4.106791 0.001549 0.999995 0.002573 -0.024845 0.000631 -0.002574 0.999997 -0.106001 
217 1035 0.999995 0.000153 -0.003361 1.137039 -0.000150 1.000000 0.000842 0.104477 0.003361 -0.000842 0.999994 0.002017 
204 1027 0.999880 -0.015468 0.000675 -1.993713 0.015468 0.999879 0.001408 0.041243 -0.000696 -0.001397 0.999999 -0.044352 
261 1069 0.999878 -0.012725 0.009082 8.709747 0.012716 0.999919 0.001030 -0.261902 -0.009095 -0.000915 0.999958 0.117342 
0 831 0.999999 -0.001213 -0.000461 4.101595 0.001215 0.999983 0.005731 0.026967 0.000454 -0.005731 0.999984 0.003483 
271 1075 0.998733 -0.050304 -0.000640 10.311066 0.050302 0.998728 -0.003224 -0.219855 0.000801 0.003187 0.999995 0.153654 
71 908 0.999977 0.006517 -0.001511 -8.542244 -0.006511 0.999973 0.003421 -0.137443 0.001534 -0.003411 0.999993 -0.175317 
122 954 0.999914 -0.006620 0.011281 -1.303085 0.006562 0.999965 0.005225 -0.193919 -0.011315 -0.005151 0.999923 -0.026240 
243 1056 0.999610 0.026755 0.007902 5.313812 -0.026785 0.999634 0.003724 -0.112533 -0.007800 -0.003934 0.999962 0.038334 
21 847 0.999997 -0.002099 -0.001305 7.480247 0.002102 0.999997 0.002013 -0.036254 0.001301 -0.002016 0.999997 0.107103 
257 1085 0.999415 0.034134 0.001911 -9.158417 -0.034124 0.999405 -0.005068 -0.382470 -0.002083 0.005000 0.999985 -0.169129 
255 1063 0.999936 0.010223 0.004928 9.329254 -0.010238 0.999943 0.002998 -0.257936 -0.004897 -0.003048 0.999983 0.091503 
75 905 0.999789 0.020484 0.001251 -0.667412 -0.020486 0.999789 0.001551 -0.155881 -0.001219 -0.001576 0.999998 -0.022717 
257 1082 0.999459 0.032863 0.000629 -6.577087 -0.032862 0.999458 -0.001712 -0.373273 -0.000685 0.001690 0.999998 -0.128483 
559 838 -0.999415 -0.000664 -0.034193 1.107901 -0.000672 -0.999237 0.039041 15.688357 -0.034193 0.039041 0.998652 -0.566727 
25 849 0.999986 -0.005301 0.000973 9.599390 0.005300 0.999986 0.000567 -0.018247 -0.000976 -0.000562 1.000000 0.144027 
222 1035 0.999974 0.000606 -0.007217 4.810745 -0.000595 0.999999 0.001579 0.105927 0.007218 -0.001575 0.999973 0.069420 
246 1058 0.999639 0.025414 0.008699 6.101746 -0.025388 0.999674 -0.003046 -0.182443 -0.008774 0.002824 0.999957 0.042125 
272 1088 0.998738 -0.050072 0.004033 -0.489410 0.050119 0.998665 -0.012526 -0.341376 -0.003401 0.012713 0.999914 -0.026334 
45 877 0.999972 0.007468 0.000355 -3.142071 -0.007468 0.999972 -0.000092 0.078683 -0.000355 0.000089 0.999999 -0.064237 
641 762 -0.999810 -0.014434 -0.013150 -2.298035 0.013811 -0.998829 0.046354 15.905871 -0.013804 0.046163 0.998839 -0.482901 
79 906 0.999538 0.030222 0.003173 2.858841 -0.030219 0.999543 -0.001160 -0.266541 -0.003207 0.001064 0.999995 0.029662 
610 787 -0.999463 -0.005414 -0.032318 1.980766 0.003994 -0.999032 0.043824 15.689638 -0.032524 0.043671 0.998517 -0.493955 
54 889 0.999978 0.006457 0.001206 -7.231384 -0.006448 0.999950 -0.007637 0.000952 -0.001256 0.007630 0.999970 -0.133310 
146 978 0.999790 -0.020420 -0.000966 -5.286804 0.020424 0.999785 0.003314 -0.419223 0.000898 -0.003333 0.999994 -0.118237 
312 1093 -0.529286 -0.848419 0.006334 4.301086 0.847461 -0.528298 0.052058 12.062040 -0.040820 0.032921 0.998623 0.014853 
276 1090 0.990839 -0.134956 0.004928 0.196625 0.134999 0.990797 -0.009861 -0.076503 -0.003552 0.010436 0.999940 -0.011176 
44 868 0.999989 0.002473 0.003763 7.237423 -0.002492 0.999985 0.004956 0.144784 -0.003750 -0.004965 0.999981 0.066411 
96 934 0.999579 -0.028681 0.004412 -7.925095 0.028743 0.999477 -0.014754 -1.814079 -0.003987 0.014875 0.999881 -0.128444 
107 946 0.998714 -0.050489 0.004584 -9.380554 0.050365 0.998443 0.023990 -0.875045 -0.005788 -0.023728 0.999701 -0.103259 
253 1064 0.999923 0.011878 0.003513 6.673767 -0.011886 0.999927 0.002236 -0.245693 -0.003486 -0.002277 0.999991 0.063336 
102 928 0.999977 -0.005231 0.004320 6.439407 0.005285 0.999907 -0.012606 -1.630823 -0.004253 0.012628 0.999911 0.037095 
232 1047 0.999813 0.017562 -0.008060 3.430649 -0.017509 0.999824 0.006608 0.009829 0.008175 -0.006466 0.999945 0.046738 
188 1008 0.999873 -0.015933 -0.001258 2.795639 0.015935 0.999873 0.001413 0.005290 0.001235 -0.001433 0.999998 0.057894 
33 535 -0.999453 0.003367 -0.032907 0.646736 -0.004841 -0.998984 0.044812 15.628381 -0.032722 0.044947 0.998453 0.034826 
240 1069 0.999860 0.016428 0.003017 -8.987885 -0.016450 0.999837 0.007452 -0.086179 -0.002894 -0.007500 0.999968 -0.138405 
146 965 0.999999 0.000527 -0.000127 13.233337 -0.000526 0.999986 0.005115 -0.382442 0.000130 -0.005115 0.999987 0.204360 
163 987 0.999945 -0.010400 0.001113 3.393188 0.010394 0.999935 0.004849 0.027021 -0.001163 -0.004838 0.999987 0.036050 
78 909 0.999533 0.030499 -0.001716 -1.553619 -0.030493 0.999529 0.003834 -0.242302 0.001832 -0.003780 0.999992 -0.041073 
96 934 0.999579 -0.028681 0.004412 -7.925095 0.028743 0.999477 -0.014754 -1.814079 -0.003987 0.014875 0.999881 -0.128444 
261 1066 0.999794 -0.017124 0.010923 11.565857 0.017112 0.999853 0.001199 -0.203338 -0.010942 -0.001011 0.999940 0.136019 
303 1099 0.033499 -0.999378 0.010948 1.059387 0.999052 0.033789 0.027430 7.966867 -0.027783 0.010018 0.999564 0.021084 
246 1073 0.999377 0.035091 0.003680 -7.666718 -0.035082 0.999381 -0.002700 -0.172795 -0.003772 0.002569 0.999989 -0.114067 
213 1029 0.999981 0.005938 0.001412 2.761322 -0.005938 0.999982 0.000085 0.074999 -0.001412 -0.000094 0.999999 0.024420 
247 1067 0.999732 0.022966 0.003138 -1.243042 -0.022970 0.999735 0.001287 -0.206616 -0.003107 -0.001359 0.999994 -0.028032 
294 1097 0.565072 -0.824744 0.022166 1.851990 0.825001 0.565106 -0.005287 4.313254 -0.008166 0.021274 0.999740 0.040403 
18 845 0.999999 -0.000824 0.000944 6.584624 0.000823 0.999999 0.000457 -0.028536 -0.000944 -0.000456 1.000000 0.080215 
127 958 0.999924 0.010754 0.005918 -0.660950 -0.010762 0.999941 0.001429 -0.187600 -0.005902 -0.001492 0.999982 -0.020772 
23 855 0.999970 -0.007693 -0.000426 -0.881397 0.007694 0.999970 0.001482 -0.050696 0.000415 -0.001485 0.999999 -0.032788 
149 982 0.999944 -0.010405 -0.001705 -7.123169 0.010399 0.999941 -0.002979 -0.312846 0.001736 0.002961 0.999994 -0.119381 
239 1072 0.999744 0.022408 0.002723 -12.648590 -0.022417 0.999742 0.003536 -0.002610 -0.002643 -0.003596 0.999990 -0.170953 
272 1093 0.998416 -0.056044 0.004994 -4.599243 0.056134 0.998218 -0.020184 -0.391720 -0.003854 0.020432 0.999784 -0.094414 
210 1025 0.999906 0.013474 0.002381 3.712433 -0.013470 0.999907 -0.001819 0.033892 -0.002405 0.001787 0.999996 0.045586 
81 915 0.998231 0.058788 0.008753 -4.447456 -0.058819 0.998263 0.003314 -0.368409 -0.008543 -0.003823 0.999956 -0.054928 
256 1077 0.999623 0.027394 -0.001787 -2.857849 -0.027394 0.999625 -0.000128 -0.370275 0.001783 0.000177 0.999999 -0.068749 
31 859 0.999880 -0.015459 0.000310 3.395706 0.015460 0.999881 -0.000628 0.088126 -0.000300 0.000632 0.999999 0.037072 
125 953 0.999942 -0.010666 -0.001176 3.868729 0.010672 0.999930 0.005083 -0.162997 0.001122 -0.005095 0.999987 0.045111 
71 902 0.999928 0.011933 -0.001048 -2.072708 -0.011932 0.999929 0.001280 -0.081717 0.001063 -0.001268 0.999999 -0.053932 
143 976 0.999991 -0.001755 0.003808 -6.247742 0.001764 0.999996 -0.002226 -0.387346 -0.003804 0.002233 0.999990 -0.100442 
114 937 0.997576 -0.068734 0.010936 10.897087 0.068953 0.997396 -0.021168 -0.437025 -0.009452 0.021870 0.999716 0.071429 
230 1052 0.999989 -0.002140 -0.004221 -2.247955 0.002158 0.999988 0.004368 -0.030072 0.004212 -0.004377 0.999982 -0.046369 
140 967 0.999974 0.006626 0.002798 2.821793 -0.006627 0.999978 0.000458 -0.332814 -0.002795 -0.000477 0.999996 0.023660 
26 855 0.999970 -0.007443 -0.002334 2.685310 0.007444 0.999972 0.000493 -0.000130 0.002331 -0.000510 0.999997 0.030943 
205 1028 0.999862 -0.016637 0.001179 -2.061981 0.016636 0.999861 0.001023 0.041379 -0.001196 -0.001003 0.999999 -0.049534 
86 922 0.995312 0.096713 -0.001341 -6.264748 -0.096722 0.995241 -0.011797 -0.744002 0.000194 0.011871 0.999930 -0.097302 
135 959 0.999984 0.002305 0.005135 8.023346 -0.002328 0.999987 0.004518 -0.168253 -0.005124 -0.004530 0.999976 0.070822 
12 844 0.999994 -0.003221 0.001557 0.770843 0.003222 0.999995 -0.000883 -0.069905 -0.001554 0.000888 0.999998 -0.004836 
206 1020 0.999816 0.019002 -0.002767 4.801239 -0.019007 0.999818 -0.001976 -0.006215 0.002729 0.002028 0.999994 0.100191 
226 1037 0.999977 0.004505 0.005046 6.391891 -0.004502 0.999990 -0.000554 0.075386 -0.005049 0.000531 0.999987 0.068461 
199 1019 0.999971 0.003303 -0.006738 0.637024 -0.003283 0.999990 0.002926 0.024940 0.006747 -0.002904 0.999972 0.007492 
299 1093 0.278731 -0.960112 0.022216 5.764801 0.960277 0.278949 0.007352 6.302776 -0.013256 0.019285 0.999726 0.104836 
129 966 0.999914 0.012947 0.002359 -9.660599 -0.012944 0.999916 -0.001297 -0.154584 -0.002375 0.001267 0.999996 -0.158873 
275 1091 0.993705 -0.111844 0.006446 -1.176788 0.111921 0.993630 -0.013168 -0.170580 -0.004932 0.013806 0.999892 -0.034357 
199 1029 0.999429 -0.033767 -0.000011 -7.083725 0.033767 0.999425 0.002970 -0.107500 -0.000089 -0.002968 0.999995 -0.135934 
120 939 0.997429 -0.070818 0.010979 16.042816 0.071041 0.997242 -0.021448 0.126819 -0.009430 0.022173 0.999709 0.118773 
207 1017 0.999780 0.019714 -0.007200 7.939362 -0.019714 0.999806 0.000083 0.011115 0.007200 0.000059 0.999973 0.201287 
170 1000 0.999993 0.002720 0.002670 -5.807373 -0.002727 0.999992 0.002714 -0.034998 -0.002662 -0.002721 0.999992 -0.118177 
