17 1093 0.987798 -0.153604 -0.025708 -6.852178 0.153568 0.988132 -0.003389 0.268390 0.025923 -0.000600 0.999664 -0.215657 
25 1036 0.843228 -0.537411 -0.012477 11.002639 0.537496 0.843253 0.004612 0.677479 0.008043 -0.010595 0.999912 0.138908 
24 1040 0.865436 -0.500892 -0.011240 9.903802 0.500943 0.865477 0.002182 0.610164 0.008635 -0.007519 0.999934 0.117340 
653 754 0.537778 0.842943 -0.015556 -6.456726 -0.843077 0.537765 -0.005290 2.573929 0.003906 0.015960 0.999865 -0.092024 
31 1082 0.713307 -0.700501 -0.022186 -2.298395 0.700299 0.713643 -0.017135 2.516725 0.027836 -0.003314 0.999607 -0.036882 
27 1068 0.725054 -0.688688 -0.002498 1.437250 0.688627 0.724930 0.016408 1.848326 -0.009489 -0.013617 0.999862 -0.012886 
3 1070 0.998646 0.048572 0.018604 -3.514100 -0.048451 0.998802 -0.006900 -0.130373 -0.018917 0.005990 0.999803 -0.019799 
627 728 0.992534 0.121797 0.006343 -9.701534 -0.121753 0.992536 -0.007037 1.282043 -0.007153 0.006212 0.999955 -0.178380 
12 1066 0.984822 -0.173541 -0.002849 -0.705677 0.173564 0.984702 0.015410 0.023709 0.000131 -0.015671 0.999878 -0.031971 
649 751 0.653188 0.757174 -0.005810 -5.717854 -0.757182 0.653108 -0.011228 2.144363 -0.004707 0.011733 0.999920 -0.053115 
10 1066 0.992261 -0.124152 0.001910 -1.055951 0.124134 0.992234 0.007961 -0.083461 -0.002883 -0.007662 0.999967 -0.039385 
3 1066 0.999864 -0.014854 0.007055 -1.994091 0.014782 0.999840 0.010094 -0.217970 -0.007204 -0.009989 0.999925 -0.050600 
647 760 0.223512 0.973751 -0.043034 -9.051392 -0.974419 0.224292 0.014170 5.696739 0.023450 0.038766 0.998973 -0.400859 
10 1037 0.999855 -0.016843 -0.002514 7.783576 0.016795 0.999689 -0.018447 -0.606942 0.002824 0.018402 0.999827 0.064239 
5 1019 0.999831 0.018408 0.000693 11.317648 -0.018398 0.999760 -0.011946 -0.037613 -0.000913 0.011931 0.999928 0.127659 
24 1071 0.858359 -0.513039 0.003272 -0.154103 0.512948 0.858298 0.014451 1.188574 -0.010222 -0.010726 0.999891 -0.011362 
37 1086 0.396432 -0.917880 -0.018392 -2.467992 0.917999 0.396563 -0.003915 4.384989 0.010886 -0.015332 0.999823 -0.036284 
2 1015 0.999026 0.043744 0.005716 12.022262 -0.043652 0.998931 -0.015208 -0.036343 -0.006376 0.014944 0.999868 0.122902 
12 1071 0.996033 -0.088574 0.008540 -2.568599 0.088558 0.996068 0.002282 0.075009 -0.008709 -0.001517 0.999961 -0.019204 
40 1066 0.071809 -0.997418 0.000385 3.366326 0.997031 0.071792 0.027834 6.383328 -0.027790 -0.001615 0.999613 -0.079479 
3 1020 0.999266 0.038157 0.003256 10.865578 -0.038114 0.999198 -0.012318 -0.050332 -0.003723 0.012185 0.999919 0.119983 
36 1100 0.419534 -0.907719 -0.006288 -3.163743 0.907729 0.419553 -0.001856 3.961793 0.004323 -0.004929 0.999978 -0.040865 
3 1033 0.995242 0.097367 0.003414 7.738177 -0.097293 0.995100 -0.017562 -0.670907 -0.005107 0.017146 0.999840 0.056052 
25 1078 0.909887 -0.414171 -0.023828 -2.218215 0.414365 0.910104 0.003633 1.404155 0.020182 -0.013179 0.999710 -0.074937 
16 1062 0.960552 -0.277876 -0.011123 1.665510 0.277897 0.960610 0.000416 0.252012 0.010569 -0.003491 0.999939 0.024980 
12 1073 0.999221 -0.039340 -0.003101 -3.284711 0.039333 0.999224 -0.001997 0.195405 0.003177 0.001874 0.999993 -0.076063 
45 1074 0.103744 -0.994580 -0.006839 1.709709 0.994584 0.103784 -0.005638 8.329811 0.006318 -0.006217 0.999960 0.030503 
20 1057 0.916883 -0.398689 -0.019318 4.326922 0.398985 0.916834 0.015044 0.608008 0.011714 -0.021502 0.999700 0.065691 
43 1092 0.158583 -0.987086 -0.022639 -2.522802 0.987272 0.158809 -0.008552 7.017991 0.012037 -0.020995 0.999707 -0.006898 
24 1100 0.902286 -0.430522 -0.023053 -5.371900 0.430625 0.902531 -0.000512 0.955211 0.021026 -0.009466 0.999734 -0.139955 
35 1068 0.331198 -0.943506 0.010217 2.528645 0.943339 0.331336 0.018120 4.191822 -0.020482 0.003637 0.999783 -0.026970 
1 1086 0.978864 0.203204 -0.023089 -8.905863 -0.203730 0.978751 -0.023258 0.315791 0.017873 0.027470 0.999463 -0.384944 
640 743 0.879569 0.475633 -0.011503 -5.260378 -0.475770 0.879262 -0.023281 1.480957 -0.000959 0.025950 0.999663 -0.161593 
13 1069 0.987624 -0.156754 0.005249 -1.640347 0.156744 0.987636 0.002282 0.066524 -0.005542 -0.001431 0.999983 -0.014913 
36 1059 0.273804 -0.961779 0.003513 6.107618 0.961640 0.273825 0.016349 4.558968 -0.016686 -0.001098 0.999860 0.072124 
20 1093 0.964739 -0.261580 -0.029269 -6.214386 0.261757 0.965131 0.002331 0.496020 0.027639 -0.009910 0.999569 -0.201263 
649 752 0.611939 0.790875 -0.006943 -6.054779 -0.790899 0.611874 -0.009471 2.423340 -0.003242 0.011286 0.999931 -0.060317 
15 1077 0.999419 -0.028941 -0.018027 -4.052301 0.028907 0.999580 -0.002080 0.566878 0.018080 0.001558 0.999836 -0.130469 
31 1079 0.721059 -0.692602 -0.019399 -1.246131 0.692475 0.721310 -0.013749 2.541670 0.023515 -0.003520 0.999718 -0.021577 
17 1077 0.995051 -0.097850 -0.017268 -3.620482 0.097888 0.995197 0.001442 0.648692 0.017044 -0.003125 0.999850 -0.116052 
651 759 0.282973 0.958406 -0.037223 -8.513725 -0.958881 0.283568 0.011694 4.681389 0.021762 0.032383 0.999238 -0.341116 
5 1078 0.976968 0.212948 -0.013651 -6.100741 -0.213179 0.976837 -0.018577 0.607232 0.009379 0.021060 0.999734 -0.212398 
7 1053 0.999793 -0.020221 -0.002556 3.263636 0.020200 0.999765 -0.007908 -0.255575 0.002715 0.007854 0.999966 0.009719 
12 1095 0.999871 0.005069 -0.015202 -7.867895 -0.005290 0.999880 -0.014546 0.073217 0.015126 0.014624 0.999778 -0.202395 
31 1055 0.549521 -0.835449 -0.007144 6.977595 0.835479 0.549517 0.002677 2.761084 0.001689 -0.007440 0.999971 0.125371 
21 1054 0.902703 -0.429948 -0.016486 5.527696 0.430103 0.902750 0.007320 0.674379 0.011735 -0.013699 0.999838 0.065875 
13 1083 0.998932 0.035041 -0.030121 -6.495213 -0.035432 0.999293 -0.012566 0.483995 0.029660 0.013620 0.999467 -0.254988 
3 1030 0.995904 0.090350 0.003432 8.442863 -0.090302 0.995836 -0.012483 -0.599536 -0.004545 0.012122 0.999916 0.070330 
12 1058 0.988630 -0.150062 -0.009624 2.413439 0.150092 0.988669 0.002488 -0.018822 0.009142 -0.003904 0.999951 0.017186 
20 1095 0.965178 -0.260783 -0.020585 -6.211983 0.260859 0.965376 0.001068 0.501882 0.019593 -0.006401 0.999787 -0.154689 
22 1045 0.900063 -0.435657 -0.009345 8.388277 0.435641 0.900113 -0.003775 0.524581 0.010056 -0.000674 0.999949 0.068624 
22 1081 0.962410 -0.269734 -0.031755 -3.905694 0.269314 0.962904 -0.016902 1.008945 0.035136 0.007714 0.999353 -0.137235 
36 1054 0.289485 -0.957181 0.002009 7.890235 0.957130 0.289492 0.009892 4.416020 -0.010050 -0.000941 0.999949 0.132383 
8 1057 0.998790 -0.048820 -0.005825 2.076235 0.048786 0.998792 -0.005747 -0.200101 0.006099 0.005456 0.999966 0.010434 
3 1020 0.999266 0.038157 0.003256 10.865578 -0.038114 0.999198 -0.012318 -0.050332 -0.003723 0.012185 0.999919 0.119983 
29 1063 0.625277 -0.780356 -0.008652 3.670097 0.780386 0.625299 0.000070 2.345651 0.005355 -0.006796 0.999963 0.083721 
33 1089 0.571856 -0.820036 -0.022832 -3.528928 0.820188 0.572079 -0.004191 2.949575 0.016498 -0.016329 0.999731 -0.100246 
2 1071 0.996783 0.077960 0.018580 -3.964386 -0.077883 0.996951 -0.004801 -0.051671 -0.018898 0.003339 0.999816 -0.024793 
0 1027 0.995456 0.095162 0.003270 8.890478 -0.095109 0.995373 -0.013663 -0.449222 -0.004555 0.013289 0.999902 0.071933 
19 1068 0.929654 -0.368419 -0.003329 -0.090588 0.368405 0.929429 0.020990 0.571963 -0.004639 -0.020739 0.999774 -0.021012 
2 1042 0.996342 0.085391 0.003231 5.642541 -0.085324 0.996207 -0.017077 -0.536329 -0.004677 0.016739 0.999849 0.031080 
29 1090 0.747827 -0.663311 -0.027813 -4.332708 0.663415 0.748222 -0.006597 1.841725 0.025186 -0.013518 0.999591 -0.130687 
27 1043 0.765955 -0.642791 -0.011583 9.812403 0.642835 0.766004 0.000164 1.264012 0.008767 -0.007572 0.999933 0.134420 
27 1065 0.703625 -0.710475 -0.011769 2.520132 0.710535 0.703324 0.021828 1.943501 -0.007231 -0.023721 0.999692 0.015110 
34 1067 0.371187 -0.928546 0.004832 2.725415 0.928296 0.371201 0.021784 3.877660 -0.022021 -0.003601 0.999750 -0.035837 
16 1056 0.964993 -0.261850 -0.014908 3.885413 0.261955 0.965065 0.005515 0.210905 0.012943 -0.009227 0.999874 0.056742 
38 1048 0.216362 -0.976285 0.007278 9.994883 0.976293 0.216399 0.004796 4.990588 -0.006258 0.006068 0.999961 0.130064 
18 1060 0.940477 -0.339702 -0.010347 2.844451 0.339823 0.940387 0.013884 0.441221 0.005014 -0.016574 0.999851 0.029109 
659 760 0.283199 0.958536 -0.031758 -8.623459 -0.958731 0.283815 0.016877 4.269463 0.025191 0.025668 0.999353 -0.333298 
12 1058 0.988630 -0.150062 -0.009624 2.413439 0.150092 0.988669 0.002488 -0.018822 0.009142 -0.003904 0.999951 0.017186 
33 1081 0.630581 -0.775864 -0.020062 -1.557703 0.775682 0.630884 -0.017432 3.086304 0.026181 -0.004569 0.999647 -0.001921 
30 1069 0.608018 -0.793873 0.008994 1.615147 0.793877 0.608066 0.003960 2.526071 -0.008613 0.004733 0.999952 0.004252 
3 1049 0.998899 0.046391 0.006972 4.025835 -0.046291 0.998832 -0.013920 -0.359847 -0.007609 0.013582 0.999880 -0.002342 
34 1098 0.520814 -0.853586 -0.012008 -3.473597 0.853610 0.520892 -0.004434 3.241606 0.010040 -0.007940 0.999918 -0.060038 
4 1070 0.999059 0.039846 0.017120 -3.407383 -0.039743 0.999190 -0.006294 -0.128200 -0.017357 0.005608 0.999834 -0.018203 
3 1087 0.983436 0.179849 -0.022546 -8.887275 -0.180339 0.983359 -0.022013 0.209152 0.018212 0.025714 0.999504 -0.368062 
635 738 0.940726 0.339163 0.001322 -6.116245 -0.339045 0.940488 -0.023004 1.507828 -0.009045 0.021192 0.999734 -0.114328 
28 1080 0.832950 -0.552660 -0.027578 -2.220404 0.552439 0.833404 -0.015785 1.874296 0.031707 -0.002087 0.999495 -0.056361 
8 1052 0.999421 -0.034013 -0.001148 3.738191 0.034001 0.999379 -0.009336 -0.258491 0.001465 0.009292 0.999955 0.014477 
6 1063 0.999153 -0.041073 -0.002641 -0.462382 0.041046 0.999113 -0.009486 -0.208573 0.003028 0.009370 0.999952 -0.023190 
33 1068 0.439996 -0.897964 0.007984 2.328864 0.897845 0.440069 0.014668 3.489163 -0.016684 0.000715 0.999861 -0.022908 
27 1052 0.738878 -0.673726 -0.012376 7.348522 0.673824 0.738862 0.006732 1.652183 0.004609 -0.013313 0.999901 0.099753 
24 1070 0.846677 -0.532094 0.003519 0.176206 0.532032 0.846652 0.011080 1.196090 -0.008875 -0.007509 0.999932 -0.002258 
20 1100 0.964963 -0.261257 -0.024333 -6.222830 0.261392 0.965230 0.002492 0.501872 0.022836 -0.008765 0.999701 -0.176748 
9 1069 0.998268 -0.057537 0.012320 -2.347446 0.057639 0.998303 -0.008160 -0.102305 -0.011830 0.008856 0.999891 -0.024238 
647 748 0.761083 0.648530 -0.012661 -5.083399 -0.648654 0.760917 -0.015945 1.628036 -0.000707 0.020348 0.999793 -0.093699 
21 1031 0.930611 -0.365786 -0.012768 11.328859 0.365863 0.930659 0.004206 0.099826 0.010344 -0.008586 0.999910 0.124153 
645 746 0.819852 0.572459 -0.011547 -4.867666 -0.572575 0.819645 -0.018408 1.415863 -0.001073 0.021703 0.999764 -0.111911 
0 1039 0.994216 0.107351 0.003354 6.123228 -0.107279 0.994081 -0.017178 -0.589691 -0.005178 0.016719 0.999847 0.021601 
26 1086 0.864882 -0.500458 -0.038992 -4.479277 0.500835 0.865543 -0.000118 1.374814 0.033808 -0.019426 0.999239 -0.166900 
1 1056 0.999515 0.031168 -0.000315 1.629485 -0.031169 0.999481 -0.008141 -0.255820 0.000061 0.008147 0.999967 -0.006395 
27 1065 0.703625 -0.710475 -0.011769 2.520132 0.710535 0.703324 0.021828 1.943501 -0.007231 -0.023721 0.999692 0.015110 
1 1065 0.999980 -0.003810 0.005137 -1.788682 0.003778 0.999974 0.006243 -0.239862 -0.005161 -0.006223 0.999968 -0.047322 
24 1088 0.905666 -0.422629 -0.033966 -5.195802 0.422871 0.906190 -0.000062 0.998994 0.030806 -0.014307 0.999423 -0.189617 
10 1038 0.999800 -0.019869 -0.002462 7.552910 0.019820 0.999633 -0.018476 -0.580768 0.002828 0.018423 0.999826 0.059771 
39 1092 0.286398 -0.957949 -0.017616 -2.829958 0.958098 0.286441 0.000034 5.160368 0.005014 -0.016888 0.999845 -0.034136 
34 1089 0.522443 -0.852378 -0.022495 -3.391917 0.852554 0.522629 -0.002944 3.253727 0.014265 -0.017640 0.999743 -0.092766 
8 1021 0.999614 -0.027772 -0.000457 11.227190 0.027765 0.999550 -0.011320 -0.021754 0.000771 0.011303 0.999935 0.121970 
13 1071 0.993186 -0.116334 0.006870 -2.379478 0.116298 0.993199 0.005392 0.121784 -0.007451 -0.004556 0.999962 -0.016426 
1 1067 0.999884 0.010644 0.010881 -2.563565 -0.010712 0.999923 0.006239 -0.221025 -0.010814 -0.006355 0.999921 -0.052798 
31 1075 0.672614 -0.739971 -0.005759 -0.035112 0.739959 0.672637 -0.004412 2.582197 0.007138 -0.001294 0.999974 -0.001723 
11 1092 0.999246 0.031131 -0.023185 -8.070504 -0.031532 0.999356 -0.017128 0.062644 0.022637 0.017846 0.999585 -0.280956 
14 1039 0.991601 -0.129049 -0.008726 8.073046 0.129000 0.991628 -0.005892 -0.406428 0.009413 0.004717 0.999945 0.080658 
2 1048 0.998337 0.057096 0.007853 4.212972 -0.056967 0.998251 -0.015814 -0.375755 -0.008742 0.015340 0.999844 -0.001273 
15 1043 0.984747 -0.173735 -0.009517 7.388617 0.173706 0.984790 -0.003812 -0.242861 0.010034 0.002100 0.999948 0.075596 
26 1085 0.870223 -0.491115 -0.038973 -4.258749 0.491523 0.870864 0.000992 1.417868 0.033453 -0.020019 0.999239 -0.159088 
1 1058 0.999739 0.022813 0.001197 0.937507 -0.022808 0.999733 -0.003828 -0.236153 -0.001284 0.003800 0.999992 -0.019174 
40 1081 0.320719 -0.946956 -0.020333 -0.489678 0.946989 0.321007 -0.012922 5.676358 0.018763 -0.015111 0.999710 0.082901 
14 1052 0.983037 -0.183157 -0.009585 4.795431 0.183175 0.983080 0.000988 -0.017539 0.009242 -0.002727 0.999954 0.045688 
646 755 0.471313 0.881696 -0.021823 -7.364563 -0.881945 0.471327 -0.004853 3.834015 0.006007 0.021534 0.999750 -0.163793 
21 1074 0.948664 -0.315983 -0.013826 -1.784445 0.316069 0.948724 0.004588 0.807055 0.011667 -0.008722 0.999894 -0.064296 
36 1073 0.379170 -0.925283 0.009047 1.256353 0.925242 0.379251 0.009812 4.289934 -0.012510 0.004651 0.999910 -0.005006 
4 1071 0.997930 0.062160 0.016481 -3.766382 -0.062115 0.998064 -0.003223 -0.055364 -0.016649 0.002193 0.999860 -0.024797 
31 1060 0.540051 -0.841628 -0.002671 5.207432 0.841618 0.540018 0.007687 2.852897 -0.005028 -0.006399 0.999967 0.061958 
29 1040 0.694562 -0.719405 -0.006295 10.856966 0.719387 0.694589 -0.005195 1.585623 0.008109 -0.000920 0.999966 0.147045 
15 1060 0.970912 -0.239270 -0.008990 2.252933 0.239343 0.970900 0.008156 0.171088 0.006777 -0.010071 0.999927 0.017691 
12 1054 0.990907 -0.134245 -0.008962 3.759867 0.134223 0.990947 -0.003019 -0.091937 0.009286 0.001789 0.999956 0.032958 
28 1051 0.701929 -0.712204 -0.007880 7.837821 0.712233 0.701942 0.001428 1.834802 0.004514 -0.006614 0.999968 0.098729 
14 1050 0.984645 -0.174447 -0.006563 5.411407 0.174437 0.984666 -0.002018 -0.066373 0.006814 0.000842 0.999977 0.037191 
40 1079 0.323262 -0.946152 -0.017257 0.214264 0.946229 0.323418 -0.007125 5.685063 0.012322 -0.014026 0.999826 0.062275 
10 1093 0.998342 0.053785 -0.020513 -8.232880 -0.054223 0.998298 -0.021454 0.022868 0.019324 0.022531 0.999559 -0.280115 
10 1046 0.998657 -0.051737 0.002418 5.774273 0.051771 0.998509 -0.017305 -0.350247 -0.001519 0.017407 0.999847 0.013249 
25 1074 0.870805 -0.491449 -0.013297 -0.933847 0.491577 0.870787 0.009050 1.349887 0.007132 -0.014417 0.999871 -0.032390 
3 1049 0.998899 0.046391 0.006972 4.025835 -0.046291 0.998832 -0.013920 -0.359847 -0.007609 0.013582 0.999880 -0.002342 
633 738 0.942888 0.333110 0.000221 -7.020662 -0.333026 0.942668 -0.021666 1.837906 -0.007425 0.020355 0.999765 -0.132711 
18 1066 0.932717 -0.360524 -0.007815 0.444410 0.360601 0.932332 0.026908 0.507725 -0.002415 -0.027915 0.999608 -0.014118 
18 1049 0.953045 -0.302751 -0.006841 6.504164 0.302781 0.953053 0.003775 0.214143 0.005377 -0.005669 0.999970 0.049384 
648 749 0.727081 0.686485 -0.009545 -5.222591 -0.686549 0.726965 -0.013106 1.758453 -0.002058 0.016082 0.999869 -0.083926 
14 1072 0.992425 -0.122847 0.000640 -2.543695 0.122840 0.992405 0.006686 0.207897 -0.001456 -0.006557 0.999978 -0.039740 
20 1074 0.960764 -0.277050 -0.013272 -1.984217 0.277176 0.960778 0.008925 0.720310 0.010279 -0.012253 0.999872 -0.064865 
9 1022 0.999013 -0.044405 -0.001192 11.127361 0.044390 0.998956 -0.010698 -0.045670 0.001665 0.010635 0.999942 0.124654 
1 1023 0.998097 0.061552 0.003843 9.932880 -0.061506 0.998045 -0.011102 -0.151889 -0.004519 0.010845 0.999931 0.101477 
642 749 0.717516 0.696503 -0.007397 -6.061199 -0.696495 0.717302 -0.019314 2.542435 -0.008147 0.019010 0.999786 -0.108292 
37 1074 0.356308 -0.934349 0.006075 1.136662 0.934342 0.356340 0.005180 4.600057 -0.007005 0.003830 0.999968 0.022832 
5 1085 0.983144 0.180883 -0.026651 -8.308559 -0.181435 0.983200 -0.019980 0.351537 0.022590 0.024479 0.999445 -0.356797 
34 1072 0.459858 -0.887949 0.008756 1.243875 0.887882 0.459934 0.011271 3.595059 -0.014035 0.002592 0.999898 -0.024500 
4 1043 0.997850 0.065527 0.001356 5.610385 -0.065499 0.997733 -0.015434 -0.518095 -0.002365 0.015312 0.999880 0.031736 
20 1075 0.967798 -0.251294 -0.014814 -2.326454 0.251407 0.967860 0.006414 0.752559 0.012726 -0.009931 0.999870 -0.071385 
33 1067 0.425397 -0.904994 0.004710 2.641575 0.904773 0.425401 0.020498 3.554717 -0.020554 -0.004458 0.999779 -0.031897 
627 730 0.988813 0.149005 0.006909 -9.767944 -0.148950 0.988813 -0.007866 1.530365 -0.008004 0.006748 0.999945 -0.170913 
13 1066 0.979596 -0.200917 -0.004779 -0.521300 0.200971 0.979425 0.018365 0.086566 0.000991 -0.018951 0.999820 -0.027914 
650 757 0.380467 0.924330 -0.029319 -7.783707 -0.924654 0.380772 0.005400 4.003052 0.016155 0.025055 0.999556 -0.259885 
651 757 0.383424 0.923092 -0.029809 -7.734848 -0.923417 0.383752 0.005959 3.879761 0.016940 0.025242 0.999538 -0.253848 
3 1086 0.981573 0.189578 -0.023980 -8.725541 -0.190111 0.981509 -0.022315 0.289106 0.019306 0.026462 0.999464 -0.375451 
13 1084 0.999154 0.025149 -0.032524 -6.770190 -0.025469 0.999631 -0.009455 0.426960 0.032274 0.010276 0.999426 -0.282920 
5 1084 0.981177 0.191447 -0.025298 -8.064623 -0.191941 0.981227 -0.018773 0.435086 0.021229 0.023275 0.999503 -0.342956 
27 1043 0.765955 -0.642791 -0.011583 9.812403 0.642835 0.766004 0.000164 1.264012 0.008767 -0.007572 0.999933 0.134420 
29 1075 0.756281 -0.654180 -0.009301 -0.433793 0.654171 0.756334 -0.004394 2.083154 0.009909 -0.002762 0.999947 -0.012174 
636 743 0.880508 0.473864 -0.012638 -6.483535 -0.474028 0.880285 -0.019893 2.146149 0.001698 0.023507 0.999723 -0.198253 
27 1084 0.846876 -0.530645 -0.034890 -3.762681 0.530905 0.847429 -0.002108 1.632750 0.030685 -0.016738 0.999389 -0.136454 
642 747 0.786743 0.617205 -0.009682 -5.591122 -0.617231 0.786386 -0.024970 1.990616 -0.007798 0.025621 0.999641 -0.120470 
626 736 0.968068 0.250590 0.006815 -10.865019 -0.250506 0.968049 -0.011286 2.726746 -0.009426 0.009219 0.999913 -0.174585 
25 1078 0.909887 -0.414171 -0.023828 -2.218215 0.414365 0.910104 0.003633 1.404155 0.020182 -0.013179 0.999710 -0.074937 
27 1063 0.710797 -0.703262 -0.013875 3.350003 0.703369 0.710809 0.004862 1.883949 0.006443 -0.013215 0.999892 0.075226 
1 1033 0.993787 0.111214 0.004389 7.555966 -0.111116 0.993637 -0.018417 -0.661277 -0.006409 0.017815 0.999821 0.051083 
41 1067 0.049187 -0.998785 0.002986 3.063070 0.998545 0.049241 0.021971 6.791633 -0.022092 0.001901 0.999754 -0.079516 
27 1081 0.861045 -0.507651 -0.029881 -2.794703 0.507488 0.861555 -0.013375 1.689056 0.032534 -0.003648 0.999464 -0.072284 
635 743 0.881901 0.471272 -0.012424 -6.873325 -0.471428 0.881721 -0.017960 2.360565 0.002491 0.021696 0.999761 -0.212407 
38 1068 0.179921 -0.983604 0.012222 2.733267 0.983422 0.180145 0.020754 5.381060 -0.022615 0.008285 0.999710 -0.029766 
16 1079 0.998876 -0.039858 -0.025655 -4.522133 0.039603 0.999161 -0.010397 0.655185 0.026048 0.009369 0.999617 -0.165749 
1 1069 0.998873 0.044036 0.017728 -3.308001 -0.043912 0.999009 -0.007301 -0.173903 -0.018032 0.006514 0.999817 -0.030542 
29 1062 0.631705 -0.775170 -0.007737 4.089466 0.775182 0.631734 -0.001934 2.309196 0.006387 -0.004776 0.999969 0.086716 
19 1091 0.973067 -0.228481 -0.030610 -6.454931 0.228660 0.973503 0.002440 0.389772 0.029242 -0.009373 0.999528 -0.218710 
0 1089 0.982667 0.184326 -0.019757 -9.366206 -0.184700 0.982609 -0.019129 0.118644 0.015887 0.022446 0.999622 -0.380622 
1 1037 0.994305 0.106503 0.003810 6.654238 -0.106420 0.994164 -0.017729 -0.630732 -0.005676 0.017222 0.999836 0.042081 
5 1068 0.999925 -0.006681 0.010212 -2.545301 0.006661 0.999976 0.001979 -0.181973 -0.010225 -0.001911 0.999945 -0.043285 
647 760 0.223512 0.973751 -0.043034 -9.051392 -0.974419 0.224292 0.014170 5.696739 0.023450 0.038766 0.998973 -0.400859 
10 1094 0.998374 0.054876 -0.015453 -8.231110 -0.055214 0.998226 -0.022327 0.038475 0.014200 0.023144 0.999631 -0.242697 
3 1097 0.986380 0.164274 -0.008228 -9.189535 -0.164411 0.986179 -0.020492 0.081921 0.004748 0.021566 0.999757 -0.253417 
2 1066 0.999939 -0.007759 0.007762 -2.085334 0.007687 0.999928 0.009213 -0.222306 -0.007833 -0.009153 0.999928 -0.049911 
37 1041 0.294243 -0.955709 0.006498 11.721960 0.955717 0.294268 0.003182 4.187510 -0.004953 0.005274 0.999974 0.187361 
3 1072 0.995478 0.094185 0.012285 -4.237153 -0.094143 0.995551 -0.003938 0.022660 -0.012601 0.002764 0.999917 -0.063065 
26 1091 0.848650 -0.527911 -0.033196 -4.989663 0.528261 0.849079 0.002083 1.241622 0.027086 -0.019304 0.999446 -0.154237 
28 1069 0.696526 -0.717517 0.004651 1.275106 0.717498 0.696541 0.005192 2.019579 -0.006965 -0.000279 0.999976 0.006109 
14 1038 0.991828 -0.127280 -0.008815 8.298231 0.127227 0.991853 -0.006320 -0.423798 0.009548 0.005147 0.999942 0.084488 
0 1024 0.997300 0.073353 0.003416 9.622561 -0.073311 0.997247 -0.011148 -0.216976 -0.004224 0.010868 0.999932 0.084949 
20 1063 0.906247 -0.422446 -0.016031 2.049775 0.422621 0.906255 0.009700 0.693907 0.010431 -0.015566 0.999825 0.034059 
13 1036 0.995639 -0.092984 -0.007573 8.555606 0.092927 0.995643 -0.007561 -0.509418 0.008243 0.006824 0.999943 0.079473 
41 1074 0.199126 -0.979968 -0.003221 1.493182 0.979972 0.199120 0.002392 6.337181 -0.001703 -0.003633 0.999992 0.020045 
643 753 0.557788 0.829921 -0.010238 -7.010139 -0.829962 0.557641 -0.014104 3.614731 -0.005996 0.016364 0.999848 -0.111099 
25 1039 0.839817 -0.542717 -0.012916 10.316687 0.542811 0.839840 0.005141 0.751479 0.008057 -0.011329 0.999904 0.132967 
26 1062 0.754828 -0.655719 -0.016305 3.566797 0.655875 0.754839 0.006712 1.628667 0.007906 -0.015760 0.999844 0.068313 
31 1087 0.677251 -0.735243 -0.027366 -3.614297 0.735296 0.677672 -0.010054 2.408648 0.025938 -0.013313 0.999576 -0.104833 
8 1082 0.986375 0.163060 -0.021815 -7.057904 -0.163653 0.986091 -0.028984 0.509232 0.016785 0.032160 0.999341 -0.265704 
26 1048 0.786262 -0.617798 -0.010786 8.359297 0.617870 0.786265 0.004971 1.297167 0.005409 -0.010573 0.999929 0.076157 
37 1079 0.442916 -0.896521 -0.008794 -0.183857 0.896496 0.442981 -0.007890 4.438610 0.010969 -0.004390 0.999930 0.045744 
12 1054 0.990907 -0.134245 -0.008962 3.759867 0.134223 0.990947 -0.003019 -0.091937 0.009286 0.001789 0.999956 0.032958 
13 1049 0.990062 -0.140566 -0.004334 5.514491 0.140545 0.990062 -0.004940 -0.146665 0.004985 0.004282 0.999978 0.026399 
6 1059 0.999688 -0.024920 -0.001911 1.094122 0.024917 0.999688 -0.001552 -0.196901 0.001949 0.001504 0.999998 -0.013926 
0 1061 0.999678 0.025022 0.004288 -0.264190 -0.024988 0.999658 -0.007759 -0.243015 -0.004480 0.007649 0.999961 -0.042974 
34 1067 0.371187 -0.928546 0.004832 2.725415 0.928296 0.371201 0.021784 3.877660 -0.022021 -0.003601 0.999750 -0.035837 
10 1059 0.994894 -0.100889 -0.002663 1.698589 0.100878 0.994890 -0.004298 -0.115154 0.003083 0.004008 0.999987 -0.001441 
34 1038 0.455937 -0.890012 -0.000719 12.070087 0.890009 0.455937 -0.001698 2.979561 0.001839 0.000134 0.999998 0.179561 
6 1039 0.998516 0.054458 -0.001384 6.718947 -0.054473 0.998397 -0.015359 -0.598108 0.000545 0.015411 0.999882 0.043510 
24 1060 0.824097 -0.566328 -0.011668 4.022519 0.566446 0.823978 0.014086 1.247808 0.001637 -0.018218 0.999833 0.042886 
3 1098 0.986537 0.163257 -0.009549 -9.188168 -0.163420 0.986356 -0.019852 0.062777 0.006178 0.021145 0.999758 -0.269591 
2 1072 0.994777 0.101250 0.012892 -4.328321 -0.101195 0.994855 -0.004891 0.028282 -0.013321 0.003561 0.999905 -0.061922 
14 1083 0.999515 0.005107 -0.030755 -6.295391 -0.005459 0.999921 -0.011362 0.501674 0.030695 0.011525 0.999463 -0.243209 
14 1066 0.973128 -0.230195 -0.005678 -0.331050 0.230262 0.972936 0.019386 0.151045 0.001062 -0.020172 0.999797 -0.022657 
13 1087 0.999451 -0.006263 -0.032540 -7.384837 0.005888 0.999915 -0.011593 0.219692 0.032610 0.011395 0.999403 -0.297772 
30 1054 0.603988 -0.796962 -0.007036 7.188640 0.796988 0.603993 0.001708 2.439535 0.002888 -0.006639 0.999975 0.116066 
35 1054 0.342626 -0.939470 -0.001734 7.797531 0.939444 0.342601 0.008347 4.041265 -0.007247 -0.004489 0.999964 0.127903 
13 1023 0.990217 -0.139278 -0.008467 11.604141 0.139272 0.990252 -0.001302 0.058953 0.008565 0.000110 0.999963 0.140834 
7 1046 0.999955 0.008752 0.003701 5.304360 -0.008697 0.999852 -0.014794 -0.394437 -0.003830 0.014761 0.999884 0.006580 
16 1085 0.996159 -0.080192 -0.035157 -6.395110 0.080023 0.996774 -0.006213 0.449819 0.035541 0.003376 0.999363 -0.263032 
24 1044 0.855378 -0.517905 -0.010038 9.020872 0.517955 0.855402 0.003006 0.807672 0.007030 -0.007770 0.999945 0.097265 
16 1039 0.981137 -0.193077 -0.009624 8.482330 0.193060 0.981184 -0.002636 -0.288236 0.009952 0.000728 0.999951 0.088863 
4 1078 0.974602 0.223588 -0.012593 -6.202605 -0.223800 0.974447 -0.019170 0.622547 0.007985 0.021502 0.999738 -0.215242 
21 1047 0.915179 -0.402946 -0.009008 7.665631 0.402970 0.915213 0.001034 0.462598 0.007827 -0.004577 0.999960 0.043582 
12 1086 0.998975 0.031411 -0.032585 -7.416242 -0.031917 0.999377 -0.015084 0.261076 0.032091 0.016109 0.999355 -0.314490 
42 1073 0.140615 -0.990064 0.000095 1.726116 0.990055 0.140614 0.004549 6.872538 -0.004517 -0.000546 0.999990 -0.006852 
651 753 0.574424 0.818498 -0.009936 -6.218483 -0.818558 0.574390 -0.006185 2.492493 0.000645 0.011686 0.999931 -0.080289 
9 1063 0.995458 -0.095172 -0.002501 -0.023556 0.095135 0.995393 -0.011959 -0.146547 0.003627 0.011667 0.999925 -0.012602 
39 1055 0.143132 -0.989695 -0.004179 7.686217 0.989650 0.143079 0.011034 5.694064 -0.010323 -0.005715 0.999930 0.138443 
27 1062 0.716587 -0.697378 -0.012921 3.765561 0.697460 0.716617 0.002901 1.850172 0.007236 -0.011091 0.999913 0.077563 
4 1031 0.996287 0.086078 0.001822 8.311300 -0.086049 0.996214 -0.012329 -0.642183 -0.002876 0.012126 0.999923 0.070287 
20 1028 0.939937 -0.341112 -0.012696 11.835322 0.341213 0.939961 0.006819 0.175096 0.009608 -0.010741 0.999896 0.137787 
23 1067 0.845773 -0.533517 -0.005171 1.041545 0.533509 0.845577 0.019153 1.116039 -0.005846 -0.018958 0.999803 -0.017291 
25 1079 0.913079 -0.406843 -0.027711 -2.550616 0.406943 0.913451 -0.002206 1.399633 0.026210 -0.009263 0.999614 -0.083691 
35 1069 0.347257 -0.937661 0.014329 2.232318 0.937651 0.347415 0.010571 4.124670 -0.014890 0.009765 0.999841 0.002660 
33 1070 0.471602 -0.881696 0.014196 1.697496 0.881719 0.471726 0.006853 3.370719 -0.012739 0.009285 0.999876 0.000092 
21 1048 0.913270 -0.407241 -0.009596 7.392350 0.407273 0.913305 0.001582 0.501352 0.008119 -0.005353 0.999953 0.046549 
4 1056 0.999960 0.008529 -0.002858 1.918390 -0.008548 0.999940 -0.006806 -0.245267 0.002800 0.006831 0.999973 0.003400 
2 1023 0.998495 0.054733 0.003477 10.023998 -0.054691 0.998440 -0.011220 -0.151028 -0.004086 0.011013 0.999931 0.106989 
35 1039 0.401139 -0.916017 0.001610 11.977799 0.916016 0.401141 0.000750 3.375388 -0.001333 0.001174 0.999998 0.179751 
34 1048 0.420174 -0.907438 0.003007 9.621558 0.907442 0.420176 0.000149 3.433160 -0.001398 0.002666 0.999995 0.108310 
25 1090 0.877407 -0.478579 -0.033480 -5.148989 0.478969 0.877822 0.004267 1.102287 0.027347 -0.019780 0.999430 -0.170508 
6 1073 0.996241 0.086615 0.001663 -4.256062 -0.086601 0.996216 -0.007374 0.122695 -0.002296 0.007203 0.999972 -0.095659 
18 1094 0.981938 -0.187966 -0.021636 -6.650135 0.187968 0.982174 -0.001944 0.350913 0.021615 -0.002158 0.999764 -0.178429 
41 1079 0.290677 -0.956646 -0.018311 0.334927 0.956709 0.290882 -0.009787 6.134158 0.014689 -0.014673 0.999785 0.072064 
18 1029 0.964214 -0.264939 -0.009913 11.177309 0.264999 0.964235 0.005176 -0.081517 0.008187 -0.007618 0.999938 0.134449 
19 1094 0.974478 -0.223300 -0.023019 -6.429734 0.223381 0.974731 0.000987 0.428653 0.022217 -0.006103 0.999734 -0.175315 
11 1035 0.999282 -0.037743 -0.003079 8.413365 0.037691 0.999167 -0.015665 -0.603963 0.003668 0.015537 0.999873 0.069918 
17 1047 0.965508 -0.260327 -0.004695 6.865444 0.260330 0.965520 0.000106 0.061854 0.004506 -0.001325 0.999990 0.043715 
38 1080 0.400980 -0.915973 -0.014423 -0.366528 0.915957 0.401138 -0.010489 4.836407 0.015393 -0.009005 0.999841 0.065807 
33 1094 0.570772 -0.821009 -0.012795 -3.598181 0.821005 0.570880 -0.006976 2.945222 0.013032 -0.006523 0.999894 -0.061308 
33 1063 0.421592 -0.906780 -0.003360 4.207734 0.906785 0.421582 0.003337 3.542677 -0.001609 -0.004453 0.999989 0.093738 
16 1069 0.968327 -0.249664 0.003311 -1.045538 0.249639 0.968317 0.006540 0.264071 -0.004839 -0.005507 0.999974 -0.008826 
45 1083 0.177456 -0.983728 -0.028084 -0.763573 0.983931 0.177920 -0.014996 8.109015 0.019749 -0.024971 0.999493 0.061022 
2 1064 0.999970 -0.007464 0.002268 -1.299021 0.007470 0.999969 -0.002509 -0.243777 -0.002249 0.002525 0.999995 -0.032331 
4 1034 0.996046 0.088816 0.002300 7.618850 -0.088765 0.995910 -0.016902 -0.678874 -0.003792 0.016631 0.999855 0.051628 
15 1084 0.998785 -0.036254 -0.033392 -6.369079 0.036062 0.999329 -0.006331 0.475137 0.033599 0.005119 0.999422 -0.260898 
28 1051 0.701929 -0.712204 -0.007880 7.837821 0.712233 0.701942 0.001428 1.834802 0.004514 -0.006614 0.999968 0.098729 
8 1050 0.999682 -0.025129 0.001782 4.351984 0.025149 0.999607 -0.012416 -0.297861 -0.001470 0.012457 0.999921 0.008456 
1 1021 0.998568 0.053322 0.004403 10.423010 -0.053267 0.998511 -0.011711 -0.065993 -0.005021 0.011459 0.999922 0.106953 
18 1093 0.981632 -0.188910 -0.026716 -6.652557 0.188948 0.981986 -0.001078 0.336911 0.026438 -0.003990 0.999643 -0.208092 
35 1068 0.331198 -0.943506 0.010217 2.528645 0.943339 0.331336 0.018120 4.191822 -0.020482 0.003637 0.999783 -0.026970 
30 1079 0.761544 -0.647784 -0.020645 -1.446395 0.647635 0.761820 -0.014119 2.303901 0.024873 -0.002618 0.999688 -0.032968 
45 1099 0.119718 -0.992642 -0.018134 -2.407950 0.992705 0.119948 -0.012179 8.050100 0.014264 -0.016543 0.999761 0.011943 
19 1067 0.923555 -0.383408 -0.006703 0.269849 0.383446 0.923179 0.026635 0.598608 -0.004024 -0.027169 0.999622 -0.020337 
20 1083 0.978333 -0.204329 -0.033410 -5.011780 0.204443 0.978879 0.000007 0.798347 0.032702 -0.006837 0.999442 -0.195241 
29 1077 0.785133 -0.619134 -0.015488 -1.020070 0.619159 0.785257 -0.003693 2.083460 0.014448 -0.006690 0.999873 -0.037314 
38 1097 0.327222 -0.944929 -0.005894 -2.921961 0.944944 0.327232 -0.000947 4.758915 0.002823 -0.005259 0.999982 -0.012866 
39 1074 0.269481 -0.963006 0.000087 1.338425 0.962986 0.269477 0.006250 5.427696 -0.006042 -0.001600 0.999980 0.020243 
27 1072 0.778627 -0.627485 -0.001796 0.106942 0.627454 0.778552 0.012589 1.718827 -0.006501 -0.010929 0.999919 -0.020297 
15 1080 0.999588 -0.004526 -0.028382 -5.079463 0.004084 0.999869 -0.015605 0.623982 0.028449 0.015483 0.999476 -0.191105 
4 1060 0.999996 -0.001407 0.002637 0.497104 0.001414 0.999995 -0.002713 -0.223085 -0.002633 0.002717 0.999993 -0.020767 
44 1089 0.138535 -0.989980 -0.027342 -2.369452 0.990273 0.138830 -0.009226 7.523818 0.012930 -0.025798 0.999584 -0.021532 
7 1065 0.997767 -0.066788 0.000021 -1.134074 0.066786 0.997740 0.007433 -0.170859 -0.000517 -0.007415 0.999973 -0.035119 
639 743 0.879030 0.476605 -0.012468 -5.506735 -0.476767 0.878704 -0.023928 1.607925 -0.000448 0.026978 0.999636 -0.168139 
38 1087 0.342356 -0.939359 -0.019900 -2.549019 0.939526 0.342469 -0.002508 4.783836 0.009171 -0.017838 0.999799 -0.031208 
12 1032 0.998031 -0.062459 -0.005847 9.275564 0.062404 0.998009 -0.009171 -0.570043 0.006408 0.008788 0.999941 0.089374 
33 1072 0.511519 -0.859229 0.008510 1.128965 0.859174 0.511587 0.010003 3.281800 -0.012948 0.002195 0.999914 -0.023464 
12 1058 0.988630 -0.150062 -0.009624 2.413439 0.150092 0.988669 0.002488 -0.018822 0.009142 -0.003904 0.999951 0.017186 
3 1066 0.999864 -0.014854 0.007055 -1.994091 0.014782 0.999840 0.010094 -0.217970 -0.007204 -0.009989 0.999925 -0.050600 
0 1071 0.995737 0.090401 0.018332 -4.131373 -0.090332 0.995901 -0.004592 -0.047621 -0.018672 0.002917 0.999822 -0.040244 
6 1038 0.998417 0.056238 -0.001490 6.943796 -0.056255 0.998291 -0.015800 -0.613045 0.000599 0.015858 0.999875 0.047149 
645 747 0.791277 0.611359 -0.010936 -5.093210 -0.611449 0.791052 -0.019155 1.620010 -0.003060 0.021844 0.999757 -0.105189 
1 1080 0.966751 0.255123 -0.017456 -7.161201 -0.255561 0.966303 -0.030774 0.709872 0.009017 0.034212 0.999374 -0.280465 
22 1039 0.910969 -0.412286 -0.012519 9.717697 0.412272 0.911053 -0.003775 0.279277 0.012962 -0.001722 0.999914 0.110159 
641 750 0.678438 0.734626 -0.006782 -6.476906 -0.734583 0.678209 -0.020504 3.015076 -0.010463 0.018893 0.999767 -0.089456 
7 1032 0.998851 0.047928 -0.000570 8.444296 -0.047930 0.998744 -0.014647 -0.662915 -0.000132 0.014658 0.999892 0.070186 
34 1075 0.529691 -0.848185 -0.003157 0.451416 0.848187 0.529696 -0.000896 3.465923 0.002432 -0.002204 0.999994 0.009168 
628 733 0.978536 0.205811 0.010443 -9.294235 -0.205657 0.978522 -0.014122 1.847229 -0.013125 0.011672 0.999846 -0.106801 
18 1070 0.953655 -0.300863 0.004830 -1.034178 0.300800 0.953626 0.010824 0.438735 -0.007863 -0.008869 0.999930 -0.000997 
35 1061 0.324253 -0.945970 0.001072 5.243476 0.945919 0.324248 0.009965 4.192516 -0.009774 -0.002218 0.999950 0.077477 
38 1070 0.214712 -0.976498 0.018647 2.169001 0.976539 0.214964 0.012785 5.247026 -0.016493 0.015464 0.999744 0.004663 
6 1056 0.999852 -0.016232 -0.005791 2.148576 0.016194 0.999847 -0.006594 -0.223126 0.005897 0.006499 0.999962 0.005672 
5 1045 0.999086 0.042572 0.003861 5.285027 -0.042510 0.998983 -0.015008 -0.439291 -0.004496 0.014830 0.999879 0.012310 
2 1060 0.999885 0.014414 0.004832 0.299284 -0.014393 0.999888 -0.004154 -0.231978 -0.004892 0.004084 0.999980 -0.023541 
2 1042 0.996342 0.085391 0.003231 5.642541 -0.085324 0.996207 -0.017077 -0.536329 -0.004677 0.016739 0.999849 0.031080 
24 1067 0.818030 -0.575142 -0.006171 1.235046 0.575107 0.817721 0.024166 1.304202 -0.008853 -0.023317 0.999689 -0.017985 
645 753 0.561740 0.827243 -0.010805 -6.783066 -0.827312 0.561661 -0.009585 3.290344 -0.001861 0.014323 0.999895 -0.100049 
11 1043 0.998207 -0.059738 -0.003803 6.628928 0.059679 0.998117 -0.014122 -0.431599 0.004639 0.013870 0.999893 0.052198 
17 1066 0.945065 -0.326818 -0.006412 0.260047 0.326874 0.944742 0.024814 0.404719 -0.002052 -0.025546 0.999672 -0.014943 
4 1022 0.999401 0.034564 0.001721 10.455237 -0.034548 0.999366 -0.008510 -0.101455 -0.002014 0.008446 0.999963 0.113751 
17 1043 0.970403 -0.241313 -0.009277 7.804085 0.241321 0.970445 -0.000216 -0.099213 0.009055 -0.002029 0.999957 0.086558 
38 1074 0.310788 -0.950473 0.003281 1.244068 0.950454 0.310803 0.006137 5.020568 -0.006853 0.001211 0.999976 0.023896 
30 1061 0.588368 -0.808583 -0.004100 4.665842 0.808593 0.588359 0.003225 2.579226 -0.000195 -0.005212 0.999987 0.070023 
9 1060 0.996771 -0.080309 -0.000195 1.166793 0.080307 0.996757 -0.005004 -0.143096 0.000596 0.004972 0.999987 -0.010732 
633 735 0.963484 0.267660 0.007562 -6.641758 -0.267465 0.963356 -0.020213 1.416809 -0.012695 0.017452 0.999767 -0.086108 
5 1045 0.999086 0.042572 0.003861 5.285027 -0.042510 0.998983 -0.015008 -0.439291 -0.004496 0.014830 0.999879 0.012310 
16 1066 0.956142 -0.292821 -0.006906 0.063950 0.292902 0.955877 0.022531 0.310781 0.000004 -0.023566 0.999723 -0.019573 
9 1066 0.994741 -0.102386 0.002755 -1.219978 0.102360 0.994713 0.008252 -0.114074 -0.003585 -0.007927 0.999962 -0.040992 
28 1063 0.669072 -0.743121 -0.010667 3.515751 0.743172 0.669101 0.001095 2.109726 0.006323 -0.008660 0.999943 0.080896 
9 1048 0.999286 -0.037671 0.002794 5.083519 0.037711 0.999153 -0.016449 -0.324105 -0.002172 0.016542 0.999860 0.009340 
1 1056 0.999515 0.031168 -0.000315 1.629485 -0.031169 0.999481 -0.008141 -0.255820 0.000061 0.008147 0.999967 -0.006395 
31 1079 0.721059 -0.692602 -0.019399 -1.246131 0.692475 0.721310 -0.013749 2.541670 0.023515 -0.003520 0.999718 -0.021577 
8 1076 0.991270 0.131581 -0.008333 -5.010529 -0.131703 0.991155 -0.016291 0.402313 0.006116 0.017246 0.999832 -0.150006 
41 1080 0.292606 -0.955997 -0.021255 0.008296 0.956040 0.292921 -0.013588 6.122671 0.019216 -0.016344 0.999682 0.089756 
7 1071 0.999664 0.021826 0.013958 -3.397323 -0.021785 0.999758 -0.003054 -0.039789 -0.014021 0.002749 0.999898 -0.025339 
22 1059 0.875379 -0.483236 -0.013930 4.013722 0.483374 0.875367 0.009111 0.916429 0.007791 -0.014709 0.999862 0.042397 
30 1035 0.659326 -0.751848 -0.003491 12.194590 0.751820 0.659334 -0.006807 1.711174 0.007420 0.001864 0.999972 0.165960 
641 747 0.785441 0.618847 -0.010499 -5.794647 -0.618878 0.785027 -0.026869 2.142502 -0.008385 0.027602 0.999584 -0.125064 
22 1067 0.869615 -0.493683 -0.006770 0.861359 0.493720 0.869431 0.018192 0.970625 -0.003095 -0.019163 0.999811 -0.022490 
12 1071 0.996033 -0.088574 0.008540 -2.568599 0.088558 0.996068 0.002282 0.075009 -0.008709 -0.001517 0.999961 -0.019204 
25 1080 0.913836 -0.404928 -0.030639 -2.886542 0.404944 0.914322 -0.005987 1.394777 0.030438 -0.006936 0.999513 -0.092623 
16 1078 0.998620 -0.047815 -0.021707 -4.184014 0.047727 0.998851 -0.004542 0.643520 0.021899 0.003500 0.999755 -0.144787 
19 1027 0.950926 -0.309186 -0.012032 11.854997 0.309289 0.950934 0.007958 0.139918 0.008981 -0.011289 0.999896 0.149710 
9 1051 0.998742 -0.050143 -0.000311 4.200100 0.050135 0.998670 -0.011982 -0.259509 0.000911 0.011951 0.999927 0.014842 
5 1033 0.996968 0.077806 0.000832 7.947864 -0.077782 0.996834 -0.016441 -0.675254 -0.002108 0.016326 0.999864 0.060832 
4 1065 0.999647 -0.026458 0.002549 -1.500277 0.026439 0.999623 0.007488 -0.219081 -0.002746 -0.007418 0.999969 -0.039315 
28 1062 0.675193 -0.737576 -0.009744 3.933174 0.737605 0.675231 -0.000892 2.074560 0.007237 -0.006585 0.999953 0.083546 
23 1072 0.893734 -0.448594 -0.001455 -0.701109 0.448586 0.893688 0.009627 1.010616 -0.003018 -0.009256 0.999953 -0.028094 
646 753 0.563427 0.826074 -0.012391 -6.690216 -0.826166 0.563366 -0.008265 3.151505 0.000153 0.014893 0.999889 -0.096084 
21 1068 0.897545 -0.440900 -0.004521 0.298856 0.440910 0.897392 0.016917 0.797716 -0.003402 -0.017177 0.999847 -0.028878 
4 1093 0.987915 0.154120 -0.016476 -9.073323 -0.154429 0.987811 -0.019496 0.047513 0.013271 0.021805 0.999674 -0.307915 
643 744 0.863416 0.504376 -0.010857 -4.782134 -0.504493 0.863230 -0.017909 1.281693 0.000339 0.020941 0.999781 -0.143073 
27 1054 0.733260 -0.679796 -0.014470 6.678233 0.679923 0.733253 0.006787 1.711028 0.005996 -0.014815 0.999873 0.105876 
25 1097 0.879068 -0.476168 -0.022418 -5.162385 0.476332 0.879263 0.002254 1.127061 0.018638 -0.012660 0.999746 -0.115470 
32 1038 0.558594 -0.829439 -0.002136 11.799792 0.829426 0.558597 -0.004626 2.341258 0.005030 0.000813 0.999987 0.170947 
36 1047 0.317795 -0.948111 0.009555 10.139030 0.948141 0.317837 0.003054 4.131767 -0.005933 0.008089 0.999950 0.117007 
1 1052 0.998884 0.047085 0.003715 2.934314 -0.047047 0.998846 -0.009696 -0.307775 -0.004167 0.009511 0.999946 -0.001055 
15 1055 0.973508 -0.228261 -0.013457 3.993283 0.228323 0.973580 0.003218 0.113078 0.012367 -0.006205 0.999904 0.054148 
25 1051 0.811388 -0.584367 -0.012890 7.284048 0.584493 0.811332 0.010387 1.228057 0.004388 -0.015962 0.999863 0.084928 
19 1042 0.951750 -0.306630 -0.012260 8.441914 0.306705 0.951793 0.004795 0.050123 0.010199 -0.008324 0.999913 0.093514 
41 1076 0.249193 -0.968419 -0.008166 1.109471 0.968451 0.249205 -0.000451 6.222341 0.002472 -0.007796 0.999966 0.033820 
6 1053 0.999985 -0.004608 -0.002958 3.126032 0.004585 0.999960 -0.007724 -0.267138 0.002993 0.007710 0.999966 0.005596 
36 1075 0.428957 -0.903319 0.003187 0.769538 0.903319 0.428965 0.001878 4.180902 -0.003064 0.002073 0.999993 0.022530 
