228 1653 -0.998523 -0.042987 -0.033212 1.678772 0.043220 -0.999046 -0.006307 0.470235 -0.032909 -0.007733 0.999429 0.001070 
729 1495 -0.982523 -0.186015 -0.006777 -5.746834 0.185597 -0.981793 0.040464 1.204956 -0.014181 0.038499 0.999158 -0.132219 
25 1829 0.323133 -0.946087 0.022447 5.845060 0.945961 0.323591 0.021125 -9.594363 -0.027250 0.014408 0.999525 0.158727 
55 1846 0.656125 -0.754442 0.017783 -4.237369 0.754613 0.655667 -0.025716 -6.551520 0.007742 0.030293 0.999511 -0.043703 
2518 3865 0.183142 0.983052 -0.008213 1.617035 -0.982324 0.182665 -0.040895 -0.297546 -0.038701 0.015557 0.999130 0.002004 
26 1827 0.255172 -0.966693 0.019809 7.122969 0.966260 0.255694 0.031034 -8.907701 -0.035066 0.011222 0.999322 0.245264 
741 1485 -0.999485 0.001477 -0.032052 -11.807686 -0.002081 -0.999821 0.018836 1.461838 -0.032018 0.018893 0.999309 -0.260687 
804 1413 -0.570913 0.820899 -0.013555 0.375381 -0.820985 -0.570948 0.001482 -4.775604 -0.006522 0.011975 0.999907 -0.066211 
794 1428 -0.874070 0.485380 -0.020224 -4.826538 -0.484405 -0.873956 -0.039399 -1.198135 -0.036799 -0.024641 0.999020 -0.050865 
242 1642 -0.997271 0.066987 -0.031021 -5.134415 -0.067171 -0.997730 0.004914 0.208007 -0.030621 0.006984 0.999507 -0.077436 
712 1520 -0.580350 -0.814326 -0.008171 -10.687645 0.814280 -0.580110 -0.020522 -3.189163 0.011971 -0.018563 0.999756 -0.232673 
204 1683 -0.996380 -0.080616 -0.026959 5.192108 0.081697 -0.995782 -0.041749 -1.697123 -0.023479 -0.043800 0.998764 0.012183 
2480 3864 -0.455298 0.890241 0.013204 6.484955 -0.890323 -0.455327 -0.000883 7.246124 0.005226 -0.012158 0.999912 0.035730 
2507 3868 -0.326163 0.944595 -0.036868 -1.836700 -0.944942 -0.326881 -0.015311 1.846069 -0.026514 0.029844 0.999203 -0.048174 
732 1467 -0.994356 -0.102487 -0.027411 7.628677 0.101185 -0.993836 0.045274 1.425949 -0.031882 0.042245 0.998599 0.125085 
765 1449 -0.998473 0.039275 -0.038862 -5.713432 -0.040268 -0.998874 0.025106 1.637131 -0.037832 0.026633 0.998929 -0.119462 
84 1841 -0.719706 -0.694278 -0.000885 -5.879746 0.694062 -0.719513 0.024052 6.045816 -0.017336 0.016696 0.999711 -0.075860 
243 1627 -0.903908 0.427540 -0.012654 3.475372 -0.426963 -0.903665 -0.033042 -0.110168 -0.025562 -0.024464 0.999373 0.004128 
60 1820 -0.497747 -0.867312 -0.004141 9.611346 0.865909 -0.497202 0.054697 -0.762693 -0.049498 0.023640 0.998494 0.204155 
38 1830 0.357672 -0.933727 0.014983 5.904500 0.933835 0.357704 -0.000554 -8.122732 -0.004842 0.014190 0.999888 0.125009 
702 1506 -0.152688 -0.988244 0.007686 -0.642387 0.987931 -0.152425 0.027594 -6.239578 -0.026098 0.011806 0.999589 -0.001248 
748 1471 -0.998154 -0.051052 -0.032895 -10.321396 0.049646 -0.997874 0.042215 1.785110 -0.034981 0.040504 0.998567 -0.262352 
230 1658 -0.997798 -0.054538 -0.037736 -3.761108 0.054766 -0.998486 -0.005022 0.566370 -0.037405 -0.007077 0.999275 -0.052840 
53 1853 0.871337 -0.490675 -0.003232 -10.660692 0.490622 0.871312 -0.010223 -5.160808 0.007833 0.007322 0.999942 0.000284 
252 1628 -0.919180 0.393786 -0.006304 -4.761856 -0.393507 -0.918948 -0.026183 -3.491524 -0.016104 -0.021587 0.999637 -0.046167 
67 1843 -0.003441 -0.999944 0.009968 -1.150303 0.999897 -0.003300 0.013969 -2.321585 -0.013936 0.010015 0.999852 -0.013569 
731 1501 -0.985331 -0.169974 -0.015259 -9.749779 0.168972 -0.984227 0.052402 1.745590 -0.023925 0.049055 0.998510 -0.216661 
727 1486 -0.973810 -0.226946 -0.013747 -0.697685 0.226365 -0.973421 0.034804 0.902313 -0.021280 0.030781 0.999300 -0.041955 
739 1476 -0.999292 -0.007918 -0.036782 -5.337425 0.006761 -0.999482 0.031485 1.545853 -0.037012 0.031214 0.998828 -0.153068 
799 1408 -0.746402 0.665461 -0.006785 4.655197 -0.665186 -0.746327 -0.022896 -2.446823 -0.020301 -0.012576 0.999715 -0.068682 
55 1824 -0.194656 -0.980791 0.012541 8.931641 0.980298 -0.194088 0.036708 -3.157814 -0.033569 0.019439 0.999247 0.240771 
2515 3867 0.048040 0.998634 -0.020526 -0.706146 -0.998370 0.047374 -0.031819 0.294952 -0.030804 0.022021 0.999284 -0.020243 
810 1415 -0.321991 0.946730 -0.004832 -2.257370 -0.946661 -0.322026 -0.011483 -8.403595 -0.012427 0.000877 0.999922 -0.099875 
789 1415 -0.968639 0.247386 -0.023193 5.562256 -0.247533 -0.968872 0.003627 0.052979 -0.021574 0.009254 0.999724 0.019016 
169 1734 -0.999482 0.009007 -0.030887 -10.442863 -0.008361 -0.999745 -0.020979 -0.015497 -0.031068 -0.020710 0.999302 -0.168122 
38 1846 0.874980 -0.483920 0.015180 -6.623970 0.484144 0.874267 -0.035541 -8.693432 0.003928 0.038447 0.999253 -0.113810 
193 1706 -0.999633 0.007629 -0.025971 -5.556564 -0.006931 -0.999615 -0.026844 -0.903303 -0.026165 -0.026655 0.999302 -0.085988 
50 1826 0.059754 -0.998103 0.014813 8.296422 0.998146 0.059915 0.010706 -5.123747 -0.011573 0.014146 0.999833 0.247316 
706 1477 -0.392167 -0.919674 -0.020106 12.199944 0.919649 -0.392474 0.014530 -4.606049 -0.021254 -0.012793 0.999692 0.233495 
729 1484 -0.986517 -0.162830 -0.016477 -1.237991 0.162409 -0.986424 0.024289 1.130707 -0.020209 0.021285 0.999569 -0.056368 
706 1505 -0.326247 -0.945270 -0.005308 -0.612610 0.945045 -0.326287 0.020670 -4.813644 -0.021271 0.001728 0.999772 -0.010911 
80 1843 -0.611817 -0.790973 0.006378 -4.239276 0.790957 -0.611680 0.015329 4.303999 -0.008224 0.014424 0.999862 -0.069945 
815 1411 -0.166268 0.986077 -0.002716 -0.764969 -0.985932 -0.166290 -0.016928 -11.976898 -0.017144 -0.000137 0.999852 -0.095070 
808 1428 -0.366126 0.930534 -0.007680 -9.690521 -0.929920 -0.366167 -0.034210 -7.512207 -0.034646 -0.005383 0.999385 -0.279366 
766 1445 -0.997829 0.059493 -0.028220 -2.627113 -0.060190 -0.997885 0.024544 1.493790 -0.026700 0.026189 0.999300 -0.033704 
790 1430 -0.934354 0.355796 -0.019781 -4.536026 -0.355216 -0.934373 -0.027744 -0.373001 -0.028354 -0.018896 0.999419 -0.025963 
99 1786 -0.999093 0.014723 -0.039957 6.672703 -0.016139 -0.999245 0.035351 2.219498 -0.039406 0.035964 0.998576 0.074581 
770 1434 -0.999042 0.036704 -0.023796 3.974869 -0.036940 -0.999272 0.009535 1.265762 -0.023429 0.010405 0.999671 0.000708 
59 1817 -0.469575 -0.882891 -0.001654 10.837809 0.881191 -0.468785 0.061172 -0.842207 -0.054784 0.027267 0.998126 0.244975 
2487 3862 -0.624101 0.781281 -0.009856 7.485229 -0.781266 -0.624168 -0.006248 5.808807 -0.011034 0.003801 0.999932 0.003717 
714 1487 -0.700479 -0.713667 -0.003029 5.455948 0.713673 -0.700476 -0.002106 -2.083160 -0.000619 -0.003637 0.999993 0.016394 
249 1633 -0.962133 0.271967 -0.018268 -5.631638 -0.271942 -0.962305 -0.003845 -1.959373 -0.018625 0.001268 0.999826 -0.062150 
206 1685 -0.996812 -0.072134 -0.034087 0.727020 0.073505 -0.996459 -0.040829 -1.481987 -0.031021 -0.043204 0.998585 -0.040360 
71 1836 -0.543211 -0.839588 0.003745 1.408418 0.839188 -0.542801 0.033635 -0.165606 -0.026207 0.021413 0.999427 -0.006177 
2502 3865 -0.547188 0.836128 -0.038401 1.664337 -0.836664 -0.547704 -0.003601 2.833405 -0.024043 0.030158 0.999256 0.008725 
73 1838 -0.560511 -0.828079 0.010582 0.074898 0.827922 -0.560016 0.030443 0.571144 -0.019283 0.025825 0.999481 -0.027824 
73 1827 -0.865362 -0.501031 -0.010856 3.030875 0.499861 -0.864488 0.052924 1.604843 -0.035901 0.040372 0.998540 0.006620 
2486 3865 -0.602078 0.798289 -0.015351 4.414917 -0.798235 -0.602247 -0.010912 5.965729 -0.017956 0.005684 0.999822 0.034570 
180 1716 -0.999252 0.030785 -0.023423 -1.154327 -0.030373 -0.999381 -0.017788 -0.502575 -0.023956 -0.017063 0.999567 -0.033312 
743 1474 -0.999366 -0.025112 -0.025219 -7.713417 0.024331 -0.999228 0.030834 1.652695 -0.025974 0.030200 0.999206 -0.215751 
222 1668 -0.997175 -0.070925 -0.024762 -2.515091 0.071293 -0.997353 -0.014308 0.130259 -0.023682 -0.016033 0.999591 -0.037282 
75 1817 -0.980078 -0.197061 -0.024763 4.569812 0.194917 -0.978281 0.070523 2.832964 -0.038122 0.064291 0.997203 -0.046982 
2473 3873 -0.247139 0.968922 0.010549 -2.710388 -0.968537 -0.246681 -0.032918 8.957092 -0.029293 -0.018353 0.999403 0.102416 
706 1497 -0.371550 -0.928311 -0.013741 3.174629 0.928040 -0.371780 0.022835 -4.692505 -0.026307 -0.004268 0.999645 0.049175 
707 1480 -0.437768 -0.898663 -0.027644 10.358711 0.898854 -0.438148 0.009325 -4.183777 -0.020492 -0.020765 0.999574 0.229341 
86 1801 -0.997488 0.056767 -0.042388 5.662096 -0.059889 -0.995274 0.076442 2.646801 -0.037849 0.078788 0.996173 0.041936 
737 1481 -0.999365 -0.013034 -0.033174 -6.343002 0.012295 -0.999673 0.022402 1.490601 -0.033455 0.021980 0.999199 -0.210036 
2535 3872 0.245391 0.969407 0.005729 -4.056412 -0.969151 0.245177 0.025197 -5.189850 0.023022 -0.011735 0.999666 -0.268167 
86 1817 -0.998464 0.048371 -0.027033 -3.191644 -0.050345 -0.995693 0.077848 2.781904 -0.023151 0.079089 0.996598 -0.200902 
262 1609 -0.476212 0.879243 0.012379 0.981583 -0.878719 -0.475309 -0.043996 -11.031464 -0.032799 -0.031829 0.998955 -0.109942 
713 1490 -0.659489 -0.751674 -0.007895 4.489464 0.751659 -0.659531 0.005290 -2.392273 -0.009183 -0.002445 0.999955 0.027308 
196 1698 -0.998241 0.051239 -0.029794 -0.569397 -0.049989 -0.997896 -0.041264 -1.372668 -0.031846 -0.039702 0.998705 -0.043088 
758 1453 -0.999748 0.000467 -0.022443 -3.177948 -0.001168 -0.999511 0.031231 1.800232 -0.022417 0.031250 0.999260 -0.097528 
2499 3867 -0.628569 0.776948 -0.035376 -0.164276 -0.777162 -0.629214 -0.010384 3.363159 -0.030327 0.020966 0.999321 -0.007808 
81 1810 -0.998488 0.047017 -0.028450 3.855433 -0.048857 -0.996496 0.067892 2.975653 -0.025159 0.069179 0.997286 -0.075035 
224 1659 -0.998148 -0.052033 -0.031543 2.129318 0.052215 -0.998623 -0.004972 0.285156 -0.031240 -0.006609 0.999490 0.005512 
718 1492 -0.822142 -0.569203 -0.009509 1.807304 0.569130 -0.822193 0.009414 -1.018829 -0.013177 0.002328 0.999910 -0.006850 
754 1446 -0.999571 0.012544 -0.026464 7.665253 -0.013113 -0.999685 0.021410 1.892532 -0.026187 0.021747 0.999421 0.046627 
802 1428 -0.634110 0.773081 -0.015809 -7.994522 -0.772514 -0.634268 -0.030456 -4.160400 -0.033572 -0.007100 0.999411 -0.191971 
106 1776 -0.998004 0.055630 -0.029901 10.174805 -0.056336 -0.998140 0.023304 1.965508 -0.028549 0.024942 0.999281 0.154087 
247 1634 -0.968549 0.247463 -0.025974 -4.574829 -0.247531 -0.968879 -0.000651 -1.361469 -0.025327 0.005799 0.999662 -0.073657 
2490 3858 -0.678297 0.733786 -0.038350 11.192139 -0.734040 -0.679037 -0.009659 5.275604 -0.033129 0.021599 0.999217 0.292566 
736 1467 -0.998994 -0.038728 -0.022598 4.301994 0.037711 -0.998327 0.043831 1.580429 -0.024258 0.042934 0.998783 0.051047 
45 1832 0.380375 -0.924692 0.016172 5.040148 0.924796 0.380147 -0.015508 -7.760077 0.008192 0.020854 0.999748 0.059727 
70 1844 -0.133390 -0.990954 0.014759 -1.903960 0.991015 -0.133222 0.011858 -0.873045 -0.009784 0.016209 0.999820 -0.030424 
63 1840 0.069552 -0.997525 0.010296 0.742427 0.997461 0.069698 0.014619 -4.020551 -0.015301 0.009253 0.999840 0.023233 
126 1761 -0.998834 0.033647 -0.034621 6.007881 -0.033131 -0.999333 -0.015372 0.375597 -0.035115 -0.014207 0.999283 0.118220 
73 1821 -0.941508 -0.336726 -0.013386 4.457106 0.335369 -0.940129 0.060703 2.413691 -0.033024 0.052663 0.998067 0.002482 
179 1720 -0.999520 0.028199 -0.012839 -4.772957 -0.028068 -0.999553 -0.010211 -0.447090 -0.013121 -0.009846 0.999866 -0.046634 
167 1720 -0.999639 0.003045 -0.026676 9.631111 -0.002692 -0.999908 -0.013262 -0.108372 -0.026714 -0.013185 0.999556 0.075514 
724 1477 -0.939292 -0.341805 -0.030015 5.625374 0.340987 -0.939613 0.029275 0.373199 -0.038209 0.017263 0.999121 0.103350 
776 1429 -0.999415 -0.018034 -0.029075 3.672852 0.017898 -0.999828 0.004909 0.837341 -0.029159 0.004386 0.999565 0.005392 
251 1614 -0.622586 0.782235 0.022231 4.129288 -0.782368 -0.621574 -0.039302 -2.533173 -0.016925 -0.041862 0.998981 -0.039288 
793 1419 -0.913467 0.405814 -0.029900 1.495651 -0.405297 -0.913921 -0.021978 -0.798798 -0.036245 -0.007958 0.999311 -0.004760 
164 1735 -0.999634 0.007226 -0.026072 -5.966049 -0.006818 -0.999853 -0.015722 0.060150 -0.026182 -0.015538 0.999537 -0.087739 
768 1437 -0.998343 0.051712 -0.025271 3.013428 -0.051997 -0.998589 0.010758 1.425690 -0.024679 0.012054 0.999623 -0.000499 
802 1395 -0.615846 0.787669 -0.017607 9.524780 -0.787584 -0.616070 -0.013008 -3.612701 -0.021093 0.005856 0.999760 0.115815 
743 1456 -0.999394 0.024989 -0.024196 8.358932 -0.026088 -0.998592 0.046198 1.882050 -0.023008 0.046801 0.998639 0.054197 
699 1502 -0.052204 -0.998445 0.019504 1.648163 0.998373 -0.051733 0.023965 -7.405258 -0.022919 0.020723 0.999522 0.054252 
785 1410 -0.991663 0.127969 -0.015087 10.050583 -0.128223 -0.991596 0.017261 0.779434 -0.012751 0.019051 0.999737 -0.002213 
779 1428 -0.999569 0.000377 -0.029358 2.595551 -0.000520 -0.999988 0.004850 0.787643 -0.029356 0.004863 0.999557 0.004547 
66 1838 -0.197490 -0.980301 0.002437 1.643132 0.979973 -0.197359 0.026482 -2.535473 -0.025479 0.007618 0.999647 0.023601 
95 1809 -0.998769 0.043935 -0.023036 -7.544655 -0.045239 -0.997201 0.059526 2.370049 -0.020356 0.060495 0.997961 -0.208359 
2471 3875 -0.185750 0.982449 0.017047 -4.858612 -0.981812 -0.184881 -0.043193 9.489075 -0.039283 -0.024760 0.998922 0.146171 
2531 3862 0.308851 0.950701 0.027881 6.134796 -0.950991 0.308216 0.024902 -3.582184 0.015080 -0.034206 0.999300 -0.040304 
86 1797 -0.998398 0.045340 -0.033850 8.792577 -0.047753 -0.996093 0.074287 2.568834 -0.030349 0.075784 0.996662 0.051658 
713 1510 -0.590544 -0.807005 0.001419 -4.725822 0.806900 -0.590437 0.017234 -2.485001 -0.013070 0.011323 0.999850 -0.039433 
2527 3877 0.420851 0.907105 -0.006574 -10.233170 -0.904970 0.419339 -0.071998 -2.968109 -0.062553 0.036249 0.997384 -0.358664 
33 1833 0.472672 -0.880998 0.020546 3.669956 0.881192 0.472758 -0.000826 -9.363409 -0.008986 0.018495 0.999789 0.034055 
137 1764 -0.999756 -0.006136 -0.021240 -10.383045 0.006419 -0.999890 -0.013288 0.134914 -0.021156 -0.013421 0.999686 -0.095513 
59 1834 -0.011557 -0.999859 0.012184 4.280310 0.999757 -0.011326 0.018921 -4.598711 -0.018780 0.012400 0.999747 0.087244 
84 1798 -0.998053 0.047097 -0.040881 9.548676 -0.049418 -0.997106 0.057775 2.587389 -0.038042 0.059682 0.997493 0.098336 
729 1490 -0.984625 -0.174549 -0.006878 -3.748924 0.174269 -0.984237 0.030132 1.154373 -0.012029 0.028470 0.999523 -0.083217 
772 1442 -0.998176 0.051060 -0.032218 -4.646049 -0.051677 -0.998491 0.018627 1.271606 -0.031218 0.020258 0.999308 -0.069361 
77 1839 -0.686913 -0.726700 0.007543 -1.845731 0.726428 -0.686280 0.036347 2.385086 -0.021237 0.030447 0.999311 -0.047077 
49 1845 0.779667 -0.626162 0.006365 -4.483904 0.625826 0.778822 -0.042161 -7.902020 0.021443 0.036855 0.999090 -0.105068 
716 1478 -0.769153 -0.638724 -0.020865 8.946358 0.638852 -0.769329 0.000651 -1.486206 -0.016468 -0.012829 0.999781 0.179324 
797 1399 -0.786877 0.616931 -0.014870 9.525726 -0.616295 -0.786848 -0.032425 -1.490799 -0.031704 -0.016350 0.999363 0.076215 
120 1781 -0.997819 0.057851 -0.031787 -10.712509 -0.057734 -0.998322 -0.004608 0.788307 -0.032000 -0.002763 0.999484 -0.201727 
721 1508 -0.855280 -0.518031 -0.011830 -6.733994 0.517535 -0.855142 0.029812 -0.102081 -0.025559 0.019375 0.999486 -0.080286 
709 1505 -0.445207 -0.895363 -0.010809 -1.131783 0.895151 -0.445337 0.019501 -3.799347 -0.022274 -0.000994 0.999751 -0.017625 
71 1838 -0.461061 -0.887334 0.007830 0.672468 0.887075 -0.460663 0.029797 -0.315611 -0.022833 0.020683 0.999525 -0.019205 
2534 3877 0.310150 0.950672 0.005424 -9.327621 -0.950657 0.310089 0.009818 -5.138153 0.007652 -0.008201 0.999937 -0.455624 
742 1476 -0.999567 -0.009270 -0.027920 -8.088974 0.008560 -0.999639 0.025455 1.529175 -0.028146 0.025205 0.999286 -0.218045 
19 1834 0.484502 -0.874575 0.019414 1.704419 0.874632 0.484718 0.008269 -11.835085 -0.016642 0.012974 0.999778 -0.016981 
65 1838 -0.142292 -0.989822 0.002275 1.745845 0.989484 -0.142183 0.026524 -2.980989 -0.025931 0.006025 0.999646 0.028667 
708 1488 -0.475436 -0.879665 -0.012183 6.587059 0.879737 -0.475461 -0.000969 -3.905823 -0.004940 -0.011179 0.999926 -0.025525 
690 1504 0.152849 -0.987962 0.023852 0.433968 0.988013 0.153295 0.018149 -11.380737 -0.021587 0.020792 0.999551 -0.005618 
790 1421 -0.957801 0.286393 -0.024435 1.657196 -0.286179 -0.958103 -0.011916 -0.188507 -0.026824 -0.004421 0.999630 -0.003754 
106 1777 -0.998086 0.054218 -0.029762 8.998074 -0.054943 -0.998199 0.024097 1.955046 -0.028402 0.025686 0.999266 0.133242 
184 1709 -0.999145 0.027087 -0.031242 2.100639 -0.026247 -0.999292 -0.026972 -0.665979 -0.031950 -0.026129 0.999148 0.004583 
766 1429 -0.998558 -0.046045 -0.027614 11.383514 0.045754 -0.998891 0.011051 0.641678 -0.028092 0.009772 0.999557 0.028607 
748 1446 -0.999262 0.026092 -0.028214 13.466553 -0.026724 -0.999395 0.022255 2.026260 -0.027616 0.022992 0.999354 0.137326 
785 1438 -0.972092 0.233510 -0.022557 -8.740677 -0.233568 -0.972340 -0.000052 0.243500 -0.021945 0.005218 0.999746 -0.066339 
58 1846 0.545146 -0.838006 0.023685 -3.713324 0.838335 0.545037 -0.011409 -5.699436 -0.003348 0.026076 0.999655 -0.017985 
718 1496 -0.815017 -0.579295 -0.012763 0.189377 0.579093 -0.815095 0.016477 -1.034592 -0.019948 0.006038 0.999783 -0.017928 
175 1721 -0.999520 0.020616 -0.023139 -1.153999 -0.020417 -0.999753 -0.008813 -0.302200 -0.023315 -0.008336 0.999694 -0.025306 
2505 3869 -0.409562 0.910775 -0.052428 -2.863251 -0.911572 -0.410835 -0.015883 2.216309 -0.036005 0.041287 0.998498 -0.073804 
71 1810 -0.918913 -0.393930 -0.020458 9.956899 0.391468 -0.917089 0.075502 2.446730 -0.048504 0.061371 0.996935 0.097022 
73 1830 -0.809170 -0.587533 -0.007066 2.337654 0.586809 -0.808671 0.041309 1.249283 -0.029984 0.029280 0.999122 0.006779 
74 1827 -0.891866 -0.452046 -0.015144 2.492507 0.450746 -0.891077 0.053021 1.839758 -0.037463 0.040462 0.998479 -0.026366 
139 1748 -0.999516 -0.009340 -0.029692 6.955780 0.009718 -0.999874 -0.012589 0.190554 -0.029571 -0.012872 0.999480 0.087251 
2505 3862 -0.426173 0.904342 -0.023257 4.720428 -0.904550 -0.426356 -0.003328 2.296204 -0.012926 0.019619 0.999724 0.016360 
88 1809 -0.998351 0.050547 -0.027181 -1.097395 -0.052770 -0.994680 0.088472 2.634830 -0.022565 0.089761 0.995708 -0.192793 
2485 3873 -0.539025 0.841682 -0.032014 -4.249954 -0.841010 -0.539911 -0.034618 6.046783 -0.046423 0.008264 0.998887 0.061029 
693 1495 0.069115 -0.997357 0.022408 5.074326 0.997275 0.069655 0.024293 -9.790695 -0.025789 0.020668 0.999453 0.034401 
208 1689 -0.998537 -0.044859 -0.030191 -5.871643 0.046196 -0.997913 -0.045132 -1.423437 -0.028104 -0.046460 0.998525 -0.137025 
722 1483 -0.915582 -0.400838 -0.032223 3.653175 0.401069 -0.916047 -0.000777 -0.025665 -0.029206 -0.013635 0.999480 0.084737 
254 1625 -0.879418 0.476050 0.001079 -4.356766 -0.475846 -0.878971 -0.031349 -4.692963 -0.013975 -0.028082 0.999508 -0.051071 
112 1781 -0.997309 0.065229 -0.033462 -1.899723 -0.065506 -0.997827 0.007238 1.459429 -0.032917 0.009410 0.999414 -0.058247 
134 1749 -0.999612 0.001594 -0.027799 11.619820 -0.001277 -0.999934 -0.011420 0.177038 -0.027815 -0.011380 0.999549 0.135006 
247 1631 -0.948532 0.316480 -0.011305 -2.509796 -0.316276 -0.948519 -0.016763 -1.601826 -0.016028 -0.012325 0.999796 -0.019076 
92 1789 -0.999961 -0.002828 -0.008395 10.720554 0.002388 -0.998645 0.051993 2.267298 -0.008531 0.051971 0.998612 0.210812 
2470 3867 -0.223986 0.973825 0.038635 4.394653 -0.974545 -0.223409 -0.018706 9.958282 -0.009585 -0.041842 0.999078 -0.029551 
718 1500 -0.799146 -0.601012 -0.012275 -1.511337 0.600757 -0.799200 0.019252 -1.032928 -0.021381 0.008010 0.999740 -0.050660 
198 1698 -0.998489 0.047078 -0.028332 -3.035110 -0.045774 -0.997937 -0.045009 -1.507610 -0.030393 -0.043644 0.998585 -0.080325 
95 1805 -0.998617 0.044361 -0.028229 -5.207157 -0.046015 -0.997081 0.060917 2.306023 -0.025444 0.062132 0.997743 -0.195801 
67 1829 -0.590313 -0.807074 -0.012700 4.907228 0.806167 -0.590289 0.040662 -0.590696 -0.040314 0.013765 0.999092 0.095470 
749 1452 -0.999056 0.014339 -0.041034 6.427704 -0.015894 -0.999158 0.037824 1.924622 -0.040457 0.038440 0.998442 0.071014 
114 1769 -0.996806 0.074695 -0.028236 9.675385 -0.074833 -0.997189 0.003841 1.360508 -0.027870 0.005941 0.999594 0.124585 
47 1828 0.205034 -0.978653 0.014068 7.283182 0.978755 0.205007 -0.003342 -6.407082 0.000387 0.014454 0.999896 0.192262 
132 1771 -0.999764 0.006390 -0.020795 -12.905087 -0.006160 -0.999920 -0.011090 0.191071 -0.020864 -0.010959 0.999722 -0.190320 
157 1738 -0.999338 0.003361 -0.036201 -1.623650 -0.003202 -0.999985 -0.004431 0.127172 -0.036216 -0.004312 0.999334 -0.038074 
238 1634 -0.967936 0.249362 -0.030292 3.302582 -0.249566 -0.968353 0.003100 0.785225 -0.028560 0.010561 0.999536 0.028149 
175 1720 -0.999533 0.020865 -0.022300 0.095345 -0.020612 -0.999721 -0.011532 -0.295523 -0.022534 -0.011067 0.999685 -0.013026 
90 1790 -0.999824 0.002613 -0.018561 11.568375 -0.003858 -0.997725 0.067312 2.306362 -0.018342 0.067372 0.997559 0.196513 
712 1500 -0.588147 -0.808630 -0.014160 0.534378 0.808382 -0.588317 0.020065 -2.796371 -0.024556 0.000355 0.999699 -0.006256 
102 1780 -0.999336 0.030112 -0.020552 9.890579 -0.030725 -0.999071 0.030226 2.172644 -0.019622 0.030838 0.999331 0.102029 
770 1438 -0.998566 0.045981 -0.027417 0.551849 -0.046329 -0.998851 0.012206 1.325043 -0.026824 0.013459 0.999549 -0.012963 
224 1656 -0.998703 -0.040218 -0.031231 4.246567 0.040345 -0.999180 -0.003434 0.322845 -0.031067 -0.004689 0.999506 0.021034 
63 1836 -0.127532 -0.991833 0.001507 2.966717 0.991488 -0.127447 0.026620 -3.504297 -0.026211 0.004889 0.999644 0.073572 
122 1773 -0.997682 0.059908 -0.032284 -3.895439 -0.059438 -0.998115 -0.015305 0.612823 -0.033140 -0.013350 0.999361 -0.080015 
787 1432 -0.964447 0.263466 -0.020718 -4.678604 -0.263233 -0.964641 -0.013281 0.084686 -0.023484 -0.007355 0.999697 -0.016213 
2482 3878 -0.429089 0.903202 -0.010343 -9.478958 -0.901853 -0.429031 -0.050932 6.355743 -0.050440 -0.012526 0.998648 0.128502 
2488 3871 -0.621663 0.782138 -0.042384 -2.535309 -0.781983 -0.622838 -0.023956 5.514099 -0.045135 0.018251 0.998814 -0.003216 
72 1833 -0.692895 -0.721036 0.001661 1.965870 0.720634 -0.692425 0.035134 0.550220 -0.024183 0.025541 0.999382 0.000964 
798 1402 -0.759643 0.650205 -0.013224 7.752853 -0.649574 -0.759579 -0.033092 -1.878082 -0.031561 -0.016548 0.999366 0.009984 
74 1825 -0.921943 -0.386996 -0.015955 2.918378 0.385377 -0.920653 0.062313 2.095896 -0.038804 0.051300 0.997929 -0.042371 
694 1484 0.029388 -0.999425 0.016906 9.856033 0.999534 0.029522 0.007733 -9.172089 -0.008228 0.016671 0.999828 0.049510 
2491 3869 -0.683338 0.728522 -0.048001 -1.008606 -0.728499 -0.684717 -0.021256 4.910522 -0.048352 0.020443 0.998621 0.009044 
716 1490 -0.764406 -0.644630 -0.011647 3.437225 0.644696 -0.764435 -0.002702 -1.550690 -0.007162 -0.009574 0.999929 0.019057 
806 1403 -0.434996 0.900427 0.002929 4.669434 -0.900326 -0.434894 -0.016730 -5.772125 -0.013791 -0.009915 0.999855 -0.093969 
89 1805 -0.998896 0.038096 -0.027455 0.383982 -0.040533 -0.994701 0.094481 2.528927 -0.023710 0.095490 0.995147 -0.154104 
692 1509 0.158694 -0.987017 0.024775 -2.208176 0.986870 0.159335 0.026472 -10.445648 -0.030076 0.020248 0.999343 0.001039 
804 1394 -0.526637 0.849970 -0.014331 9.356323 -0.849959 -0.526777 -0.008702 -4.643860 -0.014945 0.007598 0.999859 0.119444 
155 1741 -0.999385 -0.006216 -0.034494 -3.087372 0.006373 -0.999969 -0.004453 0.163271 -0.034465 -0.004670 0.999395 -0.061953 
725 1481 -0.954802 -0.294958 -0.036788 2.785164 0.294169 -0.955416 0.025409 0.600113 -0.042643 0.013439 0.999000 0.057689 
115 1774 -0.996901 0.074196 -0.026146 2.736916 -0.074115 -0.997241 -0.004042 1.231047 -0.026373 -0.002091 0.999650 0.025884 
212 1672 -0.996837 -0.067980 -0.041160 6.118790 0.068709 -0.997499 -0.016568 -0.685015 -0.039931 -0.019344 0.999016 0.074063 
199 1686 -0.998554 -0.044359 -0.030374 8.283401 0.046084 -0.997213 -0.058666 -1.952753 -0.027687 -0.059981 0.997815 0.016108 
728 1480 -0.979872 -0.198287 -0.023079 1.338676 0.197512 -0.979776 0.032067 1.052887 -0.028971 0.026863 0.999219 0.004405 
807 1423 -0.441008 0.897414 -0.012667 -6.257477 -0.897163 -0.441185 -0.021304 -6.585083 -0.024707 0.001969 0.999693 -0.198888 
798 1411 -0.783829 0.620532 -0.023497 3.630859 -0.620052 -0.784166 -0.024885 -2.128357 -0.033867 -0.004937 0.999414 -0.021075 
22 1842 0.781588 -0.623031 0.030873 -5.153820 0.623684 0.781428 -0.019732 -10.785963 -0.011832 0.034677 0.999329 -0.158105 
248 1614 -0.636138 0.771075 0.027806 5.871094 -0.771466 -0.635025 -0.039790 -0.338959 -0.013024 -0.046763 0.998822 -0.036009 
724 1493 -0.938621 -0.344365 -0.020072 -1.660919 0.343669 -0.938562 0.031537 0.389877 -0.029699 0.022703 0.999301 -0.059600 
2476 3876 -0.291751 0.956488 -0.003286 -6.477600 -0.955775 -0.291664 -0.037757 7.962097 -0.037072 -0.007875 0.999281 0.133348 
112 1777 -0.997015 0.069522 -0.033579 2.543377 -0.069798 -0.997536 0.007120 1.483929 -0.033001 0.009443 0.999410 0.023226 
2529 3857 0.346425 0.938077 -0.000511 11.428650 -0.938076 0.346424 -0.001733 -2.879761 -0.001449 0.001080 0.999998 0.291925 
796 1421 -0.851518 0.523844 -0.022459 -1.015976 -0.523148 -0.851696 -0.030512 -1.607407 -0.035112 -0.014232 0.999283 -0.052336 
260 1609 -0.471808 0.881649 0.009568 1.911049 -0.881159 -0.471109 -0.040194 -9.246506 -0.030929 -0.027394 0.999146 -0.065480 
2525 3862 0.334985 0.941872 0.025735 5.482132 -0.941480 0.335682 -0.030552 -1.854767 -0.037415 -0.013994 0.999202 -0.001647 
712 1519 -0.572348 -0.819899 -0.013556 -10.033920 0.819971 -0.572077 -0.019398 -3.082718 0.008149 -0.022218 0.999720 -0.278239 
723 1478 -0.929584 -0.367391 -0.029966 5.604088 0.367067 -0.930059 0.015876 0.216080 -0.033703 0.003758 0.999424 0.101910 
250 1602 -0.297016 0.954367 0.031053 8.266472 -0.954797 -0.296428 -0.022205 0.948822 -0.011987 -0.036245 0.999270 0.033645 
710 1506 -0.480173 -0.877073 -0.013269 -1.885620 0.876869 -0.480351 0.019128 -3.444443 -0.023150 -0.002451 0.999729 -0.022350 
719 1504 -0.812462 -0.583014 -0.001097 -3.747025 0.582889 -0.812323 0.019273 -0.717575 -0.012128 0.015019 0.999814 -0.029544 
728 1503 -0.964810 -0.262945 0.001134 -8.435555 0.262689 -0.963660 0.048512 1.410599 -0.011663 0.047103 0.998822 -0.109416 
736 1472 -0.998934 -0.039190 -0.024388 0.154091 0.037949 -0.998058 0.049409 1.593491 -0.026277 0.048430 0.998480 -0.049959 
761 1455 -0.999532 -0.001937 -0.030536 -8.054695 0.000504 -0.998902 0.046853 1.865723 -0.030593 0.046816 0.998436 -0.165198 
58 1843 0.457781 -0.888911 0.016531 -1.625658 0.889063 0.457729 -0.007082 -5.861921 -0.001271 0.017939 0.999838 -0.025828 
713 1498 -0.637580 -0.770330 -0.009229 1.164749 0.770176 -0.637639 0.015643 -2.471466 -0.017935 0.002866 0.999834 0.001513 
734 1480 -0.997802 -0.053905 -0.038542 -3.259483 0.052807 -0.998184 0.028981 1.477936 -0.040034 0.026882 0.998836 -0.127292 
735 1473 -0.998460 -0.049122 -0.025802 0.277336 0.047862 -0.997731 0.047349 1.560776 -0.028069 0.046041 0.998545 -0.040695 
135 1762 -0.999654 -0.005686 -0.025656 -5.571926 0.005921 -0.999940 -0.009096 0.186899 -0.025603 -0.009245 0.999630 -0.080330 
110 1791 -0.996925 0.068426 -0.038161 -9.802490 -0.068734 -0.997611 0.006811 1.537743 -0.037604 0.009413 0.999248 -0.210150 
772 1436 -0.998565 0.044987 -0.029047 0.754364 -0.045362 -0.998894 0.012375 1.223557 -0.028458 0.013675 0.999502 -0.005081 
205 1680 -0.997118 -0.072628 -0.021958 7.063797 0.073254 -0.996885 -0.029225 -1.530062 -0.019767 -0.030750 0.999332 0.021199 
806 1404 -0.438093 0.898896 0.007694 4.221695 -0.898854 -0.437931 -0.016633 -5.783752 -0.011581 -0.014203 0.999832 -0.122133 
741 1486 -0.999606 0.003688 -0.027811 -12.233101 -0.004222 -0.999808 0.019168 1.418854 -0.027735 0.019278 0.999429 -0.224318 
709 1516 -0.440657 -0.897455 -0.019874 -7.381477 0.897625 -0.440761 0.000921 -3.901703 -0.009586 -0.017433 0.999802 -0.231655 
797 1413 -0.821994 0.569057 -0.022384 3.012680 -0.568713 -0.822289 -0.020118 -1.839401 -0.029854 -0.003807 0.999547 -0.014367 
159 1737 -0.999336 -0.000828 -0.036447 -2.703911 0.001211 -0.999945 -0.010495 0.103510 -0.036436 -0.010532 0.999281 -0.056557 
218 1674 -0.995454 -0.092755 -0.021660 -2.966843 0.092848 -0.995675 -0.003299 -0.168995 -0.021261 -0.005295 0.999760 -0.035362 
803 1424 -0.612127 0.790504 -0.020096 -5.686035 -0.790441 -0.612405 -0.012831 -4.422318 -0.022450 0.008031 0.999716 -0.174858 
763 1440 -0.999039 0.031034 -0.030965 4.760826 -0.031398 -0.999443 0.011359 1.658066 -0.030595 0.012320 0.999455 0.045841 
71 1847 -0.088612 -0.995739 0.025535 -3.617048 0.996008 -0.088299 0.013096 -0.151573 -0.010785 0.026594 0.999588 0.000612 
63 1833 -0.256195 -0.966623 -0.001870 4.329623 0.966280 -0.256154 0.026229 -2.927094 -0.025832 0.004912 0.999654 0.088977 
707 1507 -0.357098 -0.934042 -0.006774 -1.824364 0.933640 -0.357145 0.027646 -4.437088 -0.028242 0.003547 0.999595 -0.003665 
27 1819 0.053396 -0.998428 0.016999 11.220471 0.997396 0.054152 0.047646 -6.740541 -0.048492 0.014411 0.998720 0.330529 
2476 3867 -0.356195 0.934247 0.017462 3.746231 -0.934411 -0.356122 -0.007265 8.200867 -0.000569 -0.018905 0.999821 -0.003885 
2505 3868 -0.417131 0.907868 -0.042171 -1.765564 -0.908391 -0.417942 -0.012288 2.246857 -0.028781 0.033182 0.999035 -0.047212 
248 1635 -0.975235 0.219504 -0.027131 -6.130096 -0.219675 -0.975567 0.003458 -1.449917 -0.025709 0.009332 0.999626 -0.118570 
740 1453 -0.997694 0.058270 -0.034818 14.111778 -0.059732 -0.997307 0.042529 2.243271 -0.032246 0.044511 0.998488 0.116191 
55 1824 -0.194656 -0.980791 0.012541 8.931641 0.980298 -0.194088 0.036708 -3.157814 -0.033569 0.019439 0.999247 0.240771 
84 1815 -0.997537 0.062043 -0.032721 -0.825120 -0.063992 -0.996002 0.062346 2.789619 -0.028722 0.064286 0.997518 -0.157422 
766 1449 -0.998164 0.046559 -0.038743 -6.586990 -0.047657 -0.998474 0.027909 1.596466 -0.037385 0.029704 0.998859 -0.126620 
728 1477 -0.978697 -0.204675 -0.016146 3.023125 0.203954 -0.978244 0.037970 1.042557 -0.023566 0.033868 0.999149 0.035956 
785 1433 -0.976865 0.213135 -0.017523 -4.491867 -0.213090 -0.977023 -0.004408 0.321716 -0.018060 -0.000571 0.999837 -0.013603 
742 1465 -0.999581 -0.005080 -0.028500 0.585823 0.004288 -0.999605 0.027773 1.627563 -0.028630 0.027639 0.999208 -0.028464 
706 1486 -0.403009 -0.915112 -0.012405 7.849060 0.915099 -0.403127 0.009063 -4.505844 -0.013295 -0.007700 0.999881 0.041241 
755 1457 -0.999132 -0.026470 -0.032156 -4.236855 0.025197 -0.998906 0.039394 1.883133 -0.033163 0.038549 0.998707 -0.145772 
26 1842 0.786829 -0.616563 0.027427 -4.518940 0.617091 0.786669 -0.018758 -10.301302 -0.010010 0.031685 0.999448 -0.144248 
204 1676 -0.996780 -0.077362 -0.021105 12.164291 0.077596 -0.996929 -0.010512 -1.608238 -0.020227 -0.012116 0.999722 0.095871 
789 1431 -0.944749 0.327161 -0.020391 -4.849762 -0.326751 -0.944875 -0.021082 -0.207886 -0.026164 -0.013255 0.999570 -0.030864 
2522 3867 0.296953 0.954890 -0.002053 -0.194473 -0.953416 0.296374 -0.056195 -1.215759 -0.053052 0.018644 0.998419 -0.037212 
41 1846 0.866921 -0.498302 0.011948 -6.300953 0.498386 0.866193 -0.036348 -8.490568 0.007763 0.037465 0.999268 -0.107266 
810 1417 -0.327097 0.944947 -0.009139 -3.397003 -0.944826 -0.327205 -0.015513 -8.411179 -0.017649 0.003560 0.999838 -0.154938 
692 1484 0.057569 -0.998301 0.009022 9.822754 0.998312 0.057635 0.007169 -10.057083 -0.007677 0.008594 0.999934 0.026439 
775 1442 -0.997269 0.064508 -0.035966 -6.777000 -0.065068 -0.997774 0.014625 1.103119 -0.034943 0.016925 0.999247 -0.090262 
2490 3867 -0.680477 0.732368 -0.024225 1.459061 -0.732144 -0.680890 -0.018807 5.145630 -0.030269 0.004939 0.999530 0.031555 
249 1633 -0.962133 0.271967 -0.018268 -5.631638 -0.271942 -0.962305 -0.003845 -1.959373 -0.018625 0.001268 0.999826 -0.062150 
77 1818 -0.993818 -0.107705 -0.026922 2.991928 0.105588 -0.991907 0.070511 2.933155 -0.034299 0.067233 0.997148 -0.054835 
742 1465 -0.999581 -0.005080 -0.028500 0.585823 0.004288 -0.999605 0.027773 1.627563 -0.028630 0.027639 0.999208 -0.028464 
208 1671 -0.998148 -0.052829 -0.030164 11.914780 0.053017 -0.998578 -0.005466 -0.884727 -0.029832 -0.007055 0.999531 0.165260 
721 1486 -0.899137 -0.437303 -0.017882 2.883713 0.437197 -0.899314 0.009702 -0.237396 -0.020324 0.000905 0.999792 0.021709 
790 1416 -0.957349 0.287878 -0.024668 4.558044 -0.287831 -0.957666 -0.005526 -0.149475 -0.025215 0.001810 0.999681 0.022469 
738 1463 -0.999389 -0.000867 -0.034932 6.171593 -0.000564 -0.999161 0.040934 1.720398 -0.034938 0.040929 0.998551 0.097074 
164 1726 -0.999691 0.009291 -0.023032 5.559792 -0.009185 -0.999946 -0.004694 0.024565 -0.023074 -0.004481 0.999724 0.055553 
718 1489 -0.825688 -0.564062 -0.008561 3.052002 0.564112 -0.825682 -0.005203 -1.021973 -0.004134 -0.009125 0.999950 0.004439 
809 1410 -0.336117 0.941818 -0.001902 0.650665 -0.941688 -0.336103 -0.016097 -7.739990 -0.015800 -0.003620 0.999869 -0.080739 
110 1784 -0.996941 0.067812 -0.038856 -2.928570 -0.068205 -0.997631 0.008882 1.594995 -0.038162 0.011505 0.999205 -0.094296 
742 1479 -0.999422 -0.007791 -0.033088 -9.876472 0.007018 -0.999701 0.023407 1.506821 -0.033261 0.023161 0.999178 -0.308088 
696 1503 0.056498 -0.997914 0.031222 1.240387 0.998110 0.057211 0.022417 -8.678268 -0.024156 0.029896 0.999261 0.038659 
188 1707 -0.999256 0.029051 -0.025378 -0.523254 -0.028325 -0.999191 -0.028539 -0.856758 -0.026186 -0.027799 0.999271 -0.027757 
73 1846 -0.241273 -0.970128 0.025267 -3.317842 0.970448 -0.241074 0.010691 0.773808 -0.004280 0.027100 0.999624 -0.004294 
150 1748 -0.999433 -0.002452 -0.033584 -6.030815 0.002653 -0.999978 -0.005933 0.175200 -0.033569 -0.006019 0.999419 -0.095957 
72 1841 -0.376664 -0.926193 0.017017 -0.783769 0.926276 -0.376339 0.019498 0.057667 -0.011654 0.023107 0.999666 -0.016410 
2528 3873 0.389368 0.921036 -0.009296 -5.888351 -0.920181 0.388521 -0.048160 -2.918427 -0.040745 0.027306 0.998796 -0.248075 
117 1781 -0.997322 0.067199 -0.028839 -7.349350 -0.067025 -0.997727 -0.006954 1.023405 -0.029241 -0.005002 0.999559 -0.145622 
750 1450 -0.998614 0.014928 -0.050454 7.465317 -0.016794 -0.999182 0.036768 1.927032 -0.049864 0.037564 0.998049 0.117495 
102 1798 -0.998858 0.036524 -0.030777 -7.322699 -0.037718 -0.998521 0.039161 2.082811 -0.029301 0.040277 0.998759 -0.262393 
743 1472 -0.999355 -0.024669 -0.026099 -6.264549 0.023692 -0.999032 0.037085 1.661545 -0.026988 0.036443 0.998971 -0.199598 
2502 3862 -0.547293 0.836409 -0.029803 4.914490 -0.836803 -0.547503 0.001340 2.863617 -0.015196 0.025673 0.999554 0.010442 
718 1487 -0.827908 -0.560807 -0.007958 3.904160 0.560851 -0.827900 -0.005141 -1.000732 -0.003705 -0.008720 0.999955 0.008192 
67 1841 -0.100517 -0.994870 0.011378 -0.004782 0.994805 -0.100312 0.017339 -2.315668 -0.016109 0.013061 0.999785 0.005123 
2484 3879 -0.475233 0.879645 -0.019428 -10.884247 -0.877811 -0.475518 -0.057722 5.813873 -0.060013 -0.010378 0.998144 0.159163 
758 1436 -0.999684 -0.009276 -0.023345 13.072548 0.009265 -0.999957 0.000594 1.538193 -0.023349 0.000378 0.999728 0.098745 
34 1835 0.547218 -0.836750 0.020074 2.302612 0.836965 0.547232 -0.005244 -9.573598 -0.006597 0.019670 0.999785 0.018340 
789 1418 -0.969998 0.241381 -0.028991 3.908386 -0.241462 -0.970410 -0.000747 -0.007385 -0.028313 0.006276 0.999579 0.029178 
704 1510 -0.226416 -0.974030 0.001160 -3.030327 0.973732 -0.226318 0.025002 -5.508942 -0.024090 0.006790 0.999686 -0.021229 
745 1467 -0.998976 -0.037399 -0.025413 -4.048096 0.036519 -0.998744 0.034263 1.693634 -0.026663 0.033300 0.999090 -0.114895 
254 1602 -0.289039 0.956859 0.029631 7.180107 -0.957289 -0.288654 -0.016637 -2.669815 -0.007366 -0.033174 0.999422 0.043021 
155 1737 -0.999591 0.003074 -0.028425 1.956909 -0.002711 -0.999914 -0.012805 0.148523 -0.028462 -0.012722 0.999513 0.017529 
732 1482 -0.995479 -0.087269 -0.037479 -2.629211 0.086526 -0.996028 0.021014 1.357635 -0.039164 0.017676 0.999076 -0.091004 
97 1791 -0.999109 0.010142 -0.040970 3.887005 -0.011653 -0.999254 0.036817 2.198978 -0.040566 0.037261 0.998481 0.043804 
77 1832 -0.879450 -0.475882 -0.010184 -0.169763 0.475038 -0.878843 0.044437 2.269985 -0.030097 0.034243 0.998960 -0.050868 
2519 3861 0.219954 0.975486 0.006919 6.031250 -0.974768 0.220058 -0.037422 -0.486115 -0.038027 0.001486 0.999276 0.022177 
734 1502 -0.993080 -0.115944 -0.018693 -12.544716 0.114875 -0.992088 0.050640 2.100433 -0.024416 0.048142 0.998542 -0.215623 
2529 3873 0.382692 0.923865 -0.004615 -5.748032 -0.923427 0.382346 -0.033092 -3.215576 -0.028808 0.016926 0.999442 -0.257002 
233 1663 -0.997139 -0.070355 -0.027605 -10.388977 0.070822 -0.997356 -0.016333 0.787691 -0.026383 -0.018242 0.999485 -0.023708 
91 1822 -0.999168 -0.040647 0.003335 -8.991553 0.040777 -0.997138 0.063659 3.097471 0.000737 0.063742 0.997966 -0.275487 
786 1409 -0.987253 0.158914 -0.008911 9.997070 -0.159032 -0.987165 0.014587 0.651199 -0.006478 0.015819 0.999854 -0.059783 
214 1668 -0.998098 -0.055122 -0.027638 7.184204 0.055867 -0.998075 -0.026950 -0.375019 -0.026099 -0.028442 0.999255 0.015937 
758 1460 -0.999034 -0.039714 -0.018838 -10.063644 0.039156 -0.998808 0.029155 2.017807 -0.019974 0.028390 0.999398 -0.167201 
774 1440 -0.996720 0.073393 -0.034085 -4.246910 -0.073767 -0.997226 0.009857 1.084839 -0.033267 0.012339 0.999370 -0.055581 
788 1407 -0.968965 0.247183 -0.002618 9.888306 -0.247194 -0.968954 0.004728 0.575455 -0.001368 0.005228 0.999985 -0.116974 
779 1443 -0.993727 0.107293 -0.031524 -10.184074 -0.107768 -0.994080 0.013761 0.767868 -0.029861 0.017072 0.999408 -0.060110 
806 1394 -0.435730 0.899993 -0.012356 8.808578 -0.899918 -0.435870 -0.012804 -5.788208 -0.016909 0.005540 0.999841 0.103958 
801 1414 -0.698213 0.715597 -0.020486 0.883301 -0.715547 -0.698478 -0.011003 -3.360916 -0.022183 0.006976 0.999729 -0.052036 
72 1840 -0.423076 -0.905944 0.016514 -0.371766 0.906003 -0.422703 0.021909 0.034536 -0.012868 0.024231 0.999624 -0.016940 
808 1417 -0.407388 0.913131 -0.015050 -2.962616 -0.913023 -0.407601 -0.015806 -7.130432 -0.020568 0.007302 0.999762 -0.144464 
181 1720 -0.999466 0.026827 -0.018617 -7.301811 -0.026524 -0.999514 -0.016367 -0.546999 -0.019047 -0.015864 0.999693 -0.050649 
717 1501 -0.762748 -0.646554 -0.013555 -1.564850 0.646348 -0.762857 0.016813 -1.313019 -0.021211 0.004063 0.999766 -0.049622 
734 1477 -0.997672 -0.060424 -0.031632 -1.572876 0.059312 -0.997627 0.034986 1.497879 -0.033671 0.033028 0.998887 -0.067470 
2504 3859 -0.463805 0.884993 -0.040884 8.025482 -0.885720 -0.464218 -0.000708 2.522339 -0.019606 0.035883 0.999164 0.155327 
716 1492 -0.762622 -0.646759 -0.010500 2.606384 0.646749 -0.762688 0.004767 -1.557449 -0.011091 -0.003155 0.999933 0.004588 
697 1500 0.005876 -0.999768 0.020720 2.724083 0.999733 0.006336 0.022218 -8.201447 -0.022344 0.020584 0.999539 0.063087 
810 1404 -0.267175 0.963540 0.014480 3.406296 -0.963504 -0.266844 -0.021310 -8.332581 -0.016669 -0.019645 0.999668 -0.133949 
2512 3865 -0.104185 0.994370 -0.019331 1.361465 -0.994353 -0.104538 -0.018291 0.908173 -0.020209 0.017316 0.999646 0.006962 
790 1429 -0.941315 0.336958 -0.019677 -3.774796 -0.336406 -0.941336 -0.026794 -0.293457 -0.027551 -0.018603 0.999447 -0.028002 
232 1664 -0.996971 -0.073728 -0.024781 -10.201965 0.074163 -0.997099 -0.017121 0.747997 -0.023447 -0.018907 0.999547 0.008449 
61 1822 -0.511057 -0.859514 -0.007479 8.708186 0.858028 -0.510651 0.054986 -0.822256 -0.051081 0.021684 0.998459 0.198185 
43 1834 0.473947 -0.880414 0.015664 3.646337 0.880529 0.473727 -0.015871 -8.445378 0.006553 0.021314 0.999752 0.024156 
98 1788 -0.998745 0.017778 -0.046811 5.681364 -0.019511 -0.999132 0.036822 2.211294 -0.046116 0.037689 0.998224 0.087356 
710 1497 -0.527647 -0.849212 -0.020669 2.364571 0.849066 -0.527989 0.017779 -3.378891 -0.026011 -0.008168 0.999629 0.029676 
696 1486 -0.015546 -0.999611 0.023166 8.983627 0.999844 -0.015348 0.008688 -8.330246 -0.008329 0.023298 0.999694 0.010323 
761 1455 -0.999532 -0.001937 -0.030536 -8.054695 0.000504 -0.998902 0.046853 1.865723 -0.030593 0.046816 0.998436 -0.165198 
115 1776 -0.997080 0.071793 -0.026059 0.460453 -0.071701 -0.997416 -0.004435 1.195429 -0.026310 -0.002553 0.999651 -0.012033 
176 1712 -0.999511 0.011214 -0.029190 8.552383 -0.011072 -0.999927 -0.005008 -0.417494 -0.029244 -0.004683 0.999561 0.078300 
