112 1560 0.270869 -0.962437 -0.018565 3.219418 0.962449 0.270412 0.023868 -2.184471 -0.017951 -0.024333 0.999543 0.040640 
113 1560 0.328572 -0.944369 -0.014400 3.373417 0.944324 0.328202 0.023167 -1.865860 -0.017152 -0.021210 0.999628 0.047983 
114 1560 0.381534 -0.924212 -0.016239 3.548573 0.924232 0.381136 0.023045 -1.517654 -0.015109 -0.023801 0.999603 0.046884 
115 1560 0.432280 -0.901519 -0.019955 3.719189 0.901646 0.431809 0.023994 -1.208771 -0.013014 -0.028364 0.999513 0.043798 
110 1561 0.206918 -0.978115 -0.021845 2.257412 0.978184 0.206410 0.023444 -3.120079 -0.018422 -0.026220 0.999486 0.040217 
111 1561 0.268949 -0.962922 -0.021155 2.385059 0.962986 0.268429 0.024541 -2.760185 -0.017952 -0.026972 0.999474 0.035473 
112 1561 0.329411 -0.944013 -0.018099 2.539440 0.944050 0.328979 0.023243 -2.391106 -0.015988 -0.024743 0.999565 0.035995 
113 1561 0.385892 -0.922438 -0.013985 2.712681 0.922418 0.385547 0.022288 -2.082550 -0.015167 -0.021500 0.999653 0.044047 
114 1561 0.437520 -0.899070 -0.015828 2.908867 0.899112 0.437149 0.022279 -1.745743 -0.013111 -0.023979 0.999627 0.043730 
115 1561 0.486783 -0.873306 -0.019478 3.098110 0.873453 0.486343 0.023454 -1.447899 -0.011009 -0.028430 0.999535 0.041352 
116 1561 0.530323 -0.847519 -0.021649 3.319675 0.847751 0.529861 0.023769 -1.156326 -0.008673 -0.030958 0.999483 0.043870 
117 1561 0.568336 -0.822634 -0.016305 3.561951 0.822768 0.568042 0.019505 -0.854950 -0.006784 -0.024501 0.999676 0.040691 
118 1561 0.602239 -0.798309 -0.003081 3.817223 0.798255 0.602144 0.014516 -0.596176 -0.009733 -0.011202 0.999890 0.051824 
109 1562 0.201286 -0.979317 -0.020536 1.460426 0.979430 0.200917 0.018713 -3.625481 -0.014200 -0.023881 0.999614 0.033942 
110 1562 0.263614 -0.964398 -0.021080 1.573009 0.964503 0.263165 0.021860 -3.280540 -0.015534 -0.026094 0.999539 0.029661 
111 1562 0.324653 -0.945614 -0.020327 1.721436 0.945713 0.324195 0.022914 -2.928688 -0.015078 -0.026662 0.999531 0.026003 
112 1562 0.383907 -0.923208 -0.017352 1.897072 0.923278 0.383533 0.021440 -2.569244 -0.013139 -0.024252 0.999619 0.027652 
113 1562 0.439030 -0.898374 -0.013300 2.088001 0.898387 0.438737 0.020246 -2.271332 -0.012353 -0.020838 0.999707 0.036666 
114 1562 0.489210 -0.872035 -0.015141 2.303493 0.872105 0.488896 0.020345 -1.946533 -0.010339 -0.023158 0.999679 0.037402 
115 1562 0.536892 -0.843444 -0.018717 2.509785 0.843611 0.536516 0.021731 -1.660240 -0.008287 -0.027457 0.999589 0.035964 
116 1562 0.578857 -0.815162 -0.020865 2.747967 0.815407 0.578463 0.022172 -1.382088 -0.006004 -0.029848 0.999537 0.039418 
117 1562 0.615347 -0.788097 -0.015779 3.007412 0.788245 0.615110 0.017604 -1.095345 -0.004168 -0.023270 0.999721 0.037214 
118 1562 0.647766 -0.761834 -0.002869 3.277325 0.761806 0.647698 0.011852 -0.851929 -0.007171 -0.009863 0.999926 0.049205 
119 1562 0.675056 -0.737760 0.003161 3.551041 0.737704 0.675049 0.010066 -0.595726 -0.009560 -0.004464 0.999944 0.046477 
120 1562 0.699727 -0.714410 -0.000977 3.824001 0.714376 0.699679 0.010792 -0.325943 -0.007026 -0.008249 0.999942 0.050045 
109 1563 0.260335 -0.965316 -0.019737 0.715916 0.965469 0.260059 0.015462 -3.748520 -0.009793 -0.023081 0.999685 0.008171 
110 1563 0.321643 -0.946648 -0.020089 0.849224 0.946795 0.321298 0.018636 -3.411018 -0.011187 -0.025014 0.999624 0.005446 
111 1563 0.381430 -0.924197 -0.019273 1.018719 0.924335 0.381077 0.019643 -3.068817 -0.010809 -0.025307 0.999621 0.003380 
112 1563 0.439213 -0.898233 -0.016393 1.215832 0.898338 0.438935 0.017991 -2.720695 -0.008965 -0.022628 0.999703 0.006656 
113 1563 0.492724 -0.870097 -0.012422 1.424488 0.870146 0.492516 0.016553 -2.434959 -0.008285 -0.018965 0.999785 0.017024 
114 1563 0.541217 -0.840763 -0.014253 1.659275 0.840859 0.540994 0.016764 -2.123848 -0.006383 -0.021058 0.999758 0.019237 
115 1563 0.587081 -0.809334 -0.017738 1.882565 0.809516 0.586810 0.018364 -1.850578 -0.004454 -0.025141 0.999673 0.019102 
116 1563 0.627257 -0.778558 -0.019856 2.137177 0.778809 0.626975 0.018935 -1.587410 -0.002293 -0.027341 0.999623 0.023826 
117 1563 0.662032 -0.749323 -0.015056 2.413536 0.749475 0.661883 0.014066 -1.316925 -0.000574 -0.020596 0.999787 0.022933 
118 1563 0.692788 -0.721136 -0.002519 2.697716 0.721132 0.692757 0.007540 -1.090393 -0.003693 -0.007040 0.999968 0.036041 
119 1563 0.718567 -0.695450 0.003391 2.986469 0.695430 0.718573 0.005392 -0.851250 -0.006187 -0.001516 0.999979 0.034488 
120 1563 0.741777 -0.670648 -0.000695 3.275291 0.670637 0.741758 0.006368 -0.598541 -0.003755 -0.005189 0.999979 0.039293 
121 1563 0.762245 -0.647183 -0.011651 3.553261 0.647286 0.762173 0.010662 -0.351501 0.001980 -0.015668 0.999875 0.040911 
122 1563 0.780400 -0.625016 -0.018241 3.863220 0.625251 0.780317 0.012888 -0.106651 0.006178 -0.021463 0.999751 0.051405 
109 1564 0.316130 -0.948546 -0.017911 -0.010521 0.948668 0.315868 0.016022 -3.807823 -0.009540 -0.022056 0.999711 0.005520 
110 1564 0.376244 -0.926344 -0.018077 0.142216 0.926454 0.375916 0.019211 -3.478661 -0.011000 -0.023976 0.999652 0.002845 
111 1564 0.434622 -0.900448 -0.017204 0.331360 0.900549 0.434286 0.020168 -3.146912 -0.010689 -0.024259 0.999648 0.000796 
112 1564 0.490794 -0.871156 -0.014425 0.548424 0.871229 0.490532 0.018351 -2.810860 -0.008911 -0.021574 0.999727 0.004068 
113 1564 0.542573 -0.839942 -0.010544 0.773376 0.839967 0.542380 0.016685 -2.537773 -0.008295 -0.017909 0.999805 0.014389 
114 1564 0.589278 -0.807836 -0.012360 1.025898 0.807904 0.589068 0.017002 -2.240860 -0.006454 -0.020004 0.999779 0.016544 
115 1564 0.633240 -0.773795 -0.015746 1.264717 0.773941 0.632978 0.018803 -1.981079 -0.004583 -0.024093 0.999699 0.016343 
116 1564 0.671561 -0.740734 -0.017827 1.534237 0.740944 0.671283 0.019496 -1.733192 -0.002474 -0.026301 0.999651 0.020967 
117 1564 0.704570 -0.709508 -0.013319 1.825886 0.709633 0.704425 0.014355 -1.479263 -0.000803 -0.019566 0.999808 0.019956 
118 1564 0.733620 -0.679559 -0.001183 2.122791 0.679548 0.733596 0.007110 -1.269669 -0.003964 -0.006020 0.999974 0.032918 
119 1564 0.757855 -0.652407 0.004592 2.424986 0.652390 0.757869 0.004621 -1.047768 -0.006495 -0.000506 0.999978 0.031220 
120 1564 0.779583 -0.626300 0.000570 2.728043 0.626285 0.779572 0.005833 -0.812317 -0.004098 -0.004190 0.999983 0.035887 
121 1564 0.798661 -0.601695 -0.010117 3.019932 0.601778 0.798590 0.010758 -0.581894 0.001606 -0.014681 0.999891 0.037375 
122 1564 0.815505 -0.578513 -0.016567 3.343637 0.578721 0.815415 0.013365 -0.355515 0.005777 -0.020486 0.999774 0.047707 
123 1564 0.830254 -0.557127 -0.016978 3.686401 0.557332 0.830208 0.011570 -0.143677 0.007649 -0.019068 0.999788 0.058953 
109 1565 0.368419 -0.929539 -0.014944 -0.713133 0.929594 0.368151 0.017947 -3.822800 -0.011181 -0.020504 0.999727 -0.001748 
110 1565 0.427201 -0.904033 -0.014933 -0.542316 0.904067 0.426869 0.021140 -3.502655 -0.012737 -0.022532 0.999664 -0.005079 
111 1565 0.484047 -0.874930 -0.014008 -0.335012 0.874953 0.483707 0.022048 -3.181946 -0.012515 -0.022928 0.999658 -0.007857 
112 1565 0.538503 -0.842547 -0.011334 -0.099575 0.842554 0.538237 0.020079 -2.858498 -0.010817 -0.020362 0.999734 -0.005376 
113 1565 0.588463 -0.808489 -0.007552 0.140249 0.808459 0.588271 0.018199 -2.598343 -0.010271 -0.016815 0.999806 0.004206 
114 1565 0.633315 -0.773838 -0.009347 0.408909 0.773848 0.633098 0.018616 -2.315948 -0.008488 -0.019024 0.999783 0.005542 
115 1565 0.675323 -0.737414 -0.012628 0.661818 0.737493 0.675042 0.020603 -2.069862 -0.006669 -0.023227 0.999708 0.004588 
116 1565 0.711752 -0.702277 -0.014667 0.944721 0.702416 0.711445 0.021411 -1.837349 -0.004602 -0.025542 0.999663 0.008410 
117 1565 0.742970 -0.669242 -0.010452 1.250050 0.669318 0.742804 0.016027 -1.600052 -0.002962 -0.018904 0.999817 0.006548 
118 1565 0.770294 -0.637687 0.001262 1.558189 0.637660 0.770276 0.008119 -1.407288 -0.006150 -0.005449 0.999967 0.018696 
119 1565 0.792975 -0.609215 0.006890 1.872261 0.609192 0.793005 0.005312 -1.202553 -0.008700 -0.000015 0.999962 0.016160 
120 1565 0.813221 -0.581948 0.002941 2.187962 0.581921 0.813218 0.006746 -0.984329 -0.006318 -0.003774 0.999973 0.019972 
121 1565 0.830918 -0.556345 -0.007456 2.492224 0.556396 0.830828 0.012258 -0.770515 -0.000626 -0.014334 0.999897 0.020633 
122 1565 0.846460 -0.532274 -0.013750 2.828047 0.532440 0.846331 0.015219 -0.562492 0.003536 -0.020204 0.999790 0.030079 
123 1565 0.860000 -0.510095 -0.014260 3.182095 0.510266 0.859912 0.013451 -0.370049 0.005401 -0.018844 0.999807 0.040416 
124 1565 0.871296 -0.490591 -0.012784 3.534605 0.490688 0.871317 0.005780 -0.188629 0.008303 -0.011309 0.999902 0.045161 
125 1565 0.881087 -0.472700 -0.015440 3.897047 0.472719 0.881210 -0.002767 -0.013893 0.014913 -0.004861 0.999877 0.047044 
110 1566 0.473231 -0.880877 -0.010446 -1.245512 0.880831 0.472956 0.021218 -3.486931 -0.013750 -0.019243 0.999720 -0.012501 
111 1566 0.528500 -0.848881 -0.009476 -1.021946 0.848823 0.528217 0.022077 -3.177338 -0.013735 -0.019711 0.999711 -0.015829 
112 1566 0.581217 -0.813719 -0.006907 -0.770128 0.813656 0.581003 0.019973 -2.866470 -0.012239 -0.017228 0.999776 -0.013991 
113 1566 0.629353 -0.777113 -0.003226 -0.517170 0.777029 0.629211 0.017900 -2.619041 -0.011880 -0.013772 0.999834 -0.005099 
114 1566 0.672366 -0.740203 -0.004998 -0.234295 0.740148 0.672191 0.018409 -2.350891 -0.010267 -0.016077 0.999818 -0.004540 
115 1566 0.712448 -0.701679 -0.008172 0.030970 0.701673 0.712203 0.020563 -2.118164 -0.008608 -0.020384 0.999755 -0.006235 
116 1566 0.747026 -0.664718 -0.010167 0.325504 0.664763 0.746746 0.021475 -1.900581 -0.006682 -0.022801 0.999718 -0.003262 
117 1566 0.776500 -0.630086 -0.006235 0.642660 0.630097 0.776355 0.015881 -1.679337 -0.005166 -0.016260 0.999854 -0.006049 
118 1566 0.802143 -0.597111 0.005057 0.960371 0.597073 0.802154 0.007378 -1.502754 -0.008462 -0.002899 0.999960 0.005143 
119 1566 0.823316 -0.567486 0.010532 1.284580 0.567475 0.823380 0.004285 -1.314484 -0.011103 0.002449 0.999935 0.001638 
120 1566 0.842136 -0.539225 0.006662 1.611132 0.539194 0.842161 0.005920 -1.112846 -0.008803 -0.001394 0.999961 0.004481 
121 1566 0.858511 -0.512783 -0.003436 1.926022 0.512786 0.858433 0.011962 -0.915009 -0.003184 -0.012032 0.999922 0.004210 
122 1566 0.872812 -0.487965 -0.009570 2.272160 0.488058 0.872678 0.015244 -0.724586 0.000913 -0.017976 0.999838 0.012614 
123 1566 0.885195 -0.465110 -0.010171 2.635696 0.465213 0.885095 0.013504 -0.550674 0.002721 -0.016685 0.999857 0.021839 
124 1566 0.895476 -0.445018 -0.009092 2.997112 0.445076 0.895474 0.005767 -0.387695 0.005575 -0.009211 0.999942 0.025472 
125 1566 0.904349 -0.426619 -0.012185 3.368090 0.426622 0.904427 -0.002631 -0.231903 0.012143 -0.002819 0.999922 0.026206 
126 1566 0.913143 -0.407202 -0.018893 3.762358 0.407182 0.913333 -0.005089 -0.067001 0.019328 -0.003046 0.999809 0.018168 
110 1567 0.514513 -0.857449 -0.007550 -1.918121 0.857432 0.514369 0.015347 -3.454300 -0.009276 -0.014370 0.999854 -0.027206 
111 1567 0.568198 -0.822866 -0.006540 -1.680109 0.822836 0.568050 0.016159 -3.155663 -0.009582 -0.014562 0.999848 -0.029086 
112 1567 0.619189 -0.785232 -0.004074 -1.413805 0.785197 0.619089 0.013935 -2.857132 -0.008420 -0.011827 0.999895 -0.025854 
113 1567 0.665531 -0.746370 -0.000495 -1.149363 0.746323 0.665482 0.011689 -2.622055 -0.008395 -0.008149 0.999932 -0.015966 
114 1567 0.706746 -0.707465 -0.002241 -0.854069 0.707432 0.706675 0.012282 -2.367645 -0.007106 -0.010266 0.999923 -0.014348 
115 1567 0.744958 -0.667091 -0.005309 -0.578053 0.667087 0.744838 0.014584 -2.147781 -0.005775 -0.014406 0.999880 -0.015166 
116 1567 0.777747 -0.628536 -0.007259 -0.273508 0.628564 0.777602 0.015590 -1.944443 -0.004155 -0.016688 0.999853 -0.011475 
117 1567 0.805544 -0.592525 -0.003596 0.053795 0.592529 0.805490 0.009815 -1.738495 -0.002919 -0.010037 0.999946 -0.013569 
118 1567 0.829583 -0.558336 0.007278 0.379559 0.558346 0.829608 0.000785 -1.577271 -0.006477 0.003413 0.999974 -0.001965 
119 1567 0.849321 -0.527726 0.012600 0.712334 0.527793 0.849369 -0.002564 -1.404602 -0.009349 0.008828 0.999917 -0.005000 
120 1567 0.866781 -0.498612 0.008813 1.048100 0.498637 0.866811 -0.000747 -1.218719 -0.007267 0.005042 0.999962 -0.001608 
121 1567 0.881894 -0.471447 -0.000987 1.372034 0.471445 0.881877 0.005768 -1.036064 -0.001848 -0.005552 0.999983 -0.001328 
122 1567 0.895011 -0.445992 -0.006958 1.726841 0.446041 0.894964 0.009337 -0.862358 0.002063 -0.011461 0.999933 0.007512 
123 1567 0.906298 -0.422570 -0.007641 2.098246 0.422623 0.906273 0.007628 -0.705963 0.003701 -0.010142 0.999942 0.017033 
124 1567 0.915617 -0.401994 -0.006931 2.467001 0.402002 0.915639 -0.000152 -0.560356 0.006407 -0.002647 0.999977 0.020897 
125 1567 0.923615 -0.383179 -0.010419 2.844963 0.383106 0.923667 -0.008393 -0.422363 0.012840 0.003760 0.999911 0.021797 
126 1567 0.931490 -0.363361 -0.017237 3.246599 0.363225 0.931642 -0.010529 -0.276321 0.019885 0.003547 0.999797 0.013931 
127 1567 0.938030 -0.346045 -0.018815 3.668644 0.345955 0.938217 -0.007938 -0.118919 0.020400 0.000936 0.999791 0.020247 
111 1568 0.602969 -0.797735 -0.006687 -2.326078 0.797735 0.602855 0.013637 -3.104713 -0.006847 -0.013557 0.999885 -0.037886 
112 1568 0.652298 -0.757949 -0.004319 -2.047222 0.757941 0.652225 0.011309 -2.817879 -0.005755 -0.010650 0.999927 -0.033618 
113 1568 0.696930 -0.717138 -0.000840 -1.772949 0.717116 0.696898 0.008912 -2.594398 -0.005805 -0.006813 0.999960 -0.022875 
114 1568 0.736438 -0.676500 -0.002559 -1.467020 0.676489 0.736390 0.009579 -2.352882 -0.004596 -0.008786 0.999952 -0.020324 
115 1568 0.772884 -0.634523 -0.005525 -1.181826 0.634539 0.772798 0.012011 -2.145058 -0.003351 -0.012789 0.999913 -0.020322 
116 1568 0.803989 -0.594596 -0.007430 -0.868843 0.594642 0.803885 0.013099 -1.954971 -0.001816 -0.014950 0.999887 -0.015836 
117 1568 0.830214 -0.557428 -0.004019 -0.533010 0.557444 0.830184 0.007172 -1.763252 -0.000662 -0.008195 0.999967 -0.017111 
118 1568 0.852768 -0.522248 0.006459 -0.200644 0.522272 0.852777 -0.002316 -1.616180 -0.004299 0.005348 0.999977 -0.004816 
119 1568 0.871180 -0.490824 0.011632 0.139233 0.490909 0.871192 -0.005890 -1.457939 -0.007243 0.010842 0.999915 -0.007122 
120 1568 0.887372 -0.460985 0.007926 0.482656 0.461024 0.887380 -0.003912 -1.286636 -0.005230 0.007126 0.999962 -0.002961 
121 1568 0.901300 -0.433190 -0.001586 0.814124 0.433195 0.901295 0.003017 -1.118027 0.000122 -0.003406 0.999994 -0.001931 
122 1568 0.913313 -0.407192 -0.007398 1.176047 0.407240 0.913296 0.006839 -0.959732 0.003972 -0.009259 0.999950 0.007658 
123 1568 0.923584 -0.383308 -0.008153 1.553809 0.383355 0.923586 0.005160 -0.819427 0.005552 -0.007892 0.999953 0.017889 
124 1568 0.932007 -0.362355 -0.007778 1.928465 0.362347 0.932040 -0.002643 -0.689781 0.008207 -0.000355 0.999967 0.022432 
125 1568 0.939183 -0.343219 -0.011616 2.311996 0.343107 0.939236 -0.010726 -0.568130 0.014592 0.006088 0.999875 0.023996 
126 1568 0.946191 -0.323077 -0.018519 2.719534 0.322887 0.946354 -0.012568 -0.439423 0.021586 0.005912 0.999750 0.016834 
127 1568 0.951984 -0.305493 -0.019985 3.147933 0.305351 0.952188 -0.009911 -0.300293 0.022057 0.003332 0.999751 0.023901 
128 1568 0.956575 -0.291064 -0.015660 3.574315 0.290954 0.956695 -0.008991 -0.165848 0.017599 0.004044 0.999837 0.034801 
112 1569 0.679732 -0.733457 -0.002257 -2.681603 0.733438 0.679683 0.009939 -2.759575 -0.005756 -0.008411 0.999948 -0.034107 
113 1569 0.722832 -0.691023 0.001131 -2.399279 0.690999 0.722818 0.007415 -2.546349 -0.005942 -0.004578 0.999972 -0.023504 
114 1569 0.760820 -0.648962 -0.000562 -2.084666 0.648945 0.760792 0.008146 -2.316254 -0.004859 -0.006562 0.999967 -0.021120 
115 1569 0.795700 -0.605681 -0.003437 -1.792021 0.605680 0.795637 0.010685 -2.119064 -0.003737 -0.010583 0.999937 -0.021298 
116 1569 0.825319 -0.564641 -0.005300 -1.472251 0.564663 0.825237 0.011843 -1.940628 -0.002313 -0.012767 0.999916 -0.017066 
117 1569 0.850159 -0.526520 -0.002109 -1.129593 0.526524 0.850141 0.005794 -1.761398 -0.001258 -0.006036 0.999981 -0.018632 
118 1569 0.871398 -0.490510 0.008012 -0.792022 0.490551 0.871403 -0.004073 -1.626671 -0.004984 0.007480 0.999960 -0.006686 
119 1569 0.888639 -0.458421 0.013051 -0.446555 0.458537 0.888641 -0.007835 -1.481026 -0.008006 0.012947 0.999884 -0.009338 
120 1569 0.903724 -0.428013 0.009420 -0.097054 0.428074 0.903726 -0.005722 -1.322479 -0.006064 0.009204 0.999940 -0.005511 
121 1569 0.916627 -0.399742 0.000170 0.240392 0.399743 0.916626 0.001552 -1.166191 -0.000776 -0.001355 0.999999 -0.004797 
122 1569 0.927683 -0.373330 -0.005498 0.607910 0.373358 0.927670 0.005586 -1.021332 0.003015 -0.007235 0.999970 0.004408 
123 1569 0.937071 -0.349081 -0.006315 0.990592 0.349109 0.937074 0.003936 -0.895042 0.004543 -0.005893 0.999972 0.014202 
124 1569 0.944720 -0.327819 -0.006226 1.369773 0.327801 0.944739 -0.003876 -0.779266 0.007153 0.001620 0.999973 0.018299 
125 1569 0.951193 -0.308420 -0.010360 1.757522 0.308300 0.951216 -0.011813 -0.671806 0.013498 0.008042 0.999876 0.019388 
126 1569 0.957465 -0.288030 -0.017326 2.169508 0.287826 0.957589 -0.013399 -0.558182 0.020451 0.007842 0.999760 0.011722 
127 1569 0.962609 -0.270248 -0.018693 2.602746 0.270088 0.962776 -0.010690 -0.434906 0.020886 0.005241 0.999768 0.018265 
128 1569 0.966660 -0.255662 -0.014337 3.033803 0.255538 0.966748 -0.009929 -0.316254 0.016399 0.005935 0.999848 0.028637 
129 1569 0.970278 -0.241754 -0.010711 3.498920 0.241661 0.970316 -0.009343 -0.208855 0.012651 0.006477 0.999899 0.045932 
130 1569 0.973148 -0.230034 -0.008133 3.965141 0.229953 0.973152 -0.009902 -0.101959 0.010192 0.007766 0.999917 0.058982 
113 1570 0.739945 -0.672660 0.003317 -2.977407 0.672612 0.739937 0.009337 -2.499405 -0.008735 -0.004678 0.999951 -0.028391 
114 1570 0.776868 -0.629663 0.001643 -2.657112 0.629619 0.776839 0.010110 -2.277290 -0.007642 -0.006820 0.999948 -0.027081 
115 1570 0.810652 -0.585529 -0.001168 -2.359606 0.585494 0.810578 0.012720 -2.087502 -0.006501 -0.010995 0.999918 -0.028225 
116 1570 0.839234 -0.543763 -0.003001 -2.035448 0.543749 0.839133 0.013924 -1.917152 -0.005053 -0.013318 0.999898 -0.024973 
117 1570 0.863111 -0.505014 0.000037 -1.688400 0.505000 0.863085 0.007798 -1.746590 -0.003970 -0.006712 0.999969 -0.027566 
118 1570 0.883432 -0.468455 0.009907 -1.347529 0.468498 0.883462 -0.002320 -1.620361 -0.007665 0.006692 0.999948 -0.016549 
119 1570 0.899857 -0.435932 0.014849 -0.998519 0.436055 0.899899 -0.006208 -1.483444 -0.010656 0.012062 0.999870 -0.020166 
120 1570 0.914176 -0.405163 0.011273 -0.645140 0.405226 0.914208 -0.004005 -1.333717 -0.008683 0.008229 0.999929 -0.017337 
121 1570 0.926375 -0.376598 0.002208 -0.303874 0.376590 0.926374 0.003499 -1.185959 -0.003363 -0.002410 0.999991 -0.017594 
122 1570 0.936771 -0.349928 -0.003357 0.067184 0.349944 0.936739 0.007674 -1.050346 0.000459 -0.008364 0.999965 -0.009396 
123 1570 0.945551 -0.325448 -0.004214 0.452937 0.325469 0.945533 0.006046 -0.933701 0.002017 -0.007088 0.999972 -0.000601 
124 1570 0.952667 -0.303985 -0.004322 0.834912 0.303981 0.952677 -0.001766 -0.827484 0.004654 0.000368 0.999989 0.002525 
125 1570 0.958662 -0.284417 -0.008654 1.225240 0.284336 0.958677 -0.009597 -0.729782 0.011026 0.006739 0.999916 0.002643 
126 1570 0.964431 -0.263874 -0.015658 1.639934 0.263725 0.964535 -0.011008 -0.626556 0.018007 0.006487 0.999817 -0.006054 
127 1570 0.969129 -0.245972 -0.016957 2.076143 0.245864 0.969269 -0.008265 -0.514191 0.018468 0.003841 0.999821 -0.000603 
128 1570 0.972804 -0.231290 -0.012583 2.510065 0.231208 0.972875 -0.007614 -0.406380 0.014003 0.004498 0.999892 0.008691 
129 1570 0.976065 -0.217296 -0.008943 2.977768 0.217237 0.976093 -0.007119 -0.310669 0.010276 0.005006 0.999934 0.024864 
130 1570 0.978636 -0.205506 -0.006380 3.446551 0.205456 0.978637 -0.007742 -0.215500 0.007834 0.006266 0.999949 0.036791 
131 1570 0.980734 -0.195295 -0.004614 3.928465 0.195231 0.980688 -0.011703 -0.127342 0.006810 0.010577 0.999920 0.045003 
114 1571 0.793098 -0.609078 0.004598 -3.257937 0.609000 0.793084 0.011648 -2.215019 -0.010741 -0.006438 0.999922 -0.028091 
115 1571 0.825715 -0.564085 0.001857 -2.955560 0.564006 0.825647 0.014331 -2.033119 -0.009617 -0.010786 0.999896 -0.030337 
116 1571 0.853196 -0.521590 0.000056 -2.627036 0.521527 0.853092 0.015583 -1.871323 -0.008176 -0.013267 0.999879 -0.028226 
117 1571 0.876051 -0.482209 0.002932 -2.275640 0.482167 0.876029 0.009379 -1.709938 -0.007092 -0.006803 0.999952 -0.032020 
118 1571 0.895397 -0.445092 0.012534 -1.931545 0.445138 0.895462 -0.000995 -1.592674 -0.010781 0.006470 0.999922 -0.022114 
119 1571 0.910957 -0.412134 0.017372 -1.579074 0.412270 0.911048 -0.005011 -1.464973 -0.013761 0.011726 0.999836 -0.026882 
120 1571 0.924468 -0.381011 0.013855 -1.221882 0.381080 0.924538 -0.002714 -1.324570 -0.011775 0.007789 0.999901 -0.025237 
121 1571 0.935925 -0.352165 0.004990 -0.876857 0.352142 0.935933 0.005025 -1.185814 -0.006440 -0.002946 0.999975 -0.026643 
122 1571 0.945629 -0.325249 -0.000463 -0.502347 0.325238 0.945586 0.009345 -1.059975 -0.002602 -0.008988 0.999957 -0.019652 
123 1571 0.953768 -0.300543 -0.001363 -0.113645 0.300544 0.953736 0.007739 -0.953476 -0.001026 -0.007791 0.999969 -0.012072 
124 1571 0.960325 -0.278881 -0.001676 0.270993 0.278881 0.960325 -0.000066 -0.857315 0.001628 -0.000404 0.999999 -0.010134 
125 1571 0.965819 -0.259144 -0.006212 0.663749 0.259096 0.965820 -0.007781 -0.769905 0.008016 0.005906 0.999951 -0.011211 
126 1571 0.971064 -0.238456 -0.013251 1.080983 0.238351 0.971137 -0.009008 -0.677612 0.015017 0.005589 0.999872 -0.021177 
127 1571 0.975293 -0.220443 -0.014477 1.520005 0.220374 0.975395 -0.006232 -0.576714 0.015495 0.002888 0.999876 -0.017067 
128 1571 0.978570 -0.205669 -0.010088 1.956629 0.205619 0.978615 -0.005696 -0.480324 0.011043 0.003500 0.999933 -0.009101 
129 1571 0.981454 -0.191594 -0.006436 2.426723 0.191562 0.981466 -0.005297 -0.396896 0.007331 0.003966 0.999966 0.005675 
130 1571 0.983707 -0.179738 -0.003890 2.897873 0.179713 0.983701 -0.005987 -0.314034 0.004902 0.005190 0.999974 0.016203 
131 1571 0.985534 -0.169465 -0.002229 3.381956 0.169435 0.985491 -0.009993 -0.238533 0.003890 0.009471 0.999948 0.022992 
132 1571 0.987029 -0.160532 -0.002241 3.872270 0.160493 0.986959 -0.012423 -0.166862 0.004206 0.011902 0.999921 0.028093 
116 1572 0.864322 -0.502905 0.005898 -3.196365 0.502775 0.864278 0.015465 -1.819107 -0.012875 -0.010401 0.999864 -0.012591 
117 1572 0.886317 -0.462998 0.008639 -2.841556 0.462925 0.886349 0.009200 -1.665421 -0.011916 -0.004155 0.999921 -0.018320 
118 1572 0.904830 -0.425393 0.018011 -2.494932 0.425484 0.904965 -0.001381 -1.555710 -0.015712 0.008913 0.999838 -0.010310 
119 1572 0.919652 -0.392074 0.022760 -2.139790 0.392284 0.919828 -0.005502 -1.435730 -0.018778 0.013988 0.999726 -0.017019 
120 1572 0.932489 -0.360685 0.019294 -1.779613 0.360806 0.932636 -0.003129 -1.303162 -0.016866 0.009880 0.999810 -0.017340 
121 1572 0.943341 -0.331657 0.010601 -1.431654 0.331624 0.943399 0.004802 -1.171974 -0.011594 -0.001014 0.999932 -0.020646 
122 1572 0.952476 -0.304570 0.005244 -1.054453 0.304514 0.952462 0.009240 -1.054344 -0.007808 -0.007204 0.999944 -0.015718 
123 1572 0.960082 -0.279686 0.004309 -0.663481 0.279649 0.960071 0.007654 -0.956360 -0.006277 -0.006143 0.999961 -0.010277 
124 1572 0.966179 -0.257845 0.003826 -0.276831 0.257847 0.966185 -0.000143 -0.868622 -0.003659 0.001125 0.999993 -0.010457 
125 1572 0.971275 -0.237959 -0.000878 0.117728 0.237946 0.971247 -0.007757 -0.789803 0.002698 0.007325 0.999970 -0.013696 
126 1572 0.976104 -0.217161 -0.007942 0.536817 0.217091 0.976111 -0.008830 -0.706635 0.009670 0.006895 0.999930 -0.025959 
127 1572 0.979943 -0.199075 -0.009107 0.977952 0.199026 0.979975 -0.006028 -0.615349 0.010125 0.004094 0.999940 -0.024267 
128 1572 0.982872 -0.184231 -0.004707 1.416615 0.184204 0.982872 -0.005588 -0.528511 0.005656 0.004625 0.999974 -0.018704 
129 1572 0.985428 -0.170095 -0.001047 1.888493 0.170087 0.985414 -0.005268 -0.455360 0.001928 0.005014 0.999986 -0.006517 
130 1572 0.987409 -0.158186 0.001483 2.361390 0.158192 0.987390 -0.006014 -0.382820 -0.000513 0.006173 0.999981 0.001417 
131 1572 0.989005 -0.147854 0.003056 2.847036 0.147877 0.988954 -0.010055 -0.317909 -0.001536 0.010397 0.999945 0.005541 
132 1572 0.990306 -0.138877 0.002991 3.338820 0.138904 0.990227 -0.012484 -0.256958 -0.001228 0.012779 0.999918 0.007943 
133 1572 0.991365 -0.131109 0.002700 3.879146 0.131134 0.991256 -0.014683 -0.191025 -0.000751 0.014911 0.999889 0.010341 
117 1573 0.892612 -0.450566 0.015242 -3.396201 0.450541 0.892740 0.005278 -1.636787 -0.015985 0.002156 0.999869 0.001145 
118 1573 0.910574 -0.412620 0.024465 -3.048032 0.412859 0.910779 -0.005433 -1.531960 -0.020040 0.015047 0.999686 0.007299 
119 1573 0.924910 -0.379064 0.029155 -2.691296 0.379467 0.925155 -0.009619 -1.416931 -0.023326 0.019960 0.999528 -0.001283 
120 1573 0.937317 -0.347527 0.025723 -2.329309 0.347806 0.937539 -0.007198 -1.289406 -0.021615 0.015694 0.999643 -0.003464 
121 1573 0.947793 -0.318422 0.017143 -1.979577 0.318456 0.947937 0.000853 -1.163086 -0.016522 0.004651 0.999852 -0.008555 
122 1573 0.956573 -0.291252 0.011848 -1.600744 0.291206 0.956644 0.005365 -1.050751 -0.012897 -0.001682 0.999915 -0.005653 
123 1573 0.963840 -0.266257 0.010891 -1.208414 0.266231 0.963901 0.003792 -0.958267 -0.011508 -0.000756 0.999933 -0.002402 
124 1573 0.969648 -0.244286 0.010300 -0.820582 0.244337 0.969681 -0.003997 -0.875923 -0.009011 0.006392 0.999939 -0.004781 
125 1573 0.974506 -0.224291 0.005490 -0.424989 0.224342 0.974441 -0.011544 -0.802612 -0.002760 0.012482 0.999918 -0.010303 
126 1573 0.979088 -0.203431 -0.001589 -0.004866 0.203395 0.979016 -0.012518 -0.725266 0.004102 0.011933 0.999920 -0.024994 
127 1573 0.982676 -0.185310 -0.002715 0.437505 0.185277 0.982638 -0.009700 -0.640167 0.004465 0.009029 0.999948 -0.025843 
128 1573 0.985369 -0.170425 0.001692 0.877366 0.170433 0.985324 -0.009322 -0.559486 -0.000078 0.009474 0.999955 -0.022822 
129 1573 0.987702 -0.156252 0.005356 1.350290 0.156296 0.987668 -0.009054 -0.492989 -0.003875 0.009779 0.999944 -0.013445 
130 1573 0.989501 -0.144310 0.007875 1.824197 0.144384 0.989473 -0.009834 -0.427086 -0.006373 0.010868 0.999920 -0.008329 
131 1573 0.990946 -0.133929 0.009391 2.310720 0.134051 0.990876 -0.013897 -0.368980 -0.007444 0.015031 0.999859 -0.007135 
132 1573 0.992123 -0.124921 0.009291 2.803313 0.125060 0.992015 -0.016325 -0.314911 -0.007178 0.017359 0.999823 -0.007718 
133 1573 0.993076 -0.117125 0.008970 3.344512 0.117275 0.992927 -0.018520 -0.256546 -0.006737 0.019443 0.999787 -0.008603 
134 1573 0.993812 -0.110725 0.008773 3.884591 0.110883 0.993628 -0.020210 -0.198235 -0.006480 0.021058 0.999757 -0.011850 
118 1574 0.914551 -0.403621 0.026182 -3.615017 0.403834 0.914828 -0.003141 -1.506302 -0.022684 0.013446 0.999653 0.020888 
119 1574 0.928552 -0.369917 0.030830 -3.257183 0.370294 0.928886 -0.007374 -1.394814 -0.025909 0.018263 0.999497 0.011389 
120 1574 0.940650 -0.338267 0.027423 -2.893965 0.338517 0.940948 -0.004919 -1.270851 -0.024139 0.013910 0.999612 0.008250 
121 1574 0.950847 -0.309081 0.018922 -2.543018 0.309078 0.951031 0.003217 -1.147987 -0.018990 0.002790 0.999816 0.002226 
122 1574 0.959364 -0.281838 0.013672 -2.163095 0.281753 0.959456 0.007781 -1.039383 -0.015311 -0.003612 0.999877 0.004180 
123 1574 0.966388 -0.256772 0.012700 -1.769869 0.256711 0.966468 0.006218 -0.950745 -0.013870 -0.002749 0.999900 0.006510 
124 1574 0.971985 -0.234732 0.012031 -1.381252 0.234767 0.972051 -0.001566 -0.872238 -0.011328 0.004346 0.999927 0.003244 
125 1574 0.976657 -0.214681 0.007148 -0.984968 0.214742 0.976629 -0.009065 -0.802834 -0.005035 0.010388 0.999933 -0.003157 
126 1574 0.981045 -0.193777 0.000060 -0.564132 0.193768 0.980997 -0.009969 -0.729660 0.001873 0.009792 0.999951 -0.018778 
127 1574 0.984456 -0.175627 -0.001038 -0.120948 0.175616 0.984433 -0.007140 -0.648918 0.002276 0.006847 0.999974 -0.020617 
128 1574 0.986994 -0.160716 0.003372 0.319690 0.160735 0.986974 -0.006805 -0.572563 -0.002234 0.007259 0.999971 -0.018570 
129 1574 0.989182 -0.146520 0.007038 0.793261 0.146566 0.989179 -0.006573 -0.510681 -0.005999 0.007534 0.999954 -0.010189 
130 1574 0.990859 -0.134558 0.009550 1.267801 0.134631 0.990869 -0.007379 -0.449432 -0.008470 0.008597 0.999927 -0.006069 
131 1574 0.992201 -0.124157 0.011026 1.754872 0.124282 0.992181 -0.011457 -0.396111 -0.009517 0.012738 0.999874 -0.005873 
132 1574 0.993290 -0.115134 0.010902 2.247971 0.115280 0.993237 -0.013883 -0.346893 -0.009230 0.015047 0.999845 -0.007455 
133 1574 0.994167 -0.107326 0.010559 2.789716 0.107487 0.994077 -0.016075 -0.293846 -0.008771 0.017116 0.999815 -0.009434 
134 1574 0.994840 -0.100916 0.010346 3.330335 0.101089 0.994720 -0.017763 -0.240860 -0.008498 0.018717 0.999789 -0.013773 
135 1574 0.995413 -0.095166 0.009742 3.877338 0.095333 0.995276 -0.018419 -0.190224 -0.007943 0.019263 0.999783 -0.015794 
120 1575 0.943914 -0.329299 0.024276 -3.485507 0.329428 0.944180 -0.001421 -1.243820 -0.022453 0.009339 0.999705 0.000702 
121 1575 0.953812 -0.299984 0.015853 -3.133384 0.299912 0.953942 0.006796 -1.124329 -0.017161 -0.001728 0.999851 -0.004680 
122 1575 0.962057 -0.272641 0.010647 -2.752447 0.272521 0.962082 0.011410 -1.019348 -0.013354 -0.008076 0.999879 -0.001940 
123 1575 0.968836 -0.247512 0.009659 -2.358401 0.247419 0.968858 0.009857 -0.934464 -0.011798 -0.007159 0.999904 0.001292 
124 1575 0.974216 -0.225442 0.008917 -1.969043 0.225432 0.974257 0.002080 -0.859680 -0.009156 -0.000016 0.999958 -0.001048 
125 1575 0.978677 -0.205367 0.003961 -1.572095 0.205387 0.978666 -0.005372 -0.794090 -0.002774 0.006071 0.999978 -0.006466 
126 1575 0.982843 -0.184420 -0.003135 -1.150532 0.184399 0.982832 -0.006209 -0.724991 0.004226 0.005524 0.999976 -0.021040 
127 1575 0.986078 -0.166230 -0.004206 -0.706593 0.166216 0.986083 -0.003369 -0.648483 0.004707 0.002623 0.999985 -0.021791 
128 1575 0.988488 -0.151295 0.000207 -0.265254 0.151295 0.988484 -0.003077 -0.576332 0.000261 0.003073 0.999995 -0.018647 
129 1575 0.990552 -0.137080 0.003876 0.208858 0.137092 0.990554 -0.002879 -0.518951 -0.003444 0.003384 0.999988 -0.009012 
130 1575 0.992123 -0.125106 0.006379 0.683947 0.125132 0.992134 -0.003709 -0.462219 -0.005865 0.004478 0.999972 -0.003633 
131 1575 0.993369 -0.114706 0.007816 1.171503 0.114767 0.993362 -0.007801 -0.413559 -0.006870 0.008646 0.999939 -0.002108 
132 1575 0.994371 -0.105680 0.007670 1.665053 0.105756 0.994340 -0.010227 -0.369049 -0.006546 0.010980 0.999919 -0.002328 
133 1575 0.995172 -0.097871 0.007305 2.207284 0.097956 0.995114 -0.012415 -0.321182 -0.006055 0.013070 0.999896 -0.002806 
134 1575 0.995783 -0.091460 0.007076 2.748395 0.091553 0.995701 -0.014101 -0.273376 -0.005756 0.014689 0.999876 -0.005648 
135 1575 0.996299 -0.085707 0.006466 3.295862 0.085795 0.996204 -0.014751 -0.227982 -0.005177 0.015251 0.999870 -0.006142 
136 1575 0.996686 -0.081143 0.005742 3.881918 0.081219 0.996591 -0.014483 -0.184853 -0.004548 0.014901 0.999879 -0.010588 
121 1576 0.956547 -0.291354 0.011432 -3.721451 0.291262 0.956600 0.009125 -1.102043 -0.013594 -0.005398 0.999893 -0.027629 
122 1576 0.964527 -0.263911 0.006267 -3.339598 0.263807 0.964477 0.013785 -1.000496 -0.009683 -0.011643 0.999886 -0.023428 
123 1576 0.971073 -0.238726 0.005266 -2.944820 0.238649 0.971029 0.012241 -0.919144 -0.008035 -0.010630 0.999911 -0.018628 
124 1576 0.976241 -0.216640 0.004453 -2.554797 0.216621 0.976246 0.004472 -0.847885 -0.005316 -0.003401 0.999981 -0.019396 
125 1576 0.980493 -0.196553 -0.000570 -2.157254 0.196552 0.980489 -0.002936 -0.785889 0.001135 0.002767 0.999996 -0.023185 
126 1576 0.984438 -0.175568 -0.007673 -1.735023 0.175544 0.984465 -0.003708 -0.720634 0.008205 0.002304 0.999964 -0.036028 
127 1576 0.987507 -0.157336 -0.008718 -1.290413 0.157335 0.987545 -0.000859 -0.648140 0.008745 -0.000523 0.999961 -0.034965 
128 1576 0.989802 -0.142383 -0.004303 -0.848459 0.142381 0.989812 -0.000606 -0.579956 0.004346 -0.000013 0.999991 -0.030010 
129 1576 0.991755 -0.128151 -0.000633 -0.373896 0.128151 0.991754 -0.000442 -0.526817 0.000684 0.000358 1.000000 -0.018378 
130 1576 0.993228 -0.116169 0.001863 0.101656 0.116171 0.993229 -0.001295 -0.474358 -0.001700 0.001502 0.999997 -0.010997 
131 1576 0.994385 -0.105776 0.003263 0.589620 0.105793 0.994374 -0.005399 -0.430084 -0.002674 0.005714 0.999980 -0.007395 
132 1576 0.995304 -0.096753 0.003095 1.083547 0.096774 0.995276 -0.007823 -0.390038 -0.002323 0.008086 0.999965 -0.005499 
133 1576 0.996033 -0.088946 0.002711 1.626185 0.088969 0.995985 -0.010008 -0.347054 -0.001810 0.010210 0.999946 -0.003651 
134 1576 0.996585 -0.082538 0.002467 2.167713 0.082561 0.996518 -0.011692 -0.304131 -0.001493 0.011856 0.999929 -0.004172 
135 1576 0.997046 -0.076783 0.001851 2.715564 0.076800 0.996971 -0.012337 -0.263664 -0.000898 0.012443 0.999922 -0.002311 
136 1576 0.997389 -0.072214 0.001130 3.302000 0.072223 0.997316 -0.012062 -0.225822 -0.000256 0.012112 0.999927 -0.004222 
137 1576 0.997734 -0.067275 0.001117 3.911957 0.067285 0.997622 -0.014903 -0.186111 -0.000111 0.014945 0.999888 -0.002004 
123 1577 0.972261 -0.233882 0.002687 -3.537162 0.233833 0.972199 0.012215 -0.915718 -0.005470 -0.011247 0.999921 -0.032888 
124 1577 0.977314 -0.211790 0.001836 -3.146790 0.211780 0.977307 0.004449 -0.846390 -0.002736 -0.003960 0.999989 -0.032626 
125 1577 0.981448 -0.191699 -0.003223 -2.748935 0.191691 0.981451 -0.002933 -0.786362 0.003726 0.002261 0.999990 -0.035365 
126 1577 0.985271 -0.170693 -0.010330 -2.326354 0.170664 0.985322 -0.003670 -0.723198 0.010805 0.001853 0.999940 -0.047093 
127 1577 0.988248 -0.152439 -0.011361 -1.881394 0.152439 0.988312 -0.000816 -0.652901 0.011353 -0.000925 0.999935 -0.044856 
128 1577 0.990481 -0.137476 -0.006945 -1.439123 0.137474 0.990505 -0.000585 -0.586906 0.006960 -0.000375 0.999976 -0.038733 
129 1577 0.992372 -0.123236 -0.003274 -0.964334 0.123235 0.992377 -0.000439 -0.536140 0.003303 0.000032 0.999994 -0.025848 
130 1577 0.993793 -0.111249 -0.000782 -0.488549 0.111248 0.993792 -0.001304 -0.486038 0.000922 0.001209 0.999998 -0.017211 
131 1577 0.994901 -0.100862 0.000598 -0.000383 0.100864 0.994885 -0.005416 -0.444176 -0.000048 0.005448 0.999985 -0.012321 
132 1577 0.995774 -0.091841 0.000417 0.493730 0.091841 0.995743 -0.007839 -0.406570 0.000304 0.007844 0.999969 -0.009121 
133 1577 0.996463 -0.084036 0.000023 1.036567 0.084032 0.996413 -0.010022 -0.366287 0.000820 0.009988 0.999949 -0.005841 
134 1577 0.996982 -0.077630 -0.000230 1.578301 0.077622 0.996914 -0.011705 -0.326050 0.001138 0.011651 0.999932 -0.004932 
135 1577 0.997413 -0.071874 -0.000849 2.126339 0.071858 0.997338 -0.012346 -0.288300 0.001734 0.012253 0.999923 -0.001624 
136 1577 0.997732 -0.067303 -0.001569 2.712958 0.067279 0.997661 -0.012068 -0.253365 0.002377 0.011935 0.999926 -0.001987 
137 1577 0.998052 -0.062370 -0.001596 3.323097 0.062340 0.997943 -0.014909 -0.216675 0.002522 0.014780 0.999887 0.001841 
138 1577 0.998298 -0.058305 -0.001365 3.923236 0.058275 0.998169 -0.016212 -0.172768 0.002308 0.016105 0.999868 0.006541 
124 1578 0.977987 -0.208656 0.001792 -3.748733 0.208646 0.977980 0.004498 -0.837090 -0.002691 -0.004025 0.999989 -0.036822 
125 1578 0.982057 -0.188552 -0.003290 -3.350688 0.188544 0.982060 -0.002868 -0.778336 0.003772 0.002196 0.999991 -0.039540 
126 1578 0.985812 -0.167534 -0.010400 -2.927905 0.167505 0.985864 -0.003583 -0.716522 0.010853 0.001790 0.999940 -0.051248 
127 1578 0.988731 -0.149270 -0.011422 -2.482723 0.149271 0.988795 -0.000725 -0.647652 0.011402 -0.000988 0.999934 -0.048988 
128 1578 0.990916 -0.134300 -0.007005 -2.040243 0.134299 0.990940 -0.000508 -0.583084 0.007010 -0.000437 0.999976 -0.042843 
129 1578 0.992762 -0.120054 -0.003333 -1.565295 0.120053 0.992767 -0.000374 -0.533829 0.003354 -0.000029 0.999995 -0.029934 
130 1578 0.994144 -0.108063 -0.000844 -1.089352 0.108062 0.994144 -0.001247 -0.485237 0.000974 0.001148 0.999999 -0.021272 
131 1578 0.995219 -0.097673 0.000522 -0.601054 0.097674 0.995204 -0.005363 -0.444954 0.000004 0.005388 0.999986 -0.016355 
132 1578 0.996063 -0.088649 0.000334 -0.106824 0.088649 0.996032 -0.007785 -0.408936 0.000357 0.007784 0.999970 -0.013129 
133 1578 0.996727 -0.080842 -0.000067 0.436139 0.080838 0.996677 -0.009967 -0.370384 0.000873 0.009929 0.999950 -0.009819 
134 1578 0.997225 -0.074435 -0.000325 0.978000 0.074426 0.997159 -0.011649 -0.331886 0.001191 0.011593 0.999933 -0.008881 
135 1578 0.997638 -0.068678 -0.000946 1.526155 0.068661 0.997564 -0.012289 -0.295891 0.001788 0.012195 0.999924 -0.005544 
136 1578 0.997942 -0.064105 -0.001666 2.112883 0.064081 0.997872 -0.012008 -0.262840 0.002432 0.011876 0.999927 -0.005874 
137 1578 0.998246 -0.059172 -0.001702 2.723136 0.059140 0.998139 -0.014849 -0.228104 0.002577 0.014722 0.999889 -0.002013 
138 1578 0.998479 -0.055106 -0.001475 3.323411 0.055075 0.998351 -0.016153 -0.186127 0.002362 0.016047 0.999869 0.002719 
139 1578 0.998623 -0.052449 -0.000876 3.951628 0.052426 0.998470 -0.017564 -0.155678 0.001796 0.017494 0.999846 0.007050 
126 1579 0.986069 -0.166037 -0.010032 -3.552621 0.166026 0.986120 -0.001875 -0.716209 0.010204 0.000183 0.999948 -0.054022 
127 1579 0.988961 -0.147769 -0.011050 -3.107334 0.147789 0.989019 0.000984 -0.648018 0.010783 -0.002606 0.999938 -0.052044 
128 1579 0.991121 -0.132796 -0.006633 -2.664754 0.132806 0.991141 0.001194 -0.584099 0.006415 -0.002064 0.999977 -0.046172 
129 1579 0.992944 -0.118547 -0.002961 -2.189727 0.118551 0.992947 0.001323 -0.535545 0.002783 -0.001665 0.999995 -0.033522 
130 1579 0.994307 -0.106553 -0.000473 -1.713707 0.106553 0.994308 0.000447 -0.487679 0.000423 -0.000494 0.999999 -0.025119 
131 1579 0.995366 -0.096160 0.000887 -1.225348 0.096163 0.995359 -0.003672 -0.448120 -0.000530 0.003740 0.999992 -0.020451 
132 1579 0.996197 -0.087134 0.000695 -0.731062 0.087136 0.996178 -0.006094 -0.412842 -0.000162 0.006131 0.999981 -0.017469 
133 1579 0.996849 -0.079326 0.000290 -0.188039 0.079325 0.996815 -0.008275 -0.375122 0.000367 0.008272 0.999965 -0.014426 
134 1579 0.997338 -0.072916 0.000030 0.353879 0.072913 0.997290 -0.009957 -0.337440 0.000696 0.009932 0.999951 -0.013754 
135 1579 0.997742 -0.067159 -0.000592 0.902090 0.067149 0.997687 -0.010595 -0.302269 0.001302 0.010532 0.999943 -0.010680 
136 1579 0.998039 -0.062586 -0.001311 1.488867 0.062569 0.997988 -0.010313 -0.270111 0.001954 0.010211 0.999946 -0.011284 
137 1579 0.998336 -0.057651 -0.001351 2.099174 0.057628 0.998252 -0.013155 -0.236290 0.002107 0.013055 0.999912 -0.007708 
138 1579 0.998563 -0.053584 -0.001126 2.699514 0.053562 0.998460 -0.014459 -0.195213 0.001899 0.014377 0.999895 -0.003269 
139 1579 0.998702 -0.050927 -0.000530 3.327778 0.050912 0.998577 -0.015871 -0.165703 0.001337 0.015824 0.999874 0.000777 
140 1579 0.998823 -0.048492 -0.000022 3.979061 0.048484 0.998667 -0.017737 -0.138397 0.000882 0.017715 0.999843 0.002825 
127 1580 0.989238 -0.145940 -0.010515 -3.729336 0.145999 0.989272 0.005013 -0.648125 0.009671 -0.006494 0.999932 -0.052029 
128 1580 0.991369 -0.130963 -0.006097 -3.286635 0.130994 0.991370 0.005215 -0.585007 0.005362 -0.005969 0.999968 -0.046646 
129 1580 0.993164 -0.116710 -0.002425 -2.811512 0.116721 0.993150 0.005337 -0.537285 0.001786 -0.005584 0.999983 -0.034441 
130 1580 0.994503 -0.104714 0.000061 -2.335400 0.104712 0.994493 0.004456 -0.490265 -0.000527 -0.004425 0.999990 -0.026480 
131 1580 0.995542 -0.094316 0.001414 -1.846965 0.094316 0.995543 0.000336 -0.451591 -0.001439 -0.000201 0.999999 -0.022228 
132 1580 0.996356 -0.085287 0.001217 -1.352613 0.085289 0.996355 -0.002086 -0.417213 -0.001035 0.002183 0.999997 -0.019647 
133 1580 0.996994 -0.077477 0.000808 -0.809520 0.077479 0.996986 -0.004267 -0.380486 -0.000475 0.004316 0.999990 -0.017040 
134 1580 0.997472 -0.071066 0.000545 -0.267533 0.071068 0.997455 -0.005948 -0.343803 -0.000121 0.005972 0.999983 -0.016804 
