921 4190 0.490175 0.871631 -0.000683 3.159027 -0.870066 0.489251 -0.060209 2.339905 -0.052145 0.030106 0.998182 0.025864 
922 4190 0.525095 0.851051 -0.000034 3.491333 -0.849559 0.524176 -0.059135 1.773804 -0.050308 0.031079 0.998247 0.022305 
919 4191 0.459101 0.888316 -0.011549 1.692474 -0.886610 0.457322 -0.069186 3.609558 -0.056177 0.042002 0.997533 0.035419 
920 4191 0.496990 0.867729 -0.007796 2.017670 -0.865943 0.495351 -0.069118 3.046082 -0.056114 0.041100 0.997574 0.029533 
921 4191 0.534744 0.845022 -0.000086 2.393097 -0.843199 0.533589 -0.065617 2.533936 -0.055401 0.035159 0.997841 0.036690 
922 4191 0.568550 0.822657 0.000507 2.754333 -0.820920 0.567394 -0.064510 1.985901 -0.053357 0.036260 0.997913 0.031048 
923 4191 0.594034 0.804438 -0.003990 3.136078 -0.802885 0.592569 -0.065153 1.451233 -0.050046 0.041906 0.997864 0.022972 
924 4191 0.617722 0.786367 -0.007692 3.557800 -0.785056 0.616066 -0.064479 0.954529 -0.045965 0.045868 0.997886 0.014343 
919 4192 0.511044 0.859532 -0.007160 0.834778 -0.857828 0.509471 -0.067664 3.750244 -0.054511 0.040720 0.997679 0.015446 
920 4192 0.547636 0.836717 -0.003417 1.192902 -0.834943 0.546204 -0.067373 3.207214 -0.054505 0.039747 0.997719 0.010605 
921 4192 0.583970 0.811773 0.004071 1.598175 -0.809991 0.583011 -0.063418 2.718323 -0.053854 0.033735 0.997975 0.018684 
922 4192 0.616390 0.787435 0.004597 1.991364 -0.785735 0.615427 -0.062278 2.192749 -0.051869 0.034774 0.998045 0.014042 
923 4192 0.640757 0.767752 0.000146 2.404297 -0.766208 0.639485 -0.063187 1.681763 -0.048605 0.040375 0.997998 0.006935 
924 4192 0.663342 0.748316 -0.003590 2.854797 -0.746993 0.661873 -0.062735 1.211060 -0.044569 0.044295 0.998021 -0.000828 
925 4192 0.682737 0.730672 -0.000665 3.322479 -0.729365 0.681467 -0.060317 0.722290 -0.043619 0.041665 0.998176 0.015171 
926 4192 0.697845 0.716229 0.006418 3.811737 -0.714760 0.696942 -0.058290 0.243652 -0.046222 0.036089 0.998276 0.019173 
919 4193 0.560320 0.828282 -0.001666 -0.078491 -0.826656 0.559096 -0.063714 3.754578 -0.051841 0.037076 0.997963 -0.013874 
920 4193 0.595509 0.803354 0.002054 0.310852 -0.801668 0.594426 -0.063203 3.233337 -0.051995 0.035991 0.997995 -0.017086 
921 4193 0.630320 0.776288 0.009297 0.744049 -0.774629 0.629683 -0.058816 2.769043 -0.051512 0.029870 0.998222 -0.007690 
922 4193 0.661267 0.750095 0.009756 1.167328 -0.748508 0.660622 -0.057647 2.267395 -0.049685 0.030817 0.998286 -0.010838 
923 4193 0.684453 0.729045 0.005365 1.609467 -0.727574 0.683509 -0.058815 1.781433 -0.046546 0.036351 0.998251 -0.016548 
924 4193 0.705881 0.708337 0.001610 2.086761 -0.707052 0.704738 -0.058582 1.337891 -0.042630 0.040213 0.998278 -0.023144 
925 4193 0.724212 0.689572 0.004388 2.582275 -0.688315 0.723254 -0.055997 0.877380 -0.041787 0.037532 0.998418 -0.005939 
926 4193 0.738434 0.674239 0.011340 3.098724 -0.672862 0.737833 -0.053559 0.428284 -0.044478 0.031918 0.998497 -0.000809 
927 4193 0.749359 0.661926 0.018063 3.627686 -0.660393 0.749069 -0.052782 -0.008789 -0.048468 0.027623 0.998439 0.001961 
919 4194 0.608256 0.793729 0.005428 -0.957962 -0.791912 0.607304 -0.063752 3.793518 -0.053897 0.034478 0.997947 -0.021267 
920 4194 0.641898 0.766743 0.009111 -0.538391 -0.764878 0.641091 -0.063021 3.296448 -0.054161 0.033483 0.997967 -0.025894 
921 4194 0.675043 0.737611 0.016082 -0.078339 -0.735819 0.674678 -0.058211 2.858643 -0.053787 0.027461 0.998171 -0.018044 
922 4194 0.704389 0.709630 0.016470 0.374008 -0.707906 0.704007 -0.057017 2.382996 -0.052056 0.028502 0.998234 -0.022713 
923 4194 0.726301 0.687276 0.012157 0.844177 -0.685632 0.725604 -0.058444 1.924194 -0.048988 0.034112 0.998213 -0.030006 
924 4194 0.746485 0.665357 0.008394 1.346939 -0.663874 0.745564 -0.058435 1.509766 -0.045138 0.038047 0.998253 -0.038288 
925 4194 0.763674 0.645516 0.011014 1.868988 -0.644081 0.762933 -0.055689 1.079529 -0.044351 0.035433 0.998384 -0.022835 
926 4194 0.776944 0.629326 0.017810 2.411224 -0.627810 0.776576 -0.052842 0.661926 -0.047085 0.029873 0.998441 -0.019524 
927 4194 0.787096 0.616353 0.024475 2.965240 -0.614715 0.787061 -0.051668 0.257080 -0.051108 0.025622 0.998361 -0.018612 
928 4194 0.794638 0.606360 0.029814 3.525406 -0.604443 0.794802 -0.054285 -0.163208 -0.056612 0.025115 0.998077 -0.027924 
920 4195 0.686238 0.727208 0.016022 -1.400742 -0.725096 0.685663 -0.064120 3.306580 -0.057614 0.032383 0.997810 -0.025143 
921 4195 0.717590 0.696103 0.022694 -0.915375 -0.694110 0.717461 -0.058903 2.897095 -0.057284 0.026515 0.998003 -0.019554 
922 4195 0.745223 0.666425 0.023010 -0.435455 -0.664498 0.745066 -0.057688 2.449280 -0.055589 0.027699 0.998067 -0.026531 
923 4195 0.765776 0.642840 0.018790 0.061264 -0.640961 0.765279 -0.059370 2.019348 -0.052544 0.033419 0.998056 -0.036156 
924 4195 0.784637 0.619781 0.015033 0.587830 -0.618043 0.783889 -0.059585 1.635681 -0.048714 0.037460 0.998107 -0.046783 
925 4195 0.800616 0.598931 0.017485 1.134674 -0.597261 0.800047 -0.056688 1.237427 -0.047941 0.034941 0.998236 -0.033764 
926 4195 0.812883 0.581937 0.024099 1.700882 -0.580222 0.812708 -0.053441 0.852844 -0.050684 0.029457 0.998277 -0.032925 
927 4195 0.822221 0.568348 0.030682 2.278076 -0.566537 0.822407 -0.051870 0.481812 -0.054713 0.025266 0.998179 -0.034496 
928 4195 0.829119 0.557909 0.036167 2.862274 -0.555823 0.829539 -0.054164 0.095764 -0.060220 0.024805 0.997874 -0.046341 
929 4195 0.833730 0.550771 0.039456 3.455750 -0.548348 0.834233 -0.058126 -0.290649 -0.064930 0.026825 0.997526 -0.050995 
920 4196 0.727197 0.686116 0.020951 -2.304688 -0.683982 0.726843 -0.062264 3.163208 -0.057948 0.030947 0.997836 -0.035858 
921 4196 0.756693 0.653207 0.027309 -1.796326 -0.651225 0.756773 -0.056667 2.782654 -0.057681 0.025094 0.998016 -0.030579 
922 4196 0.782558 0.621974 0.027554 -1.291183 -0.620053 0.782605 -0.055436 2.363464 -0.056043 0.026296 0.998078 -0.037838 
923 4196 0.801711 0.597260 0.023439 -0.770309 -0.595358 0.801416 -0.057361 1.963257 -0.053043 0.032031 0.998075 -0.047775 
924 4196 0.819211 0.573162 0.019701 -0.222321 -0.571378 0.818656 -0.057794 1.610901 -0.049254 0.036087 0.998131 -0.058788 
925 4196 0.833954 0.551404 0.021981 0.346786 -0.549701 0.833571 -0.054759 1.245056 -0.048517 0.033583 0.998254 -0.046169 
926 4196 0.845205 0.533695 0.028394 0.934402 -0.531980 0.845218 -0.051132 0.894165 -0.051288 0.028111 0.998284 -0.045765 
927 4196 0.853727 0.519560 0.034874 1.532227 -0.517777 0.854106 -0.049182 0.557312 -0.055339 0.023930 0.998177 -0.047794 
928 4196 0.859983 0.508723 0.040483 2.137909 -0.506685 0.860618 -0.051152 0.205872 -0.060862 0.023477 0.997867 -0.060093 
929 4196 0.864145 0.501326 0.043997 2.752823 -0.498958 0.864891 -0.054917 -0.145264 -0.065583 0.025502 0.997518 -0.065220 
930 4196 0.867133 0.496067 0.044789 3.382050 -0.493677 0.867919 -0.054862 -0.493530 -0.066088 0.025460 0.997485 -0.078270 
921 4197 0.793227 0.608248 0.028908 -2.655563 -0.606328 0.793334 -0.054745 2.724792 -0.056231 0.025896 0.998078 -0.041489 
922 4197 0.817241 0.575570 0.029081 -2.127014 -0.573711 0.817315 -0.053501 2.335632 -0.054561 0.027038 0.998141 -0.047779 
923 4197 0.834926 0.549798 0.025084 -1.583801 -0.547947 0.834665 -0.055661 1.966187 -0.051538 0.032727 0.998131 -0.056736 
924 4197 0.851002 0.524736 0.021378 -1.016296 -0.522994 0.850481 -0.056310 1.646118 -0.047729 0.036738 0.998181 -0.066738 
925 4197 0.864464 0.502154 0.023478 -0.426987 -0.500499 0.864111 -0.053148 1.313904 -0.046975 0.034193 0.998307 -0.053074 
926 4197 0.874675 0.483810 0.029670 0.179947 -0.482156 0.874711 -0.049156 0.997559 -0.049734 0.028689 0.998347 -0.051594 
927 4197 0.882366 0.469191 0.036026 0.796280 -0.467485 0.882765 -0.046834 0.695984 -0.053776 0.024481 0.998249 -0.052540 
928 4197 0.887979 0.457996 0.041741 1.421310 -0.456051 0.888638 -0.048476 0.380188 -0.059293 0.024009 0.997949 -0.063736 
929 4197 0.891694 0.450360 0.045467 2.055573 -0.448097 0.892476 -0.052031 0.065186 -0.064010 0.026021 0.997607 -0.067741 
930 4197 0.894373 0.444935 0.046255 2.703873 -0.442652 0.895194 -0.051930 -0.246033 -0.064512 0.025969 0.997576 -0.079655 
931 4197 0.896528 0.440611 0.045918 3.362503 -0.438433 0.897358 -0.050359 -0.553955 -0.063392 0.025015 0.997672 -0.104324 
922 4198 0.848984 0.527696 0.027807 -2.995659 -0.525980 0.848943 -0.051498 2.150574 -0.050782 0.029094 0.998282 -0.077286 
923 4198 0.865151 0.500948 0.023940 -2.432167 -0.499244 0.864790 -0.053883 1.812744 -0.047696 0.034664 0.998257 -0.083733 
924 4198 0.879755 0.475005 0.020277 -1.847229 -0.473410 0.879146 -0.054744 1.525757 -0.043830 0.038560 0.998291 -0.091152 
925 4198 0.891903 0.451691 0.022192 -1.239922 -0.450181 0.891460 -0.051467 1.227844 -0.043030 0.035912 0.998425 -0.074799 
926 4198 0.901059 0.432794 0.028145 -0.615891 -0.431284 0.900991 -0.047126 0.946777 -0.045754 0.030324 0.998489 -0.070568 
927 4198 0.907915 0.417755 0.034359 0.016708 -0.416198 0.908193 -0.044444 0.680908 -0.049771 0.026050 0.998417 -0.068729 
928 4198 0.912887 0.406244 0.040159 0.658829 -0.404462 0.913416 -0.045756 0.401489 -0.055269 0.025527 0.998142 -0.077095 
929 4198 0.916160 0.398393 0.044084 1.310089 -0.396309 0.916810 -0.049092 0.123352 -0.059974 0.027504 0.997818 -0.078236 
930 4198 0.918525 0.392821 0.044865 1.975235 -0.390720 0.919213 -0.048946 -0.150269 -0.060467 0.027427 0.997790 -0.087219 
931 4198 0.920431 0.388384 0.044438 2.650497 -0.386385 0.921125 -0.047397 -0.419983 -0.059340 0.026454 0.997884 -0.108921 
932 4198 0.922028 0.384809 0.042391 3.333885 -0.382900 0.922611 -0.046756 -0.693176 -0.057102 0.026877 0.998003 -0.131668 
923 4199 0.891987 0.451628 0.019979 -3.273533 -0.450141 0.891397 -0.052880 1.720032 -0.041691 0.038174 0.998397 -0.110214 
924 4199 0.905099 0.424897 0.016370 -2.673428 -0.423533 0.904281 -0.053944 1.466187 -0.037723 0.041890 0.998407 -0.113571 
925 4199 0.915925 0.400951 0.018098 -2.050571 -0.399662 0.915274 -0.050565 1.202576 -0.036838 0.039080 0.998553 -0.093002 
926 4199 0.924030 0.381590 0.023799 -1.411858 -0.380283 0.923738 -0.045899 0.956787 -0.039498 0.033361 0.998659 -0.084442 
927 4199 0.930060 0.366203 0.029853 -0.765430 -0.364835 0.930092 -0.042874 0.726685 -0.043466 0.028983 0.998631 -0.078209 
928 4199 0.934407 0.354422 0.035719 -0.108677 -0.352838 0.934663 -0.043861 0.483582 -0.048930 0.028379 0.998396 -0.082115 
929 4199 0.937253 0.346380 0.039827 0.557095 -0.344513 0.937613 -0.046972 0.242188 -0.053612 0.030303 0.998099 -0.078732 
930 4199 0.939306 0.340684 0.040598 1.236526 -0.338800 0.939701 -0.046782 0.006165 -0.054088 0.030187 0.998076 -0.083099 
931 4199 0.940958 0.336154 0.040085 1.925915 -0.334366 0.941363 -0.045259 -0.225403 -0.052948 0.029183 0.998167 -0.100109 
932 4199 0.942342 0.332498 0.038005 2.623657 -0.330798 0.942647 -0.044733 -0.460022 -0.050698 0.029581 0.998272 -0.118111 
933 4199 0.943704 0.328726 0.037009 3.327118 -0.326957 0.943893 -0.046665 -0.705566 -0.050272 0.031937 0.998221 -0.145954 
924 4200 0.926693 0.375566 0.014142 -3.505823 -0.374384 0.925775 -0.052833 1.356873 -0.032934 0.043664 0.998500 -0.144436 
925 4200 0.936218 0.351080 0.015685 -2.869808 -0.349967 0.935468 -0.049366 1.127075 -0.032004 0.040727 0.998654 -0.120586 
926 4200 0.943286 0.331323 0.021127 -2.218880 -0.330181 0.942880 -0.044401 0.915955 -0.034631 0.034906 0.998787 -0.108665 
927 4200 0.948499 0.315639 0.027010 -1.561075 -0.314433 0.948398 -0.041055 0.720886 -0.038575 0.030447 0.998788 -0.099045 
928 4200 0.952224 0.303633 0.032922 -0.892218 -0.302220 0.952331 -0.041726 0.513306 -0.044021 0.029782 0.998584 -0.099506 
929 4200 0.954643 0.295435 0.037192 -0.214483 -0.293756 0.954846 -0.044612 0.307983 -0.048692 0.031663 0.998309 -0.092628 
930 4200 0.956389 0.289635 0.037953 0.476620 -0.287941 0.956626 -0.044382 0.108765 -0.049160 0.031517 0.998290 -0.093433 
931 4200 0.957795 0.285028 0.037357 1.177534 -0.283425 0.958042 -0.042889 -0.085571 -0.048014 0.030490 0.998378 -0.106838 
932 4200 0.958975 0.281307 0.035252 1.886927 -0.279787 0.959128 -0.042475 -0.282410 -0.045759 0.030869 0.998472 -0.121185 
933 4200 0.960126 0.277461 0.034362 2.602684 -0.275879 0.960170 -0.044457 -0.489868 -0.045328 0.033204 0.998417 -0.145344 
934 4200 0.961146 0.273778 0.035390 3.325676 -0.272072 0.961165 -0.046390 -0.700195 -0.046716 0.034957 0.998293 -0.169109 
925 4201 0.952673 0.303532 0.017033 -3.674487 -0.302448 0.951969 -0.047884 0.916626 -0.030749 0.040464 0.998704 -0.117157 
926 4201 0.958739 0.283434 0.022219 -3.013787 -0.282333 0.958374 -0.042651 0.738403 -0.033382 0.034617 0.998839 -0.104385 
927 4201 0.963158 0.267498 0.027926 -2.347013 -0.266346 0.963094 -0.039013 0.576721 -0.037331 0.030137 0.998845 -0.093918 
928 4201 0.966270 0.255310 0.033865 -1.668561 -0.253965 0.966417 -0.039386 0.403015 -0.042782 0.029456 0.998647 -0.093510 
929 4201 0.968265 0.246994 0.038275 -0.981376 -0.245392 0.968518 -0.042054 0.232056 -0.047456 0.031326 0.998379 -0.085758 
930 4201 0.969716 0.241112 0.039023 -0.281104 -0.239497 0.970003 -0.041786 0.067871 -0.047927 0.031173 0.998361 -0.085678 
931 4201 0.970893 0.236440 0.038353 0.428699 -0.234915 0.971185 -0.040324 -0.090942 -0.046782 0.030140 0.998447 -0.098190 
932 4201 0.971885 0.232669 0.036229 1.147105 -0.231221 0.972083 -0.040017 -0.251892 -0.044528 0.030514 0.998538 -0.111633 
933 4201 0.972838 0.228773 0.035440 1.872418 -0.227260 0.972932 -0.042042 -0.423096 -0.044098 0.032845 0.998483 -0.134876 
934 4201 0.973667 0.225042 0.036564 2.605126 -0.223407 0.973741 -0.043920 -0.596802 -0.045488 0.034593 0.998362 -0.157715 
935 4201 0.974589 0.220807 0.037819 3.348915 -0.219119 0.974708 -0.044074 -0.766968 -0.046594 0.034666 0.998308 -0.181801 
926 4202 0.970732 0.238827 0.025460 -3.809040 -0.237743 0.970537 -0.039373 0.631531 -0.034113 0.032167 0.998897 -0.061703 
927 4202 0.974401 0.222684 0.030993 -3.135475 -0.221576 0.974504 -0.035476 0.500793 -0.038102 0.027699 0.998887 -0.051819 
928 4202 0.976930 0.210355 0.036942 -2.449726 -0.209077 0.977259 -0.035573 0.358643 -0.043584 0.027028 0.998682 -0.051983 
929 4202 0.978521 0.201953 0.041471 -1.755352 -0.200431 0.978976 -0.038035 0.219727 -0.048279 0.028905 0.998413 -0.044827 
930 4202 0.979697 0.196008 0.042205 -1.048237 -0.194477 0.980188 -0.037733 0.088135 -0.048764 0.028757 0.998393 -0.045368 
931 4202 0.980662 0.191286 0.041469 -0.331852 -0.189842 0.981150 -0.036303 -0.037659 -0.047631 0.027728 0.998477 -0.058529 
932 4202 0.981485 0.187477 0.039333 0.393200 -0.186102 0.981873 -0.036095 -0.165283 -0.045386 0.028105 0.998571 -0.072628 
933 4202 0.982254 0.183549 0.038638 1.125648 -0.182099 0.982546 -0.038154 -0.302795 -0.044967 0.030440 0.998521 -0.096512 
934 4202 0.982902 0.179787 0.039848 1.865566 -0.178216 0.983185 -0.039978 -0.442444 -0.046365 0.032192 0.998402 -0.119999 
935 4202 0.983623 0.175511 0.041109 2.616390 -0.173892 0.983956 -0.040075 -0.578064 -0.047482 0.032269 0.998347 -0.144756 
936 4202 0.984635 0.170022 0.039938 3.374454 -0.168461 0.984919 -0.039596 -0.709900 -0.046067 0.032258 0.998414 -0.164471 
927 4203 0.982819 0.181523 0.033511 -3.939003 -0.180540 0.983107 -0.030312 0.404541 -0.038447 0.023740 0.998975 0.001751 
928 4203 0.984814 0.169088 0.039459 -3.247871 -0.167966 0.985338 -0.030160 0.291382 -0.043980 0.023073 0.998763 0.001289 
929 4203 0.986035 0.160623 0.044087 -2.548271 -0.159280 0.986708 -0.032430 0.181824 -0.048709 0.024954 0.998498 0.008133 
930 4203 0.986959 0.154632 0.044808 -1.836235 -0.153283 0.987668 -0.032097 0.080017 -0.049218 0.024809 0.998476 0.007229 
931 4203 0.987729 0.149872 0.044012 -1.115204 -0.148608 0.988426 -0.030700 -0.015564 -0.048103 0.023781 0.998556 -0.006325 
932 4203 0.988396 0.146037 0.041870 -0.385429 -0.144827 0.988990 -0.030581 -0.112610 -0.045874 0.024161 0.998651 -0.020824 
933 4203 0.988997 0.142087 0.041262 0.352097 -0.140795 0.989506 -0.032667 -0.219299 -0.045470 0.026497 0.998610 -0.045078 
934 4203 0.989479 0.138303 0.042548 1.097214 -0.136892 0.989993 -0.034439 -0.327820 -0.046885 0.028252 0.998497 -0.068935 
935 4203 0.990016 0.133999 0.043811 1.853050 -0.132547 0.990584 -0.034483 -0.431885 -0.048019 0.028331 0.998441 -0.094090 
936 4203 0.990800 0.128474 0.042621 2.615974 -0.127072 0.991314 -0.034054 -0.531677 -0.046625 0.028323 0.998507 -0.114227 
937 4203 0.991598 0.122918 0.040391 3.386650 -0.121561 0.991992 -0.034449 -0.626221 -0.044302 0.029249 0.998586 -0.128288 
929 4204 0.991449 0.123324 0.042759 -3.351624 -0.122331 0.992180 -0.025061 0.082764 -0.045514 0.019615 0.998768 0.050617 
930 4204 0.992148 0.117302 0.043467 -2.636276 -0.116306 0.992913 -0.024701 0.007751 -0.046056 0.019450 0.998747 0.051941 
931 4204 0.992739 0.112519 0.042619 -1.912125 -0.111599 0.993486 -0.023334 -0.060669 -0.044966 0.018408 0.998816 0.040604 
932 4204 0.993258 0.108665 0.040473 -1.179192 -0.107784 0.993908 -0.023295 -0.130249 -0.042758 0.018775 0.998906 0.028347 
933 4204 0.993706 0.104692 0.039945 -0.438087 -0.103729 0.994288 -0.025404 -0.209229 -0.042376 0.021099 0.998876 0.006413 
934 4204 0.994044 0.100888 0.041296 0.310623 -0.099820 0.994642 -0.027127 -0.289734 -0.043811 0.022842 0.998776 -0.015099 
935 4204 0.994420 0.096564 0.042561 1.069916 -0.095463 0.995070 -0.027123 -0.365417 -0.044970 0.022908 0.998722 -0.037910 
936 4204 0.994994 0.091015 0.041355 1.836075 -0.089955 0.995593 -0.026739 -0.436584 -0.043606 0.022883 0.998783 -0.055714 
937 4204 0.995578 0.085436 0.039141 2.609833 -0.084404 0.996066 -0.027217 -0.502075 -0.041312 0.023792 0.998860 -0.067448 
938 4204 0.995006 0.088672 0.045906 3.380112 -0.087439 0.995778 -0.028141 -0.560913 -0.048207 0.023985 0.998546 -0.085861 
930 4205 0.995639 0.084586 0.039427 -3.472145 -0.083881 0.996298 -0.019156 -0.053040 -0.040901 0.015764 0.999036 0.068207 
931 4205 0.996069 0.079792 0.038534 -2.746132 -0.079152 0.996710 -0.017818 -0.097717 -0.039829 0.014696 0.999095 0.060558 
932 4205 0.996453 0.075924 0.036388 -2.011261 -0.075313 0.997006 -0.017849 -0.143250 -0.037634 0.015044 0.999175 0.052044 
933 4205 0.996765 0.071930 0.035929 -1.267868 -0.071244 0.997266 -0.019973 -0.197998 -0.037267 0.017348 0.999151 0.033924 
934 4205 0.996982 0.068108 0.037337 -0.516808 -0.067331 0.997502 -0.021652 -0.253967 -0.038718 0.019071 0.999065 0.016270 
935 4205 0.997221 0.063772 0.038601 0.244644 -0.062970 0.997789 -0.021607 -0.304810 -0.039893 0.019115 0.999017 -0.002651 
936 4205 0.997607 0.058209 0.037383 1.012833 -0.057441 0.998128 -0.021262 -0.350891 -0.038550 0.019062 0.999071 -0.016552 
937 4205 0.997998 0.052613 0.035185 1.788345 -0.051864 0.998423 -0.021812 -0.390991 -0.036277 0.019943 0.999139 -0.024376 
938 4205 0.997559 0.055856 0.041978 2.560211 -0.054944 0.998242 -0.022515 -0.424561 -0.043161 0.020152 0.998861 -0.038921 
939 4205 0.997227 0.058451 0.046138 3.345787 -0.057486 0.998112 -0.021945 -0.462463 -0.047333 0.019231 0.998690 -0.053562 
931 4206 0.998043 0.052195 0.034527 -3.595108 -0.051773 0.998582 -0.012952 -0.153259 -0.035153 0.011138 0.999316 0.080040 
932 4206 0.998310 0.048319 0.032382 -2.859207 -0.047916 0.998773 -0.013042 -0.178528 -0.032972 0.011467 0.999387 0.074924 
933 4206 0.998508 0.044309 0.031982 -2.114532 -0.043839 0.998931 -0.015178 -0.212830 -0.032620 0.013753 0.999369 0.060276 
934 4206 0.998624 0.040474 0.033436 -1.362137 -0.039928 0.999068 -0.016817 -0.248047 -0.034085 0.015458 0.999296 0.046135 
935 4206 0.998748 0.036132 0.034698 -0.599487 -0.035566 0.999235 -0.016738 -0.277893 -0.035276 0.015482 0.999254 0.030746 
936 4206 0.998975 0.030562 0.033471 0.169739 -0.030023 0.999421 -0.016426 -0.302856 -0.033953 0.015403 0.999301 0.020393 
937 4206 0.999201 0.024956 0.031289 0.946060 -0.024429 0.999564 -0.017037 -0.321594 -0.031700 0.016258 0.999361 0.016125 
938 4206 0.998878 0.028201 0.038100 1.718628 -0.027546 0.999473 -0.017553 -0.333801 -0.038574 0.016483 0.999116 0.005093 
939 4206 0.998635 0.030803 0.042243 2.505035 -0.030112 0.999411 -0.016870 -0.350037 -0.042738 0.015573 0.998961 -0.005959 
940 4206 0.998475 0.032183 0.044922 3.294815 -0.031469 0.999377 -0.016449 -0.378235 -0.045423 0.015009 0.998851 -0.024391 
932 4207 0.999281 0.025258 0.028439 -3.725021 -0.025061 0.999667 -0.007164 -0.234314 -0.028610 0.006445 0.999566 0.090611 
933 4207 0.999384 0.021235 0.028088 -2.979675 -0.020979 0.999744 -0.009309 -0.251526 -0.028278 0.008713 0.999559 0.079208 
934 4207 0.999415 0.017391 0.029579 -2.226654 -0.017074 0.999802 -0.010915 -0.269531 -0.029763 0.010402 0.999499 0.068348 
935 4207 0.999444 0.013047 0.030840 -1.463455 -0.012716 0.999869 -0.010807 -0.281860 -0.030976 0.010407 0.999462 0.056255 
936 4207 0.999538 0.007474 0.029606 -0.693832 -0.007163 0.999926 -0.010523 -0.289001 -0.029682 0.010305 0.999503 0.049202 
937 4207 0.999626 0.001863 0.027439 0.082748 -0.001554 0.999944 -0.011184 -0.289917 -0.027457 0.011136 0.999557 0.048229 
938 4207 0.999404 0.005109 0.034260 0.855453 -0.004713 0.999929 -0.011544 -0.284424 -0.034316 0.011374 0.999342 0.040443 
939 4207 0.999238 0.007715 0.038387 1.642029 -0.007305 0.999923 -0.010766 -0.282593 -0.038467 0.010476 0.999201 0.032715 
940 4207 0.999120 0.009098 0.041056 2.432358 -0.008679 0.999917 -0.010284 -0.292603 -0.041145 0.009917 0.999101 0.017685 
941 4207 0.999100 0.008670 0.041627 3.238098 -0.008223 0.999915 -0.010853 -0.304199 -0.041717 0.010500 0.999071 -0.005802 
933 4208 0.999321 0.014126 0.034095 -3.867432 -0.013959 0.999896 -0.005057 -0.237427 -0.034162 0.004577 0.999403 0.151337 
934 4208 0.999316 0.010292 0.035597 -3.114349 -0.010060 0.999934 -0.006652 -0.250061 -0.035663 0.006288 0.999341 0.136051 
935 4208 0.999306 0.005947 0.036857 -2.351166 -0.005707 0.999969 -0.006535 -0.257019 -0.036894 0.006319 0.999296 0.119453 
936 4208 0.999368 0.000374 0.035621 -1.581604 -0.000148 0.999986 -0.006260 -0.258728 -0.035622 0.006250 0.999343 0.107830 
937 4208 0.999429 -0.005233 0.033459 -0.805038 0.005471 0.999968 -0.006936 -0.254089 -0.033421 0.007114 0.999413 0.102222 
938 4208 0.999189 -0.001986 0.040281 -0.032440 0.002282 0.999977 -0.007248 -0.243164 -0.040266 0.007333 0.999159 0.089798 
939 4208 0.999017 0.000616 0.044402 0.754044 -0.000328 0.999986 -0.006441 -0.235657 -0.044405 0.006419 0.998990 0.077366 
940 4208 0.998893 0.001995 0.047066 1.544296 -0.001714 0.999987 -0.005941 -0.240173 -0.047077 0.005852 0.998871 0.057655 
941 4208 0.998866 0.001571 0.047641 2.349976 -0.001260 0.999985 -0.006506 -0.246155 -0.047650 0.006438 0.998841 0.029404 
942 4208 0.998934 0.000296 0.046208 3.169708 0.000059 0.999977 -0.007633 -0.245544 -0.046208 0.007626 0.998900 -0.008778 
935 4209 0.999118 0.002018 0.042041 -3.265366 -0.001872 0.999999 -0.003447 -0.244812 -0.042047 0.003364 0.999107 0.160995 
936 4209 0.999165 -0.003555 0.040804 -2.495850 0.003691 0.999994 -0.003177 -0.243530 -0.040792 0.003324 0.999159 0.145397 
937 4209 0.999215 -0.009157 0.038645 -1.719360 0.009316 0.999956 -0.003861 -0.235840 -0.038607 0.004217 0.999243 0.135757 
938 4209 0.998952 -0.005909 0.045467 -0.946899 0.006106 0.999979 -0.004147 -0.221863 -0.045441 0.004419 0.998954 0.119305 
939 4209 0.998769 -0.003313 0.049584 -0.160538 0.003484 0.999995 -0.003325 -0.211365 -0.049572 0.003492 0.998761 0.102783 
940 4209 0.998636 -0.001936 0.052245 0.629623 0.002089 1.000001 -0.002814 -0.212769 -0.052239 0.002918 0.998628 0.078995 
941 4209 0.998605 -0.002357 0.052823 1.435165 0.002541 0.999998 -0.003377 -0.215576 -0.052814 0.003505 0.998596 0.046593 
942 4209 0.998675 -0.003626 0.051394 2.254715 0.003865 0.999989 -0.004509 -0.211975 -0.051376 0.004700 0.998666 0.004166 
943 4209 0.998772 -0.006345 0.049203 3.094543 0.006549 0.999977 -0.003936 -0.211060 -0.049176 0.004252 0.998778 -0.048237 
944 4209 0.998916 -0.010638 0.045399 3.944992 0.010834 0.999940 -0.004005 -0.212097 -0.045354 0.004491 0.998958 -0.098877 
936 4210 0.999054 -0.004972 0.043282 -3.439606 0.005013 0.999993 -0.000793 -0.223877 -0.043277 0.001008 0.999059 0.188004 
937 4210 0.999101 -0.010571 0.041124 -2.663147 0.010643 0.999949 -0.001480 -0.215027 -0.041106 0.001915 0.999149 0.176422 
938 4210 0.998826 -0.007323 0.047946 -1.890762 0.007418 0.999977 -0.001757 -0.200012 -0.047932 0.002109 0.998844 0.158020 
939 4210 0.998636 -0.004729 0.052061 -1.104462 0.004785 0.999995 -0.000929 -0.188477 -0.052056 0.001175 0.998640 0.139526 
940 4210 0.998499 -0.003354 0.054721 -0.314362 0.003384 1.000001 -0.000414 -0.188843 -0.054719 0.000598 0.998498 0.113781 
941 4210 0.998466 -0.003773 0.055299 0.491119 0.003835 0.999999 -0.000977 -0.190613 -0.055295 0.001186 0.998466 0.079388 
942 4210 0.998538 -0.005039 0.053872 1.310532 0.005162 0.999991 -0.002111 -0.185852 -0.053861 0.002385 0.998542 0.034927 
943 4210 0.998637 -0.007759 0.051681 2.150269 0.007851 0.999975 -0.001540 -0.183899 -0.051667 0.001943 0.998659 -0.019562 
944 4210 0.998784 -0.012052 0.047878 3.000565 0.012145 0.999931 -0.001614 -0.183777 -0.047855 0.002193 0.998848 -0.072311 
945 4210 0.998871 -0.017907 0.044070 3.864120 0.017976 0.999844 -0.001132 -0.178833 -0.044042 0.001922 0.999024 -0.122318 
937 4211 0.999092 -0.010855 0.041261 -3.609497 0.010828 0.999947 0.000921 -0.199768 -0.041269 -0.000474 0.999145 0.196823 
938 4211 0.998817 -0.007606 0.048083 -2.837128 0.007586 0.999977 0.000645 -0.184509 -0.048087 -0.000281 0.998839 0.178280 
939 4211 0.998628 -0.005012 0.052198 -2.050797 0.004944 0.999993 0.001474 -0.172791 -0.052204 -0.001215 0.998632 0.159649 
940 4211 0.998491 -0.003637 0.054858 -1.260712 0.003537 0.999998 0.001989 -0.172974 -0.054865 -0.001793 0.998489 0.133797 
941 4211 0.998457 -0.004056 0.055436 -0.455276 0.003985 0.999998 0.001426 -0.174561 -0.055441 -0.001204 0.998458 0.099297 
942 4211 0.998529 -0.005322 0.054009 0.364151 0.005316 0.999992 0.000292 -0.169739 -0.054010 -0.000006 0.998537 0.054710 
943 4211 0.998627 -0.008042 0.051818 1.203857 0.008011 0.999974 0.000862 -0.167664 -0.051823 -0.000447 0.998653 0.000103 
944 4211 0.998774 -0.012335 0.048015 2.054169 0.012314 0.999930 0.000787 -0.167480 -0.048021 -0.000197 0.998843 -0.052761 
945 4211 0.998859 -0.018190 0.044207 2.917709 0.018154 0.999841 0.001269 -0.162415 -0.044222 -0.000466 0.999018 -0.102901 
946 4211 0.998621 -0.017898 0.049410 3.796494 0.017947 0.999845 -0.000499 -0.152100 -0.049393 0.001384 0.998775 -0.142368 
938 4212 0.998957 -0.008145 0.045007 -3.804947 0.008112 0.999973 0.000963 -0.167053 -0.045014 -0.000598 0.998982 0.202282 
939 4212 0.998781 -0.005548 0.049122 -3.018600 0.005468 0.999990 0.001794 -0.154846 -0.049131 -0.001525 0.998788 0.186069 
940 4212 0.998653 -0.004171 0.051783 -2.228409 0.004060 0.999996 0.002310 -0.154602 -0.051792 -0.002098 0.998652 0.162655 
941 4212 0.998621 -0.004592 0.052361 -1.422836 0.004509 0.999995 0.001748 -0.155823 -0.052368 -0.001511 0.998624 0.130634 
942 4212 0.998688 -0.005861 0.050935 -0.603302 0.005840 0.999989 0.000613 -0.150574 -0.050937 -0.000316 0.998699 0.088566 
943 4212 0.998778 -0.008580 0.048743 0.236557 0.008535 0.999969 0.001182 -0.148071 -0.048751 -0.000766 0.998807 0.036545 
944 4212 0.998911 -0.012873 0.044939 1.087021 0.012840 0.999923 0.001106 -0.147400 -0.044950 -0.000529 0.998986 -0.013702 
945 4212 0.998981 -0.018728 0.041130 1.950760 0.018681 0.999831 0.001585 -0.141846 -0.041152 -0.000816 0.999149 -0.061188 
946 4212 0.998759 -0.018442 0.046336 2.829620 0.018472 0.999836 -0.000180 -0.131165 -0.046324 0.001034 0.998922 -0.097950 
947 4212 0.998652 -0.018359 0.048626 3.717728 0.018445 0.999835 -0.001275 -0.120056 -0.048594 0.002169 0.998813 -0.137947 
940 4213 0.998960 -0.005577 0.045339 -3.224503 0.005474 0.999988 0.002461 -0.144775 -0.045352 -0.002211 0.998966 0.170204 
941 4213 0.998931 -0.006001 0.045918 -2.418732 0.005922 0.999987 0.001899 -0.144775 -0.045929 -0.001627 0.998941 0.143379 
942 4213 0.998986 -0.007278 0.044493 -1.598953 0.007254 0.999979 0.000762 -0.138367 -0.044497 -0.000440 0.999007 0.106598 
943 4213 0.999059 -0.009994 0.042299 -0.758774 0.009949 0.999956 0.001328 -0.134705 -0.042310 -0.000907 0.999101 0.059990 
944 4213 0.999161 -0.014289 0.038495 0.091980 0.014254 0.999903 0.001246 -0.132874 -0.038509 -0.000698 0.999255 0.015228 
945 4213 0.999198 -0.020141 0.034684 0.956009 0.020095 0.999802 0.001720 -0.126038 -0.034712 -0.001023 0.999394 -0.026680 
946 4213 0.999010 -0.019867 0.039894 1.835052 0.019886 0.999808 -0.000037 -0.114075 -0.039885 0.000829 0.999201 -0.057777 
947 4213 0.998918 -0.019791 0.042186 2.723404 0.019858 0.999808 -0.001129 -0.101746 -0.042155 0.001964 0.999106 -0.092049 
948 4213 0.998971 -0.019874 0.040849 3.614075 0.019960 0.999805 -0.001642 -0.092773 -0.040808 0.002455 0.999161 -0.114609 
941 4214 0.999363 -0.008910 0.034649 -3.439453 0.008876 0.999967 0.001195 -0.144043 -0.034658 -0.000888 0.999396 0.128601 
942 4214 0.999399 -0.010200 0.033226 -2.619308 0.010206 0.999954 0.000054 -0.135193 -0.033225 0.000284 0.999445 0.101074 
943 4214 0.999439 -0.012911 0.031030 -1.778641 0.012900 0.999923 0.000614 -0.128967 -0.031035 -0.000214 0.999514 0.063950 
944 4214 0.999485 -0.017207 0.027224 -0.927444 0.017202 0.999858 0.000520 -0.124634 -0.027229 -0.000053 0.999626 0.028778 
945 4214 0.999463 -0.023055 0.023411 -0.063065 0.023041 0.999741 0.000983 -0.115295 -0.023427 -0.000445 0.999722 -0.003380 
946 4214 0.999333 -0.022802 0.028627 0.816269 0.022835 0.999746 -0.000759 -0.100708 -0.028602 0.001411 0.999586 -0.024559 
947 4214 0.999267 -0.022739 0.030924 1.704880 0.022809 0.999745 -0.001844 -0.085754 -0.030873 0.002547 0.999517 -0.048798 
948 4214 0.999305 -0.022827 0.029587 2.595718 0.022909 0.999741 -0.002361 -0.074158 -0.029525 0.003036 0.999556 -0.061310 
949 4214 0.999341 -0.022994 0.028236 3.500717 0.023106 0.999733 -0.003565 -0.065918 -0.028146 0.004213 0.999591 -0.075111 
942 4215 0.999490 -0.008147 0.030963 -3.656235 0.008101 0.999972 0.001683 -0.111572 -0.030975 -0.001433 0.999516 0.117615 
943 4215 0.999531 -0.010856 0.028767 -2.815491 0.010798 0.999946 0.002247 -0.107178 -0.028789 -0.001937 0.999580 0.082382 
944 4215 0.999577 -0.015153 0.024961 -1.964188 0.015106 0.999890 0.002162 -0.104614 -0.024991 -0.001785 0.999683 0.049141 
945 4215 0.999559 -0.021000 0.021148 -1.099716 0.020951 0.999784 0.002633 -0.097107 -0.021199 -0.002190 0.999769 0.018921 
946 4215 0.999440 -0.020751 0.026361 -0.220306 0.020737 0.999791 0.000880 -0.084351 -0.026374 -0.000334 0.999649 -0.000282 
947 4215 0.999379 -0.020691 0.028656 0.668365 0.020708 0.999792 -0.000210 -0.071228 -0.028645 0.000802 0.999586 -0.022537 
948 4215 0.999414 -0.020780 0.027319 1.559296 0.020810 0.999789 -0.000725 -0.061462 -0.027297 0.001291 0.999623 -0.033043 
949 4215 0.999447 -0.020949 0.025965 2.464310 0.021009 0.999783 -0.001925 -0.055176 -0.025918 0.002468 0.999658 -0.044807 
950 4215 0.999416 -0.021621 0.026609 3.378342 0.021677 0.999770 -0.001737 -0.041260 -0.026565 0.002311 0.999641 -0.058975 
943 4216 0.999547 -0.008958 0.028823 -3.873184 0.008882 0.999963 0.002857 -0.089600 -0.028848 -0.002601 0.999576 0.096420 
944 4216 0.999602 -0.013255 0.025017 -3.021912 0.013193 0.999915 0.002779 -0.088684 -0.025052 -0.002449 0.999679 0.063133 
945 4216 0.999595 -0.019103 0.021205 -2.157394 0.019040 0.999820 0.003257 -0.082886 -0.021263 -0.002853 0.999766 0.032867 
946 4216 0.999476 -0.018853 0.026415 -1.277969 0.018823 0.999828 0.001494 -0.071838 -0.026438 -0.000997 0.999646 0.013611 
947 4216 0.999414 -0.018793 0.028708 -0.389252 0.018792 0.999830 0.000399 -0.060364 -0.028710 0.000139 0.999584 -0.008698 
948 4216 0.999450 -0.018882 0.027369 0.501663 0.018895 0.999827 -0.000112 -0.052368 -0.027362 0.000628 0.999621 -0.019257 
949 4216 0.999483 -0.019051 0.026013 1.406708 0.019094 0.999823 -0.001310 -0.047668 -0.025983 0.001805 0.999657 -0.031075 
950 4216 0.999453 -0.019723 0.026658 2.320724 0.019762 0.999810 -0.001123 -0.035583 -0.026630 0.001648 0.999640 -0.045296 
951 4216 0.999379 -0.019643 0.029330 3.236252 0.019731 0.999808 -0.002668 -0.030762 -0.029272 0.003244 0.999563 -0.048424 
945 4217 0.999560 -0.017552 0.024024 -3.226852 0.017444 0.999843 0.004728 -0.064575 -0.024103 -0.004309 0.999697 0.060402 
946 4217 0.999426 -0.017297 0.029231 -2.347488 0.017220 0.999854 0.002957 -0.054993 -0.029277 -0.002453 0.999565 0.038658 
947 4217 0.999358 -0.017233 0.031521 -1.458832 0.017185 0.999857 0.001859 -0.044922 -0.031549 -0.001317 0.999498 0.013832 
948 4217 0.999398 -0.017321 0.030183 -0.567932 0.017290 0.999855 0.001350 -0.038330 -0.030201 -0.000828 0.999540 0.000755 
949 4217 0.999435 -0.017487 0.028825 0.337082 0.017492 0.999853 0.000154 -0.035095 -0.028823 0.000349 0.999581 -0.013611 
950 4217 0.999404 -0.018159 0.029469 1.251099 0.018159 0.999841 0.000340 -0.024353 -0.029470 0.000194 0.999562 -0.030426 
951 4217 0.999323 -0.018075 0.032140 2.166641 0.018124 0.999841 -0.001210 -0.020996 -0.032112 0.001790 0.999480 -0.036133 
952 4217 0.999303 -0.018371 0.032612 3.086334 0.018446 0.999835 -0.001935 -0.012146 -0.032570 0.002534 0.999463 -0.045700 
946 4218 0.999437 -0.015617 0.029801 -3.442825 0.015517 0.999879 0.003667 -0.041748 -0.029854 -0.003204 0.999545 0.053200 
947 4218 0.999368 -0.015553 0.032089 -2.554138 0.015481 0.999883 0.002565 -0.033264 -0.032125 -0.002068 0.999478 0.027863 
948 4218 0.999408 -0.015640 0.030749 -1.663254 0.015587 0.999882 0.002058 -0.028076 -0.030778 -0.001579 0.999521 0.014282 
949 4218 0.999447 -0.015805 0.029390 -0.758255 0.015790 0.999880 0.000864 -0.026489 -0.029399 -0.000401 0.999563 -0.000595 
950 4218 0.999417 -0.016478 0.030035 0.155762 0.016457 0.999870 0.001050 -0.017273 -0.030048 -0.000556 0.999544 -0.017937 
951 4218 0.999334 -0.016392 0.032702 1.071274 0.016420 0.999871 -0.000505 -0.015503 -0.032689 0.001040 0.999461 -0.024162 
952 4218 0.999314 -0.016688 0.033173 1.991013 0.016741 0.999865 -0.001231 -0.008118 -0.033148 0.001784 0.999445 -0.034248 
953 4218 0.999343 -0.016888 0.032176 2.911072 0.016896 0.999864 0.000102 0.000366 -0.032173 0.000441 0.999478 -0.040398 
954 4218 0.999308 -0.017561 0.032911 3.841553 0.017516 0.999851 0.001743 0.008728 -0.032936 -0.001167 0.999453 -0.042160 
947 4219 0.999449 -0.014344 0.030033 -3.667114 0.014214 0.999895 0.004574 -0.017883 -0.030095 -0.004146 0.999535 0.033569 
948 4219 0.999487 -0.014432 0.028692 -2.776184 0.014323 0.999895 0.004069 -0.013855 -0.028748 -0.003657 0.999576 0.021812 
949 4219 0.999523 -0.014600 0.027331 -1.871140 0.014528 0.999897 0.002877 -0.013306 -0.027370 -0.002480 0.999618 0.008797 
950 4219 0.999495 -0.015272 0.027976 -0.957062 0.015194 0.999886 0.003062 -0.005310 -0.028019 -0.002636 0.999600 -0.006676 
951 4219 0.999417 -0.015190 0.030642 -0.041534 0.015152 0.999891 0.001504 -0.004578 -0.030661 -0.001040 0.999526 -0.011017 
952 4219 0.999399 -0.015487 0.031112 0.878220 0.015472 0.999887 0.000777 0.001648 -0.031120 -0.000297 0.999512 -0.019218 
953 4219 0.999426 -0.015684 0.030117 1.798279 0.015629 0.999883 0.002111 0.009033 -0.030146 -0.001640 0.999540 -0.023491 
954 4219 0.999393 -0.016353 0.030854 2.728745 0.016247 0.999868 0.003752 0.016296 -0.030910 -0.003249 0.999513 -0.023354 
955 4219 0.999331 -0.017206 0.032360 3.663666 0.017087 0.999852 0.004019 0.020813 -0.032424 -0.003465 0.999465 -0.028862 
948 4220 0.999544 -0.013220 0.027272 -3.910553 0.013075 0.999905 0.005593 -0.000977 -0.027343 -0.005235 0.999609 0.019325 
949 4220 0.999578 -0.013389 0.025909 -3.005508 0.013282 0.999908 0.004403 -0.001526 -0.025965 -0.004058 0.999651 0.007599 
950 4220 0.999552 -0.014061 0.026555 -2.091400 0.013947 0.999898 0.004586 0.005371 -0.026616 -0.004215 0.999633 -0.006584 
951 4220 0.999478 -0.013981 0.029219 -1.175873 0.013901 0.999905 0.003025 0.005005 -0.029258 -0.002619 0.999565 -0.009621 
952 4220 0.999461 -0.014279 0.029688 -0.256119 0.014220 0.999903 0.002298 0.010071 -0.029717 -0.001876 0.999553 -0.016518 
953 4220 0.999486 -0.014474 0.028694 0.663971 0.014379 0.999897 0.003633 0.016296 -0.028743 -0.003220 0.999578 -0.019485 
954 4220 0.999455 -0.015141 0.029433 1.594467 0.014996 0.999880 0.005273 0.022461 -0.029509 -0.004830 0.999549 -0.018028 
955 4220 0.999397 -0.015993 0.030940 2.529358 0.015833 0.999865 0.005538 0.025879 -0.031024 -0.005046 0.999503 -0.022209 
956 4220 0.999444 -0.016680 0.028971 3.465988 0.016493 0.999848 0.006794 0.033020 -0.029080 -0.006314 0.999554 -0.023994 
950 4221 0.999630 -0.012813 0.024137 -3.241531 0.012755 0.999921 0.002650 0.011597 -0.024168 -0.002342 0.999702 -0.008293 
951 4221 0.999563 -0.012737 0.026799 -2.325974 0.012714 0.999925 0.001086 0.010071 -0.026810 -0.000746 0.999637 -0.009109 
952 4221 0.999547 -0.013037 0.027267 -1.406189 0.013034 0.999921 0.000358 0.014038 -0.027269 -0.000004 0.999625 -0.013771 
953 4221 0.999570 -0.013229 0.026275 -0.486115 0.013191 0.999918 0.001694 0.019165 -0.026295 -0.001348 0.999650 -0.014496 
954 4221 0.999542 -0.013892 0.027016 0.444397 0.013809 0.999905 0.003333 0.024170 -0.027059 -0.002960 0.999626 -0.010773 
955 4221 0.999488 -0.014744 0.028523 1.379303 0.014649 0.999892 0.003596 0.026367 -0.028573 -0.003178 0.999584 -0.012688 
956 4221 0.999532 -0.015428 0.026556 2.315933 0.015306 0.999877 0.004855 0.032349 -0.026627 -0.004447 0.999633 -0.012192 
957 4221 0.999665 -0.014721 0.021475 3.252609 0.014613 0.999885 0.005274 0.040649 -0.021550 -0.004960 0.999753 -0.019653 
951 4222 0.999723 -0.011423 0.020719 -3.499405 0.011408 0.999941 0.000914 0.012085 -0.020727 -0.000679 0.999781 -0.026260 
952 4222 0.999711 -0.011727 0.021186 -2.579590 0.011729 0.999938 0.000185 0.014832 -0.021186 0.000062 0.999772 -0.025330 
953 4222 0.999728 -0.011911 0.020196 -1.659500 0.011885 0.999935 0.001523 0.018677 -0.020212 -0.001284 0.999791 -0.020454 
954 4222 0.999705 -0.012565 0.020939 -0.729080 0.012504 0.999924 0.003161 0.022461 -0.020976 -0.002899 0.999772 -0.011078 
955 4222 0.999662 -0.013415 0.022447 0.205841 0.013344 0.999911 0.003422 0.023560 -0.022490 -0.003123 0.999738 -0.007301 
956 4222 0.999695 -0.014091 0.020481 1.142441 0.014000 0.999898 0.004683 0.028198 -0.020544 -0.004396 0.999776 -0.001099 
957 4222 0.999796 -0.013381 0.015400 2.079178 0.013307 0.999905 0.005109 0.035278 -0.015466 -0.004904 0.999865 -0.002861 
958 4222 0.999854 -0.012192 0.012284 3.012878 0.012120 0.999915 0.006061 0.040833 -0.012356 -0.005913 0.999903 -0.008469 
959 4222 0.999852 -0.013748 0.010710 3.962112 0.013697 0.999900 0.005000 0.042480 -0.010777 -0.004854 0.999926 -0.010124 
952 4223 0.999819 -0.010789 0.015910 -3.764740 0.010820 0.999947 -0.001701 0.014709 -0.015890 0.001872 0.999868 -0.045395 
953 4223 0.999832 -0.010966 0.014921 -2.844666 0.010974 0.999946 -0.000363 0.017700 -0.014916 0.000525 0.999884 -0.035660 
954 4223 0.999813 -0.011611 0.015666 -1.914291 0.011594 0.999938 0.001274 0.020569 -0.015679 -0.001094 0.999872 -0.021362 
955 4223 0.999779 -0.012460 0.017174 -0.979416 0.012438 0.999927 0.001535 0.020691 -0.017191 -0.001322 0.999847 -0.012657 
956 4223 0.999802 -0.013129 0.015209 -0.042847 0.013090 0.999917 0.002797 0.024536 -0.015244 -0.002599 0.999877 -0.001511 
957 4223 0.999875 -0.012417 0.010128 0.893860 0.012387 0.999924 0.003228 0.030762 -0.010167 -0.003103 0.999940 0.001686 
958 4223 0.999916 -0.011222 0.007013 1.827591 0.011195 0.999935 0.004182 0.035339 -0.007059 -0.004105 0.999963 0.001015 
959 4223 0.999907 -0.012784 0.005438 2.776840 0.012768 0.999920 0.003123 0.036133 -0.005477 -0.003054 0.999976 0.004372 
960 4223 0.999878 -0.014170 0.007113 3.733215 0.014154 0.999903 0.002453 0.035217 -0.007146 -0.002353 0.999968 0.010788 
954 4224 0.999750 -0.011541 0.019344 -3.110245 0.011552 0.999940 -0.000291 0.012878 -0.019339 0.000513 0.999809 -0.011612 
955 4224 0.999710 -0.012391 0.020852 -2.175354 0.012397 0.999929 -0.000031 0.012878 -0.020850 0.000288 0.999779 -0.006348 
956 4224 0.999740 -0.013065 0.018887 -1.238739 0.013047 0.999921 0.001232 0.016602 -0.018901 -0.000986 0.999817 0.001366 
957 4224 0.999832 -0.012355 0.013807 -0.302032 0.012335 0.999929 0.001662 0.022766 -0.013826 -0.001493 0.999900 0.001122 
958 4224 0.999884 -0.011164 0.010692 0.631699 0.011138 0.999941 0.002617 0.027344 -0.010720 -0.002499 0.999936 -0.002975 
959 4224 0.999881 -0.012721 0.009117 1.580933 0.012710 0.999924 0.001558 0.028015 -0.009135 -0.001443 0.999953 -0.003113 
