536 1294 -0.075483 0.996789 -0.026710 3.966446 -0.996803 -0.076134 -0.024242 0.367889 -0.026198 0.024795 0.999349 0.047362 
533 1295 -0.200864 0.979387 -0.021333 3.507721 -0.979292 -0.201311 -0.021449 1.691345 -0.025301 0.016583 0.999542 0.045764 
534 1295 -0.142332 0.989567 -0.022337 3.475159 -0.989497 -0.142826 -0.022267 1.334461 -0.025225 0.018933 0.999503 0.041548 
535 1295 -0.083785 0.996169 -0.025026 3.474243 -0.996137 -0.084393 -0.024274 0.943142 -0.026293 0.022896 0.999392 0.041518 
536 1295 -0.025022 0.999354 -0.025796 3.485626 -0.999328 -0.025697 -0.026130 0.592857 -0.026776 0.025124 0.999326 0.039516 
537 1295 0.032799 0.999118 -0.026206 3.546814 -0.999100 0.032069 -0.027758 0.205730 -0.026893 0.027093 0.999271 0.036770 
538 1295 0.091751 0.995421 -0.026820 3.605743 -0.995397 0.090932 -0.030267 -0.167679 -0.027690 0.029474 0.999182 0.036242 
539 1295 0.148279 0.988650 -0.024185 3.679840 -0.988539 0.147473 -0.032272 -0.503456 -0.028339 0.028693 0.999186 0.040873 
540 1295 0.202285 0.979151 -0.018517 3.799255 -0.978987 0.201680 -0.030136 -0.861351 -0.025773 0.024224 0.999375 0.037904 
531 1296 -0.259878 0.965244 -0.027689 2.962463 -0.965190 -0.260527 -0.023144 2.653854 -0.029554 0.020710 0.999348 0.059290 
532 1296 -0.204511 0.978572 -0.023899 2.930115 -0.978446 -0.205077 -0.024250 2.262428 -0.028631 0.018424 0.999420 0.055149 
533 1296 -0.147582 0.988819 -0.021390 2.911499 -0.988682 -0.148081 -0.024088 1.885441 -0.026986 0.017593 0.999480 0.049589 
534 1296 -0.088584 0.995818 -0.022349 2.898315 -0.995708 -0.089134 -0.024960 1.527328 -0.026847 0.020042 0.999439 0.044813 
535 1296 -0.029763 0.999246 -0.024926 2.918549 -0.999170 -0.030436 -0.027109 1.136528 -0.027847 0.024098 0.999321 0.044215 
536 1296 0.029088 0.999249 -0.025593 2.948853 -0.999178 0.028342 -0.029003 0.787378 -0.028256 0.026416 0.999251 0.041721 
537 1296 0.086812 0.995887 -0.025915 3.030884 -0.995824 0.086008 -0.030651 0.404131 -0.028296 0.028468 0.999194 0.038496 
538 1296 0.145478 0.989009 -0.026392 3.109924 -0.988937 0.144581 -0.033190 0.034452 -0.029009 0.030929 0.999100 0.037506 
539 1296 0.201554 0.979191 -0.023653 3.202057 -0.979031 0.200674 -0.035049 -0.296837 -0.029573 0.030221 0.999105 0.041749 
540 1296 0.254960 0.966781 -0.018109 3.340637 -0.966577 0.254296 -0.032610 -0.647741 -0.026922 0.025818 0.999304 0.038421 
541 1296 0.308691 0.951087 -0.011947 3.478882 -0.950884 0.308272 -0.028066 -0.967770 -0.023010 0.020024 0.999535 0.031893 
542 1296 0.358923 0.933322 -0.009225 3.659729 -0.933155 0.358613 -0.024874 -1.315422 -0.019907 0.017536 0.999648 0.034098 
531 1297 -0.207636 0.977822 -0.027428 2.352142 -0.977646 -0.208385 -0.028030 2.832603 -0.033124 0.020995 0.999231 0.065447 
532 1297 -0.151638 0.988155 -0.023584 2.340851 -0.987912 -0.152291 -0.028931 2.440026 -0.032179 0.018911 0.999304 0.059946 
533 1297 -0.094243 0.995326 -0.021088 2.342499 -0.995082 -0.094825 -0.028634 2.062598 -0.030500 0.018285 0.999367 0.053091 
534 1297 -0.034953 0.999148 -0.021998 2.348541 -0.998930 -0.035596 -0.029556 1.704318 -0.030314 0.020941 0.999322 0.047090 
535 1297 0.023971 0.999414 -0.024456 2.389801 -0.999225 0.023187 -0.031840 1.315169 -0.031254 0.025200 0.999194 0.045198 
536 1297 0.082737 0.996258 -0.025020 2.438782 -0.996071 0.081873 -0.033767 0.968158 -0.031592 0.027716 0.999117 0.041562 
537 1297 0.140198 0.989802 -0.025254 2.541290 -0.989621 0.139268 -0.035430 0.589887 -0.031552 0.029959 0.999053 0.037143 
538 1297 0.198410 0.979786 -0.025593 2.640106 -0.979592 0.197378 -0.037990 0.224990 -0.032171 0.032609 0.998950 0.035001 
539 1297 0.253873 0.966970 -0.022758 2.749878 -0.966687 0.252865 -0.039700 -0.100886 -0.032634 0.032079 0.998952 0.038237 
540 1297 0.306531 0.951702 -0.017353 2.907104 -0.951392 0.305758 -0.036967 -0.443830 -0.029876 0.027841 0.999166 0.033891 
541 1297 0.359337 0.933138 -0.011445 3.062317 -0.932850 0.358832 -0.032099 -0.755944 -0.025846 0.022211 0.999420 0.026451 
542 1297 0.408542 0.912697 -0.008898 3.261597 -0.912460 0.408155 -0.028767 -1.093385 -0.022623 0.019871 0.999547 0.027701 
543 1297 0.455768 0.890068 -0.007528 3.435333 -0.889885 0.455455 -0.025811 -1.383492 -0.019545 0.018462 0.999639 0.026344 
530 1298 -0.213951 0.976390 -0.029800 1.779846 -0.976201 -0.214817 -0.029747 3.339161 -0.035446 0.022727 0.999113 0.064689 
531 1298 -0.156968 0.987243 -0.026715 1.741425 -0.987006 -0.157756 -0.030561 2.973218 -0.034385 0.021571 0.999176 0.059153 
532 1298 -0.100515 0.994674 -0.022829 1.750397 -0.994375 -0.101202 -0.031262 2.580582 -0.033406 0.019559 0.999251 0.053205 
533 1298 -0.042828 0.998876 -0.020352 1.771484 -0.998580 -0.043443 -0.030838 2.203758 -0.031687 0.019002 0.999317 0.045931 
534 1298 0.016580 0.999638 -0.021214 1.795990 -0.999368 0.015902 -0.031805 1.846267 -0.031456 0.021727 0.999269 0.039536 
535 1298 0.075442 0.996872 -0.023550 1.857178 -0.996626 0.074615 -0.034213 1.459760 -0.032348 0.026052 0.999137 0.037244 
536 1298 0.133968 0.990695 -0.024015 1.924042 -0.990448 0.133058 -0.036166 1.115742 -0.032634 0.028631 0.999057 0.033262 
537 1298 0.191020 0.981289 -0.024162 2.045898 -0.981047 0.190041 -0.037839 0.743253 -0.032539 0.030932 0.998992 0.028506 
538 1298 0.248639 0.968291 -0.024369 2.163361 -0.968031 0.247555 -0.040413 0.383939 -0.033099 0.033638 0.998886 0.026038 
539 1298 0.303364 0.952634 -0.021450 2.289764 -0.952285 0.302309 -0.041974 0.064151 -0.033502 0.033160 0.998888 0.029002 
540 1298 0.355162 0.934665 -0.016193 2.464478 -0.934301 0.354349 -0.038967 -0.270232 -0.030683 0.028969 0.999110 0.024404 
541 1298 0.406939 0.913395 -0.010544 2.635590 -0.913068 0.406404 -0.033802 -0.573932 -0.026589 0.023382 0.999373 0.016744 
542 1298 0.455026 0.890442 -0.008172 2.851959 -0.890174 0.454610 -0.030342 -0.900653 -0.023303 0.021081 0.999506 0.017783 
543 1298 0.501023 0.865407 -0.006956 3.040405 -0.865199 0.500684 -0.027320 -1.181429 -0.020160 0.019706 0.999603 0.016246 
544 1298 0.543650 0.839298 -0.005024 3.278259 -0.839132 0.543399 -0.023983 -1.491517 -0.017399 0.017254 0.999699 0.016565 
545 1298 0.580936 0.813946 -0.002425 3.518524 -0.813822 0.580790 -0.019385 -1.774085 -0.014369 0.013235 0.999809 0.014807 
530 1299 -0.164451 0.985959 -0.028967 1.129578 -0.985803 -0.165293 -0.029512 3.447299 -0.033886 0.023702 0.999144 0.053469 
531 1299 -0.106997 0.993922 -0.025844 1.109680 -0.993720 -0.107759 -0.030169 3.079882 -0.032771 0.022454 0.999211 0.048544 
532 1299 -0.050246 0.998495 -0.021928 1.138428 -0.998232 -0.050907 -0.030674 2.688183 -0.031744 0.020348 0.999289 0.043282 
533 1299 0.007579 0.999781 -0.019476 1.178497 -0.999522 0.006990 -0.030125 2.312887 -0.029982 0.019695 0.999356 0.036675 
534 1299 0.066951 0.997550 -0.020287 1.220978 -0.997314 0.066302 -0.031135 1.957081 -0.029713 0.022317 0.999310 0.030915 
535 1299 0.125600 0.991825 -0.022499 1.301605 -0.991610 0.124809 -0.033657 1.574145 -0.030574 0.026538 0.999180 0.029331 
536 1299 0.183741 0.982708 -0.022865 1.385651 -0.982491 0.182870 -0.035632 1.233931 -0.030834 0.029012 0.999103 0.025987 
537 1299 0.240246 0.970440 -0.022928 1.526184 -0.970226 0.239311 -0.037309 0.868048 -0.030720 0.031209 0.999041 0.021951 
538 1299 0.297136 0.954558 -0.023005 1.661591 -0.954324 0.296101 -0.039891 0.515103 -0.031267 0.033807 0.998939 0.020179 
539 1299 0.350998 0.936161 -0.020010 1.803955 -0.935840 0.349995 -0.041303 0.202094 -0.031663 0.033224 0.998946 0.023776 
540 1299 0.401822 0.915595 -0.014912 1.995300 -0.915263 0.401057 -0.038035 -0.123067 -0.028844 0.028932 0.999165 0.019866 
541 1299 0.452461 0.891733 -0.009530 2.181519 -0.891441 0.451963 -0.032591 -0.417760 -0.024755 0.023242 0.999424 0.012838 
542 1299 0.499329 0.866381 -0.007336 2.414093 -0.866146 0.498948 -0.029016 -0.733164 -0.021478 0.020843 0.999552 0.014576 
543 1299 0.544008 0.839056 -0.006274 2.616425 -0.838880 0.543698 -0.025936 -1.004076 -0.018351 0.019372 0.999644 0.013643 
544 1299 0.585264 0.810829 -0.004513 2.869629 -0.810693 0.585039 -0.022506 -1.301792 -0.015608 0.016830 0.999736 0.014646 
545 1299 0.621225 0.783628 -0.002149 3.123779 -0.783530 0.621098 -0.017782 -1.571891 -0.012600 0.012731 0.999839 0.013527 
546 1299 0.651152 0.758945 -0.001030 3.370178 -0.758883 0.651080 -0.013821 -1.823698 -0.009819 0.009781 0.999904 0.007562 
529 1300 -0.163519 0.986033 -0.031641 0.483917 -0.986012 -0.164397 -0.027452 3.925495 -0.032270 0.026709 0.999122 0.044600 
530 1300 -0.108596 0.993685 -0.028242 0.488739 -0.993545 -0.109430 -0.029865 3.528515 -0.032766 0.024817 0.999155 0.043728 
531 1300 -0.050788 0.998394 -0.025088 0.489563 -0.998210 -0.051542 -0.030344 3.160557 -0.031589 0.023501 0.999225 0.039257 
532 1300 0.006126 0.999757 -0.021150 0.540344 -0.999516 0.005476 -0.030628 2.771099 -0.030504 0.021327 0.999308 0.034526 
533 1300 0.063929 0.997779 -0.018732 0.601532 -0.997542 0.063352 -0.029941 2.398636 -0.028688 0.020600 0.999376 0.028439 
534 1300 0.123083 0.992206 -0.019485 0.664001 -0.991991 0.122447 -0.030995 2.045792 -0.028368 0.023144 0.999330 0.023176 
535 1300 0.181318 0.983188 -0.021551 0.766083 -0.982992 0.180544 -0.033638 1.667999 -0.029182 0.027284 0.999202 0.022159 
536 1300 0.238852 0.970811 -0.021805 0.869202 -0.970611 0.238002 -0.035631 1.333061 -0.029401 0.029675 0.999128 0.019329 
537 1300 0.294577 0.955380 -0.021773 1.030121 -0.955180 0.293664 -0.037309 0.975676 -0.029251 0.031788 0.999067 0.015894 
538 1300 0.350481 0.936319 -0.021704 1.185211 -0.936098 0.349472 -0.039891 0.630922 -0.029766 0.034299 0.998968 0.014700 
539 1300 0.403216 0.914915 -0.018635 1.344971 -0.914608 0.402243 -0.041132 0.326454 -0.030137 0.033629 0.998980 0.018830 
540 1300 0.452796 0.891508 -0.013730 1.554321 -0.891196 0.452059 -0.037581 0.012577 -0.027297 0.029252 0.999200 0.015514 
541 1300 0.502008 0.864820 -0.008663 1.756866 -0.864552 0.501532 -0.031842 -0.271162 -0.023193 0.023475 0.999456 0.009035 
542 1300 0.547373 0.836863 -0.006674 2.006836 -0.836652 0.547010 -0.028149 -0.572943 -0.019906 0.020992 0.999582 0.011393 
543 1300 0.590441 0.807061 -0.005787 2.224152 -0.806907 0.590148 -0.025015 -0.832031 -0.016773 0.019439 0.999671 0.010994 
544 1300 0.630040 0.776551 -0.004223 2.493713 -0.776436 0.629829 -0.021490 -1.114990 -0.014029 0.016818 0.999760 0.012611 
545 1300 0.664410 0.747365 -0.002129 2.762695 -0.747287 0.664292 -0.016641 -1.370344 -0.011023 0.012647 0.999859 0.012072 
546 1300 0.692898 0.721035 -0.001235 3.022919 -0.720989 0.692832 -0.012623 -1.607870 -0.008246 0.009636 0.999920 0.006657 
547 1300 0.718701 0.695309 -0.003982 3.314789 -0.695294 0.718615 -0.012568 -1.877045 -0.005878 0.011802 0.999913 0.007571 
529 1301 -0.111172 0.993320 -0.030895 -0.202057 -0.993212 -0.112123 -0.030970 3.976089 -0.034227 0.027242 0.999042 0.045601 
530 1301 -0.055928 0.998059 -0.027374 -0.176270 -0.997832 -0.056826 -0.033200 3.579918 -0.034691 0.025457 0.999073 0.044001 
531 1301 0.002045 0.999704 -0.024198 -0.156006 -0.999438 0.001233 -0.033513 3.212524 -0.033473 0.024253 0.999145 0.038852 
532 1301 0.058948 0.998055 -0.020251 -0.084717 -0.997737 0.058247 -0.033588 2.826298 -0.032342 0.022185 0.999231 0.033445 
533 1301 0.116565 0.993022 -0.017872 -0.003967 -0.992716 0.115940 -0.032775 2.457615 -0.030474 0.021563 0.999302 0.026723 
534 1301 0.175342 0.984333 -0.018569 0.077087 -0.984048 0.174653 -0.033867 2.108559 -0.030093 0.024211 0.999254 0.020862 
535 1301 0.233021 0.972255 -0.020493 0.198975 -0.971983 0.232184 -0.036615 1.736694 -0.030841 0.028451 0.999119 0.019235 
536 1301 0.289821 0.956858 -0.020641 0.319672 -0.956579 0.288903 -0.038618 1.407677 -0.030988 0.030937 0.999041 0.015875 
537 1301 0.344652 0.938506 -0.020520 0.499207 -0.938227 0.343668 -0.040292 1.059303 -0.030762 0.033139 0.998977 0.011917 
538 1301 0.399470 0.916521 -0.020315 0.672302 -0.916216 0.398386 -0.042867 0.723228 -0.031195 0.035737 0.998874 0.010219 
539 1301 0.450997 0.892359 -0.017184 0.847931 -0.891970 0.449954 -0.043944 0.427608 -0.031482 0.035147 0.998886 0.013923 
540 1301 0.499269 0.866357 -0.012474 1.073608 -0.865977 0.498472 -0.040139 0.125256 -0.028557 0.030842 0.999116 0.010205 
541 1301 0.547001 0.837096 -0.007718 1.290833 -0.836778 0.546477 -0.034141 -0.147373 -0.024362 0.025133 0.999387 0.003375 
542 1301 0.590826 0.806777 -0.005927 1.556458 -0.806527 0.590419 -0.030349 -0.435547 -0.020985 0.022711 0.999522 0.005388 
543 1301 0.632260 0.774739 -0.005207 1.787109 -0.774553 0.631925 -0.027172 -0.682789 -0.017761 0.021212 0.999617 0.004695 
544 1301 0.670192 0.742178 -0.003831 2.071228 -0.742038 0.669943 -0.023570 -0.951118 -0.014927 0.018638 0.999714 0.006020 
545 1301 0.702972 0.711214 -0.001996 2.353348 -0.711119 0.702825 -0.018616 -1.191902 -0.011837 0.014506 0.999824 0.005237 
546 1301 0.730028 0.683415 -0.001315 2.625763 -0.683358 0.729939 -0.014557 -1.415325 -0.008988 0.011526 0.999893 -0.000395 
547 1301 0.754435 0.656362 -0.004062 2.931458 -0.656341 0.754322 -0.014648 -1.668701 -0.006550 0.013717 0.999884 0.000270 
548 1301 0.774773 0.632185 -0.008307 3.217133 -0.632211 0.774542 -0.019860 -1.899986 -0.006121 0.020639 0.999768 -0.002391 
530 1302 -0.005811 0.999621 -0.026928 -0.810928 -0.999211 -0.006863 -0.039129 3.566711 -0.039298 0.026679 0.998871 0.055215 
531 1302 0.052168 0.998356 -0.023741 -0.772278 -0.997916 0.051211 -0.039282 3.200809 -0.038002 0.025741 0.998946 0.048431 
532 1302 0.108913 0.993854 -0.019795 -0.681702 -0.993371 0.108079 -0.039159 2.818680 -0.036779 0.023929 0.999037 0.041379 
533 1302 0.166203 0.985937 -0.017461 -0.582550 -0.985478 0.165450 -0.038229 2.454544 -0.034802 0.023561 0.999116 0.033105 
534 1302 0.224472 0.974313 -0.018102 -0.484116 -0.973878 0.223641 -0.039354 2.110016 -0.034295 0.026463 0.999062 0.025782 
535 1302 0.281475 0.959363 -0.019885 -0.343750 -0.958934 0.280474 -0.042195 1.744747 -0.034903 0.030945 0.998911 0.022649 
536 1302 0.337432 0.941139 -0.019932 -0.206726 -0.940703 0.336338 -0.044202 1.422203 -0.034896 0.033666 0.998824 0.017976 
537 1302 0.391274 0.920063 -0.019728 -0.009933 -0.919628 0.390105 -0.045868 1.083282 -0.034506 0.036089 0.998753 0.012704 
538 1302 0.444921 0.895361 -0.019394 0.179779 -0.894897 0.443640 -0.048429 0.756317 -0.034757 0.038903 0.998638 0.009739 
539 1302 0.495168 0.868646 -0.016213 0.370010 -0.868098 0.493934 -0.049348 0.469845 -0.034857 0.038510 0.998650 0.012362 
540 1302 0.542073 0.840250 -0.011699 0.610535 -0.839732 0.541108 -0.045313 0.179195 -0.031743 0.034387 0.998904 0.007608 
541 1302 0.588276 0.808628 -0.007250 0.841187 -0.808198 0.587612 -0.039085 -0.082180 -0.027345 0.028853 0.999210 -0.000136 
542 1302 0.630527 0.776148 -0.005652 1.120880 -0.775805 0.629991 -0.035208 -0.356674 -0.023766 0.026584 0.999364 0.000964 
543 1302 0.670302 0.742072 -0.005092 1.363647 -0.741811 0.669846 -0.032000 -0.592049 -0.020335 0.025226 0.999475 -0.000508 
544 1302 0.706553 0.707650 -0.003898 1.660873 -0.707449 0.706196 -0.028334 -0.845802 -0.017297 0.022777 0.999590 0.000022 
545 1302 0.737738 0.675083 -0.002314 1.954697 -0.674941 0.737504 -0.023295 -1.072132 -0.014019 0.018748 0.999726 -0.001434 
546 1302 0.763366 0.645963 -0.001838 2.237961 -0.645872 0.763205 -0.019207 -1.281620 -0.011004 0.015849 0.999814 -0.007676 
547 1302 0.786386 0.617719 -0.004576 2.555969 -0.617678 0.786191 -0.019436 -1.519352 -0.008408 0.018111 0.999800 -0.007707 
548 1302 0.805488 0.592551 -0.008555 2.852875 -0.592561 0.805142 -0.024853 -1.736019 -0.007839 0.025088 0.999654 -0.010992 
549 1302 0.820317 0.571830 -0.009576 3.200378 -0.571832 0.819815 -0.030193 -1.978592 -0.009414 0.030244 0.999498 -0.009475 
530 1303 0.046780 0.998546 -0.026785 -1.478531 -0.998048 0.045613 -0.042656 3.538559 -0.041372 0.028728 0.998730 0.054902 
531 1303 0.104609 0.994233 -0.023595 -1.420685 -0.993711 0.103542 -0.042642 3.175217 -0.039953 0.027907 0.998812 0.047442 
532 1303 0.161034 0.986753 -0.019661 -1.310165 -0.986194 0.160099 -0.042313 2.798386 -0.038604 0.026203 0.998911 0.039788 
533 1303 0.217826 0.975833 -0.017379 -1.192001 -0.975305 0.216975 -0.041261 2.439972 -0.036493 0.025937 0.998997 0.030967 
534 1303 0.275404 0.961161 -0.017959 -1.075577 -0.960661 0.274468 -0.042418 2.101112 -0.035841 0.028935 0.998939 0.023136 
535 1303 0.331544 0.943236 -0.019591 -0.916199 -0.942742 0.330428 -0.045348 1.743736 -0.036301 0.033504 0.998779 0.019539 
536 1303 0.386465 0.922097 -0.019533 -0.762405 -0.921596 0.385251 -0.047355 1.428848 -0.036141 0.036302 0.998687 0.014483 
537 1303 0.439125 0.898220 -0.019241 -0.548065 -0.897721 0.437830 -0.049008 1.100739 -0.035596 0.038793 0.998613 0.008918 
538 1303 0.491398 0.870733 -0.018772 -0.341415 -0.870205 0.489988 -0.051547 0.784203 -0.035686 0.041666 0.998494 0.005670 
539 1303 0.540167 0.841413 -0.015548 -0.136414 -0.840803 0.538809 -0.052298 0.508125 -0.035627 0.041322 0.998510 0.008095 
540 1303 0.585511 0.810586 -0.011253 0.119080 -0.810019 0.584435 -0.048032 0.230530 -0.032357 0.037238 0.998783 0.003237 
541 1303 0.629985 0.776575 -0.007138 0.363144 -0.776110 0.629225 -0.041580 -0.018349 -0.027798 0.031734 0.999110 -0.004570 
542 1303 0.670467 0.741917 -0.005745 0.656876 -0.741549 0.669843 -0.037624 -0.277771 -0.024066 0.029486 0.999275 -0.003459 
543 1303 0.708394 0.705797 -0.005355 0.911682 -0.705520 0.707855 -0.034391 -0.500061 -0.020483 0.028140 0.999394 -0.004916 
544 1303 0.742784 0.669517 -0.004356 1.221817 -0.669308 0.742352 -0.030668 -0.737854 -0.017299 0.025695 0.999520 -0.004297 
545 1303 0.772212 0.635357 -0.003039 1.527130 -0.635213 0.771914 -0.025553 -0.948425 -0.013890 0.021663 0.999669 -0.005613 
546 1303 0.796271 0.604934 -0.002778 1.821030 -0.604844 0.796055 -0.021446 -1.142715 -0.010762 0.018757 0.999766 -0.011702 
547 1303 0.817772 0.575516 -0.005501 2.151093 -0.575485 0.817521 -0.021818 -1.363419 -0.008059 0.021008 0.999746 -0.011567 
548 1303 0.835526 0.549374 -0.009189 2.458984 -0.549401 0.835108 -0.027437 -1.564186 -0.007399 0.027973 0.999581 -0.014688 
549 1303 0.849249 0.527900 -0.009928 2.818741 -0.527918 0.848661 -0.032823 -1.788162 -0.008901 0.033116 0.999412 -0.012954 
550 1303 0.860836 0.508840 -0.006665 3.174377 -0.508794 0.860364 -0.030051 -1.965347 -0.009557 0.029260 0.999526 -0.018252 
531 1304 0.155884 0.987532 -0.021906 -2.061279 -0.986991 0.154838 -0.043304 3.103981 -0.039372 0.028371 0.998822 0.033420 
532 1304 0.211844 0.977138 -0.017995 -1.931396 -0.976564 0.210931 -0.042771 2.733368 -0.037997 0.026634 0.998923 0.026023 
533 1304 0.267996 0.963291 -0.015770 -1.794876 -0.962752 0.267166 -0.041602 2.381554 -0.035862 0.026332 0.999009 0.017454 
534 1304 0.324739 0.945664 -0.016290 -1.661057 -0.945149 0.323825 -0.042788 2.049164 -0.035188 0.029292 0.998952 0.009863 
535 1304 0.379877 0.924866 -0.017768 -1.483414 -0.924351 0.378785 -0.045799 1.700493 -0.035628 0.033822 0.998792 0.006539 
536 1304 0.433632 0.900918 -0.017606 -1.313538 -0.900392 0.432443 -0.047800 1.393974 -0.035451 0.036580 0.998702 0.001730 
537 1304 0.484986 0.874352 -0.017228 -1.082520 -0.873826 0.483718 -0.049436 1.077408 -0.034891 0.039030 0.998629 -0.003549 
538 1304 0.535766 0.844203 -0.016629 -0.859772 -0.843643 0.534386 -0.051948 0.771973 -0.034968 0.041861 0.998511 -0.006522 
539 1304 0.582949 0.812398 -0.013370 -0.640762 -0.811758 0.581625 -0.052530 0.506874 -0.034899 0.041476 0.998529 -0.003843 
540 1304 0.626638 0.779254 -0.009302 -0.371262 -0.778668 0.625593 -0.048048 0.242851 -0.031622 0.037352 0.998802 -0.008420 
541 1304 0.669296 0.742975 -0.005526 -0.114639 -0.742503 0.668562 -0.041391 0.006935 -0.027058 0.031806 0.999128 -0.015968 
542 1304 0.707935 0.706264 -0.004340 0.192108 -0.705893 0.707332 -0.037369 -0.236961 -0.023323 0.029519 0.999292 -0.014566 
543 1304 0.743946 0.668227 -0.004118 0.458069 -0.667948 0.743425 -0.034120 -0.445763 -0.019739 0.028134 0.999410 -0.015772 
544 1304 0.776415 0.630213 -0.003313 0.780090 -0.630004 0.775998 -0.030350 -0.667206 -0.016556 0.025651 0.999534 -0.014865 
545 1304 0.804038 0.594573 -0.002262 1.095886 -0.594431 0.803751 -0.025174 -0.861717 -0.013150 0.021586 0.999680 -0.015911 
546 1304 0.826493 0.562943 -0.002214 1.399445 -0.562858 0.826285 -0.021059 -1.040535 -0.010025 0.018651 0.999776 -0.021743 
547 1304 0.846445 0.532453 -0.004914 1.740494 -0.532424 0.846202 -0.021571 -1.243881 -0.007327 0.020875 0.999755 -0.021319 
548 1304 0.862827 0.505432 -0.008307 2.058334 -0.505456 0.862417 -0.027374 -1.428444 -0.006671 0.027817 0.999590 -0.024172 
549 1304 0.875420 0.483283 -0.008766 2.429214 -0.483293 0.874843 -0.032790 -1.633507 -0.008178 0.032942 0.999424 -0.022132 
550 1304 0.886003 0.463645 -0.005651 2.793549 -0.463596 0.885543 -0.029854 -1.792068 -0.008837 0.029070 0.999539 -0.027150 
551 1304 0.895117 0.445830 -0.001314 3.190491 -0.445708 0.894796 -0.026159 -1.972885 -0.010487 0.024001 0.999657 -0.023022 
532 1305 0.262509 0.964807 -0.015336 -2.548477 -0.964233 0.261684 -0.042131 2.666924 -0.036635 0.025848 0.998995 0.014564 
533 1305 0.317865 0.948044 -0.013176 -2.393768 -0.947506 0.317118 -0.040848 2.322685 -0.034548 0.025468 0.999078 0.006456 
534 1305 0.373612 0.927485 -0.013633 -2.242783 -0.926964 0.372785 -0.042060 1.997734 -0.033927 0.028352 0.999022 -0.000701 
535 1305 0.427589 0.903849 -0.014952 -2.047195 -0.903317 0.426591 -0.045144 1.658798 -0.034425 0.032809 0.998868 -0.003588 
536 1305 0.480019 0.877135 -0.014686 -1.861542 -0.876586 0.478930 -0.047134 1.361572 -0.034309 0.035498 0.998780 -0.008018 
537 1305 0.529917 0.847930 -0.014224 -1.614319 -0.847374 0.528753 -0.048747 1.057480 -0.033814 0.037885 0.998710 -0.012934 
538 1305 0.579053 0.815179 -0.013495 -1.375946 -0.814582 0.577781 -0.051225 0.764091 -0.033960 0.040654 0.998595 -0.015556 
539 1305 0.624508 0.780951 -0.010209 -1.143402 -0.780278 0.623296 -0.051637 0.510780 -0.033962 0.040214 0.998613 -0.012585 
540 1305 0.666411 0.745556 -0.006380 -0.860489 -0.744948 0.665468 -0.046947 0.261185 -0.030756 0.036039 0.998877 -0.016896 
541 1305 0.707126 0.707081 -0.002957 -0.591904 -0.706598 0.706476 -0.040102 0.038956 -0.026267 0.030447 0.999191 -0.024213 
542 1305 0.743803 0.668396 -0.001983 -0.272842 -0.668016 0.743274 -0.036024 -0.188583 -0.022604 0.028119 0.999349 -0.022593 
543 1305 0.777786 0.628527 -0.001930 0.003662 -0.628238 0.777330 -0.032767 -0.383217 -0.019095 0.026698 0.999461 -0.023614 
544 1305 0.808231 0.588863 -0.001323 0.336792 -0.588647 0.807871 -0.028960 -0.587555 -0.015985 0.024185 0.999579 -0.022530 
545 1305 0.833961 0.551821 -0.000544 0.662323 -0.551676 0.833720 -0.023736 -0.765305 -0.012645 0.020095 0.999718 -0.023435 
546 1305 0.854739 0.519057 -0.000711 0.974777 -0.518968 0.854568 -0.019624 -0.928055 -0.009578 0.017142 0.999807 -0.029146 
547 1305 0.873077 0.487571 -0.003380 1.325974 -0.487531 0.872870 -0.020276 -1.113327 -0.006936 0.019351 0.999788 -0.028581 
548 1305 0.888028 0.459743 -0.006465 1.653030 -0.459744 0.887663 -0.026248 -1.281044 -0.006328 0.026282 0.999634 -0.031309 
549 1305 0.899448 0.436978 -0.006641 2.034088 -0.436956 0.898924 -0.031682 -1.466484 -0.007874 0.031398 0.999476 -0.029140 
550 1305 0.908988 0.416807 -0.003684 2.406204 -0.416734 0.908579 -0.028586 -1.605812 -0.008568 0.027520 0.999585 -0.034096 
551 1305 0.917154 0.398530 0.000454 2.812057 -0.398398 0.916881 -0.024670 -1.765663 -0.010248 0.022446 0.999695 -0.029887 
552 1305 0.922882 0.385065 0.003731 3.219986 -0.384897 0.922693 -0.022154 -1.920082 -0.011974 0.019009 0.999747 -0.032311 
533 1306 0.360478 0.932695 -0.011595 -2.984497 -0.932110 0.359730 -0.042024 2.215950 -0.035024 0.025956 0.999049 0.001990 
534 1306 0.415237 0.909634 -0.011997 -2.818954 -0.909064 0.414406 -0.043255 1.898163 -0.034374 0.028867 0.998993 -0.005317 
535 1306 0.468087 0.883583 -0.013175 -2.608200 -0.882996 0.467083 -0.046395 1.568443 -0.034840 0.033350 0.998836 -0.008349 
536 1306 0.519253 0.854524 -0.012819 -2.409271 -0.853916 0.518157 -0.048371 1.279938 -0.034692 0.036063 0.998748 -0.012902 
537 1306 0.567776 0.823091 -0.012284 -2.148514 -0.822475 0.566603 -0.049962 0.987358 -0.034163 0.038471 0.998676 -0.017925 
538 1306 0.615375 0.788152 -0.011443 -1.897095 -0.787490 0.614096 -0.052404 0.705070 -0.034275 0.041259 0.998560 -0.020651 
539 1306 0.659229 0.751897 -0.008143 -1.653305 -0.751162 0.658014 -0.052667 0.462547 -0.034242 0.040836 0.998579 -0.017762 
540 1306 0.699488 0.714629 -0.004530 -1.359390 -0.713972 0.698541 -0.047809 0.226021 -0.031001 0.036676 0.998847 -0.022136 
541 1306 0.738422 0.674337 -0.001421 -1.080994 -0.673819 0.737768 -0.040816 0.016212 -0.026476 0.031097 0.999166 -0.029505 
542 1306 0.773312 0.634025 -0.000632 -0.751953 -0.633617 0.772776 -0.036697 -0.196648 -0.022779 0.028779 0.999327 -0.027924 
543 1306 0.805457 0.592654 -0.000727 -0.466934 -0.592343 0.804992 -0.033442 -0.378563 -0.019234 0.027366 0.999441 -0.028976 
544 1306 0.834076 0.551648 -0.000293 -0.124878 -0.551414 0.833706 -0.029611 -0.567581 -0.016091 0.024859 0.999562 -0.027913 
545 1306 0.858104 0.513475 0.000248 0.208359 -0.513317 0.857853 -0.024358 -0.730415 -0.012720 0.020774 0.999703 -0.028825 
546 1306 0.877377 0.479800 -0.000105 0.527893 -0.479704 0.877197 -0.020257 -0.878838 -0.009628 0.017823 0.999796 -0.034537 
547 1306 0.894271 0.447516 -0.002742 0.887131 -0.447470 0.894052 -0.021030 -1.047997 -0.006960 0.020033 0.999775 -0.033975 
548 1306 0.907948 0.419045 -0.005553 1.221436 -0.419034 0.907564 -0.027135 -1.200729 -0.006331 0.026964 0.999616 -0.036704 
549 1306 0.918324 0.395791 -0.005483 1.610519 -0.395751 0.917780 -0.032571 -1.368706 -0.007859 0.032080 0.999455 -0.034528 
550 1306 0.926938 0.375205 -0.002668 1.988556 -0.375118 0.926513 -0.029345 -1.491043 -0.008538 0.028202 0.999566 -0.039453 
551 1306 0.934266 0.356572 0.001288 2.401230 -0.356429 0.933982 -0.025245 -1.632339 -0.010205 0.023127 0.999681 -0.035215 
552 1306 0.939376 0.342859 0.004447 2.815750 -0.342681 0.939180 -0.022583 -1.768112 -0.011920 0.019690 0.999735 -0.037605 
553 1306 0.944726 0.327844 0.003265 3.264740 -0.327676 0.944481 -0.024195 -1.925507 -0.011017 0.021788 0.999702 -0.032275 
534 1307 0.453393 0.891229 -0.012133 -3.404007 -0.890631 0.452473 -0.045230 1.791534 -0.034821 0.031313 0.998903 -0.006929 
535 1307 0.505094 0.862964 -0.013176 -3.179489 -0.862349 0.503995 -0.048418 1.471039 -0.035142 0.035818 0.998740 -0.010000 
536 1307 0.554983 0.831765 -0.012737 -2.968536 -0.831132 0.553789 -0.050376 1.191208 -0.034848 0.038544 0.998649 -0.014558 
537 1307 0.602131 0.798306 -0.012135 -2.695618 -0.797666 0.600859 -0.051943 0.909935 -0.034175 0.040956 0.998576 -0.019466 
538 1307 0.648208 0.761383 -0.011191 -2.432480 -0.760699 0.646827 -0.054347 0.638535 -0.034140 0.043742 0.998459 -0.022081 
539 1307 0.690486 0.723303 -0.007883 -2.178650 -0.722548 0.689172 -0.054470 0.406540 -0.033966 0.043307 0.998484 -0.019039 
540 1307 0.729129 0.684362 -0.004479 -1.874969 -0.683693 0.728092 -0.049464 0.182678 -0.030590 0.039128 0.998766 -0.023150 
541 1307 0.766320 0.642458 -0.001669 -1.587952 -0.641936 0.765588 -0.042347 -0.015167 -0.025928 0.033523 0.999102 -0.030250 
542 1307 0.799471 0.600706 -0.001056 -1.250198 -0.600299 0.798863 -0.038198 -0.213913 -0.022102 0.031172 0.999269 -0.028300 
543 1307 0.829833 0.558012 -0.001289 -0.957718 -0.557707 0.829302 -0.034950 -0.383598 -0.018434 0.029721 0.999388 -0.029030 
544 1307 0.856689 0.515832 -0.001017 -0.607986 -0.515610 0.856259 -0.031105 -0.557991 -0.015174 0.027172 0.999515 -0.027538 
545 1307 0.879077 0.476680 -0.000699 -0.268143 -0.476536 0.878775 -0.025833 -0.706581 -0.011700 0.023043 0.999665 -0.028001 
546 1307 0.896905 0.442223 -0.001226 0.057373 -0.442142 0.896682 -0.021751 -0.841339 -0.008520 0.020051 0.999763 -0.033273 
547 1307 0.912415 0.409250 -0.003827 0.423447 -0.409226 0.912153 -0.022635 -0.995148 -0.005772 0.022219 0.999736 -0.032218 
548 1307 0.924875 0.380219 -0.006378 0.763916 -0.380238 0.924438 -0.028853 -1.133598 -0.005075 0.029111 0.999563 -0.034483 
549 1307 0.934259 0.356544 -0.006077 1.159744 -0.356535 0.933653 -0.034281 -1.284966 -0.006549 0.034194 0.999393 -0.031752 
550 1307 0.941994 0.335614 -0.003402 1.542648 -0.335554 0.941513 -0.030939 -1.391182 -0.007181 0.030286 0.999515 -0.036080 
551 1307 0.948528 0.316692 0.000377 1.960907 -0.316570 0.948195 -0.026676 -1.514915 -0.008806 0.025184 0.999644 -0.031201 
552 1307 0.953056 0.302778 0.003421 2.380798 -0.302615 0.952814 -0.023883 -1.633026 -0.010491 0.021726 0.999708 -0.032939 
553 1307 0.957764 0.287549 0.002308 2.836044 -0.287399 0.957471 -0.025543 -1.771301 -0.009555 0.023801 0.999671 -0.026916 
554 1307 0.962264 0.272101 -0.003006 3.275009 -0.272075 0.961862 -0.028219 -1.888077 -0.004787 0.027972 0.999597 -0.026901 
535 1308 0.541185 0.840775 -0.014716 -3.756104 -0.840257 0.539999 -0.048678 1.353256 -0.032980 0.038709 0.998706 -0.027148 
536 1308 0.589710 0.807491 -0.014194 -3.533493 -0.806960 0.588432 -0.050616 1.082573 -0.032520 0.041303 0.998617 -0.030836 
537 1308 0.635400 0.772065 -0.013527 -3.248947 -0.771533 0.634048 -0.052157 0.813065 -0.031692 0.043577 0.998547 -0.034650 
538 1308 0.679874 0.733224 -0.012482 -2.974564 -0.732653 0.678416 -0.054518 0.553032 -0.031506 0.046211 0.998434 -0.036211 
539 1308 0.720502 0.693392 -0.009171 -2.711182 -0.692751 0.719115 -0.054501 0.331963 -0.031195 0.045622 0.998471 -0.032165 
540 1308 0.757457 0.652857 -0.005983 -2.398315 -0.652297 0.756355 -0.049356 0.121117 -0.027697 0.041288 0.998763 -0.035096 
541 1308 0.792834 0.609428 -0.003478 -2.103165 -0.609006 0.792046 -0.042126 -0.064423 -0.022918 0.035517 0.999106 -0.041085 
542 1308 0.824183 0.566316 -0.003041 -1.757324 -0.566006 0.823528 -0.037956 -0.248718 -0.018991 0.033004 0.999275 -0.037844 
543 1308 0.852707 0.522380 -0.003411 -1.457947 -0.522168 0.852136 -0.034720 -0.405914 -0.015230 0.031387 0.999391 -0.037455 
544 1308 0.877749 0.479109 -0.003303 -1.101166 -0.478973 0.877287 -0.030866 -0.565369 -0.011891 0.028675 0.999518 -0.034637 
545 1308 0.898454 0.439055 -0.003208 -0.755356 -0.438988 0.898129 -0.025586 -0.699463 -0.008353 0.024396 0.999667 -0.033821 
546 1308 0.914802 0.403884 -0.003906 -0.424408 -0.403871 0.914563 -0.021530 -0.820381 -0.005123 0.021274 0.999761 -0.037870 
547 1308 0.928898 0.370280 -0.006469 -0.052185 -0.370328 0.928628 -0.022523 -0.958588 -0.002333 0.023317 0.999725 -0.035441 
548 1308 0.940120 0.340732 -0.008753 0.293854 -0.340840 0.939679 -0.028844 -1.082542 -0.001603 0.030100 0.999545 -0.036427 
549 1308 0.948500 0.316670 -0.008223 0.695709 -0.316762 0.947886 -0.034254 -1.217056 -0.003053 0.035095 0.999379 -0.032215 
550 1308 0.955344 0.295441 -0.005692 1.082748 -0.295473 0.954855 -0.030802 -1.307014 -0.003665 0.031108 0.999509 -0.035126 
551 1308 0.961077 0.276273 -0.002097 1.505859 -0.276230 0.960730 -0.026383 -1.412964 -0.005274 0.025936 0.999649 -0.028697 
552 1308 0.965017 0.262189 0.000826 1.930359 -0.262098 0.964756 -0.023464 -1.513222 -0.006949 0.022426 0.999724 -0.028880 
553 1308 0.969075 0.246769 -0.000215 2.391006 -0.246696 0.968767 -0.025170 -1.632149 -0.006003 0.024445 0.999683 -0.021168 
554 1308 0.972907 0.231135 -0.005411 2.834503 -0.231195 0.972503 -0.028068 -1.730301 -0.001225 0.028558 0.999591 -0.019531 
555 1308 0.976560 0.214950 -0.011269 3.302841 -0.215196 0.976119 -0.029740 -1.837448 0.004607 0.031468 0.999493 -0.014388 
537 1309 0.659651 0.751403 -0.015936 -3.790573 -0.751081 0.658303 -0.050159 0.719635 -0.027199 0.045056 0.998615 -0.057300 
538 1309 0.702869 0.711165 -0.014816 -3.508087 -0.710810 0.701424 -0.052487 0.468430 -0.026934 0.047423 0.998512 -0.057105 
539 1309 0.742211 0.670067 -0.011508 -3.237854 -0.669639 0.740838 -0.052365 0.255844 -0.026562 0.046572 0.998562 -0.051448 
540 1309 0.777851 0.628390 -0.008486 -2.918457 -0.628026 0.776765 -0.047120 0.054993 -0.023018 0.041982 0.998854 -0.052594 
541 1309 0.811820 0.583875 -0.006212 -2.617554 -0.583624 0.811047 -0.039814 -0.121109 -0.018208 0.035947 0.999189 -0.056934 
542 1309 0.841774 0.539798 -0.005908 -2.266052 -0.539642 0.841140 -0.035631 -0.294342 -0.014264 0.033182 0.999348 -0.051845 
543 1309 0.868878 0.494985 -0.006381 -1.961868 -0.494914 0.868337 -0.032409 -0.441971 -0.010501 0.031317 0.999455 -0.049862 
544 1309 0.892526 0.450951 -0.006395 -1.600220 -0.450939 0.892098 -0.028553 -0.590027 -0.007171 0.028368 0.999572 -0.045214 
545 1309 0.911939 0.410274 -0.006469 -1.250336 -0.410309 0.911649 -0.023272 -0.713089 -0.003651 0.023877 0.999709 -0.042677 
546 1309 0.927152 0.374613 -0.007296 -0.915710 -0.374684 0.926953 -0.019240 -0.823456 -0.000445 0.020572 0.999789 -0.045097 
547 1309 0.940167 0.340572 -0.009825 -0.539322 -0.340705 0.939951 -0.020314 -0.949799 0.002317 0.022446 0.999745 -0.040830 
548 1309 0.950446 0.310661 -0.011908 -0.189529 -0.310874 0.950076 -0.026704 -1.062714 0.003017 0.029083 0.999572 -0.040120 
549 1309 0.958065 0.286332 -0.011206 0.216370 -0.286546 0.957528 -0.032095 -1.184418 0.001540 0.033960 0.999422 -0.033961 
550 1309 0.964234 0.264909 -0.008786 0.606079 -0.265053 0.963811 -0.028565 -1.262054 0.000901 0.029872 0.999554 -0.035098 
551 1309 0.969360 0.245585 -0.005333 1.032303 -0.245642 0.969063 -0.024034 -1.354538 -0.000734 0.024607 0.999697 -0.026710 
552 1309 0.972857 0.231395 -0.002504 1.459778 -0.231396 0.972633 -0.021023 -1.441299 -0.002429 0.021032 0.999776 -0.024942 
553 1309 0.976421 0.215847 -0.003491 1.923904 -0.215870 0.976157 -0.022761 -1.545547 -0.001505 0.022978 0.999735 -0.015089 
554 1309 0.979740 0.200086 -0.008592 2.370285 -0.200244 0.979405 -0.025822 -1.629593 0.003248 0.027020 0.999630 -0.011431 
555 1309 0.982862 0.183783 -0.014393 2.841751 -0.184123 0.982514 -0.027680 -1.721832 0.009054 0.029856 0.999513 -0.004146 
556 1309 0.985856 0.166697 -0.017322 3.338776 -0.167167 0.985453 -0.030621 -1.806274 0.011965 0.033084 0.999381 0.000286 
539 1310 0.764151 0.644898 -0.013392 -3.777466 -0.644628 0.762762 -0.051463 0.160645 -0.022974 0.047958 0.998585 -0.077026 
540 1310 0.798375 0.602067 -0.010547 -3.451553 -0.601849 0.797277 -0.046121 -0.029465 -0.019359 0.043169 0.998881 -0.076749 
541 1310 0.830831 0.556460 -0.008518 -3.144958 -0.556336 0.830053 -0.038742 -0.195480 -0.014488 0.036927 0.999214 -0.079766 
542 1310 0.859293 0.511418 -0.008354 -2.787933 -0.511378 0.858661 -0.034552 -0.356934 -0.010497 0.033962 0.999368 -0.073174 
543 1310 0.884882 0.465732 -0.008934 -2.479004 -0.465769 0.884351 -0.031346 -0.494354 -0.006698 0.031899 0.999469 -0.069896 
544 1310 0.907042 0.420943 -0.009077 -2.112656 -0.421028 0.906631 -0.027494 -0.630295 -0.003344 0.028759 0.999581 -0.063745 
545 1310 0.925081 0.379656 -0.009326 -1.758896 -0.379770 0.924814 -0.022218 -0.741669 0.000190 0.024095 0.999710 -0.059782 
546 1310 0.939090 0.343518 -0.010287 -1.420776 -0.343655 0.938920 -0.018215 -0.840836 0.003401 0.020641 0.999782 -0.060848 
547 1310 0.950958 0.309057 -0.012779 -1.040405 -0.309259 0.950781 -0.019373 -0.954605 0.006163 0.022375 0.999731 -0.055056 
548 1310 0.960237 0.278802 -0.014648 -0.687073 -0.279102 0.959914 -0.025829 -1.055832 0.006859 0.028890 0.999559 -0.052934 
549 1310 0.967049 0.254221 -0.013766 -0.277374 -0.254536 0.966560 -0.031194 -1.163956 0.005376 0.033670 0.999419 -0.045150 
550 1310 0.972502 0.232616 -0.011465 0.114716 -0.232850 0.972122 -0.027584 -1.228607 0.004729 0.029496 0.999554 -0.044779 
551 1310 0.976986 0.213148 -0.008166 0.543732 -0.213282 0.976722 -0.022941 -1.306839 0.003086 0.024155 0.999704 -0.034733 
552 1310 0.980014 0.198860 -0.005439 0.973846 -0.198929 0.979813 -0.019838 -1.379364 0.001384 0.020523 0.999789 -0.031311 
553 1310 0.983056 0.183197 -0.006367 1.441162 -0.183293 0.982821 -0.021608 -1.468109 0.002299 0.022409 0.999747 -0.019646 
554 1310 0.985837 0.167322 -0.011363 1.890060 -0.167559 0.985549 -0.024837 -1.537262 0.007043 0.026389 0.999627 -0.014270 
555 1310 0.988400 0.150914 -0.017099 2.364304 -0.151336 0.988117 -0.026887 -1.613754 0.012838 0.029163 0.999492 -0.005163 
556 1310 0.990818 0.133728 -0.019928 2.863846 -0.134286 0.990491 -0.029924 -1.681610 0.015736 0.032325 0.999353 0.001170 
557 1310 0.992735 0.118868 -0.018678 3.375809 -0.119427 0.992316 -0.032359 -1.736771 0.014688 0.034355 0.999302 0.012690 
540 1311 0.814926 0.579475 -0.010144 -3.988861 -0.579252 0.813788 -0.047080 -0.123444 -0.019027 0.044242 0.998840 -0.085069 
541 1311 0.846091 0.532974 -0.008323 -3.677734 -0.532852 0.845278 -0.039648 -0.280807 -0.014096 0.037980 0.999179 -0.087916 
542 1311 0.873279 0.487151 -0.008276 -3.316330 -0.487117 0.872616 -0.035454 -0.432220 -0.010050 0.034993 0.999337 -0.081105 
543 1311 0.897578 0.440766 -0.008946 -3.003662 -0.440813 0.897019 -0.032266 -0.560928 -0.006197 0.032905 0.999440 -0.077635 
544 1311 0.918474 0.395374 -0.009197 -2.633667 -0.395471 0.918038 -0.028419 -0.686584 -0.002793 0.029739 0.999554 -0.071240 
545 1311 0.935348 0.353598 -0.009594 -2.276932 -0.353727 0.935061 -0.023153 -0.788010 0.000784 0.025049 0.999686 -0.067028 
546 1311 0.948338 0.317083 -0.010666 -1.936172 -0.317236 0.948153 -0.019179 -0.877670 0.004032 0.021572 0.999759 -0.067851 
547 1311 0.959235 0.282302 -0.013125 -1.552765 -0.282523 0.959043 -0.020405 -0.980728 0.006827 0.023282 0.999705 -0.061785 
548 1311 0.967667 0.251797 -0.014812 -1.196732 -0.252119 0.967321 -0.026911 -1.072067 0.007552 0.029775 0.999528 -0.059407 
549 1311 0.973789 0.227035 -0.013780 -0.784180 -0.227371 0.973274 -0.032249 -1.168686 0.006090 0.034537 0.999385 -0.051321 
550 1311 0.978633 0.205287 -0.011582 -0.390457 -0.205541 0.978231 -0.028577 -1.222336 0.005463 0.030347 0.999525 -0.050636 
551 1311 0.982569 0.185702 -0.008414 0.040588 -0.185853 0.982288 -0.023843 -1.288544 0.003837 0.024991 0.999680 -0.040249 
552 1311 0.985196 0.171337 -0.005775 0.472549 -0.171420 0.984981 -0.020665 -1.348984 0.002147 0.021349 0.999770 -0.036482 
553 1311 0.987799 0.155594 -0.006653 0.942154 -0.155705 0.987548 -0.022460 -1.424606 0.003075 0.023222 0.999726 -0.024450 
554 1311 0.990134 0.139645 -0.011557 1.392807 -0.139903 0.989828 -0.025828 -1.481171 0.007832 0.027190 0.999600 -0.018710 
555 1311 0.992236 0.123170 -0.017232 1.869003 -0.123619 0.991934 -0.028037 -1.544388 0.013640 0.029950 0.999458 -0.009221 
556 1311 0.994173 0.105921 -0.019975 2.370255 -0.106509 0.993823 -0.031152 -1.598236 0.016552 0.033098 0.999315 -0.002477 
557 1311 0.995675 0.091014 -0.018657 2.883530 -0.091602 0.995230 -0.033551 -1.639053 0.015515 0.035115 0.999263 0.009475 
558 1311 0.996851 0.077791 -0.015392 3.443375 -0.078219 0.996498 -0.029544 -1.676498 0.013040 0.030655 0.999444 0.021231 
542 1312 0.886042 0.463577 -0.005179 -3.867477 -0.463430 0.885343 -0.037436 -0.521866 -0.012769 0.035569 0.999285 -0.086914 
543 1312 0.909095 0.416548 -0.005934 -3.551453 -0.416495 0.908492 -0.034267 -0.642136 -0.008883 0.033623 0.999395 -0.084334 
544 1312 0.928771 0.370600 -0.006288 -3.178192 -0.370614 0.928289 -0.030428 -0.757797 -0.005440 0.030591 0.999516 -0.078944 
545 1312 0.944524 0.328372 -0.006826 -2.818863 -0.328437 0.944190 -0.025175 -0.849594 -0.001822 0.026020 0.999659 -0.075663 
546 1312 0.956534 0.291510 -0.008005 -2.475815 -0.291616 0.956300 -0.021231 -0.930054 0.001466 0.022642 0.999742 -0.077364 
547 1312 0.966500 0.256453 -0.010430 -2.089752 -0.256628 0.966249 -0.022523 -1.022781 0.004302 0.024445 0.999691 -0.072290 
548 1312 0.974112 0.225750 -0.011941 -1.731400 -0.226009 0.973691 -0.029072 -1.104492 0.005064 0.031018 0.999505 -0.070825 
549 1312 0.979563 0.200847 -0.010767 -1.316376 -0.201102 0.978967 -0.034380 -1.190002 0.003636 0.035842 0.999350 -0.063779 
550 1312 0.983818 0.178965 -0.008668 -0.921356 -0.179149 0.983345 -0.030650 -1.233032 0.003038 0.031707 0.999492 -0.064016 
551 1312 0.987219 0.159266 -0.005627 -0.488663 -0.159359 0.986883 -0.025833 -1.287628 0.001439 0.026400 0.999650 -0.054654 
552 1312 0.989453 0.144826 -0.003075 -0.055206 -0.144858 0.989195 -0.022585 -1.336456 -0.000229 0.022792 0.999740 -0.051901 
553 1312 0.991634 0.129024 -0.003905 0.416275 -0.129081 0.991334 -0.024403 -1.399429 0.000722 0.024703 0.999694 -0.040991 
554 1312 0.993553 0.113028 -0.008716 0.868301 -0.113230 0.993177 -0.027901 -1.443863 0.005503 0.028708 0.999572 -0.036297 
