0 832 0.999993 -0.003707 -0.000136 2.735754 0.003708 0.999978 0.005402 0.021840 0.000116 -0.005402 0.999986 -0.015571 
1 832 1.000000 0.000126 0.000699 3.937195 -0.000130 0.999981 0.006041 0.028220 -0.000698 -0.006041 0.999982 0.021497 
0 833 0.999994 -0.003031 -0.001570 1.364920 0.003038 0.999985 0.004583 0.017026 0.001556 -0.004587 0.999988 -0.029901 
1 833 0.999999 0.000803 -0.000735 2.566311 -0.000799 0.999986 0.005222 0.022571 0.000739 -0.005221 0.999987 0.008898 
2 833 1.000000 0.000496 -0.000346 3.769998 -0.000494 0.999985 0.005377 0.016711 0.000348 -0.005377 0.999986 0.030595 
0 834 0.999998 -0.001263 -0.001900 -0.007097 0.001271 0.999989 0.004641 -0.006022 0.001894 -0.004644 0.999988 -0.045097 
1 834 0.999996 0.002572 -0.001064 1.194288 -0.002566 0.999983 0.005279 -0.002598 0.001077 -0.005276 0.999986 -0.005891 
2 834 0.999998 0.002264 -0.000674 2.397956 -0.002260 0.999983 0.005434 -0.010583 0.000687 -0.005432 0.999985 0.016213 
3 834 0.999998 0.002397 -0.000187 3.595886 -0.002396 0.999985 0.005018 -0.005758 0.000199 -0.005017 0.999988 0.037365 
0 835 0.999998 0.001942 -0.000634 -1.369772 -0.001940 0.999993 0.003064 0.002340 0.000640 -0.003063 0.999995 -0.064636 
1 835 0.999983 0.005775 0.000204 -0.168334 -0.005776 0.999975 0.003699 0.001848 -0.000183 -0.003700 0.999994 -0.026933 
2 835 0.999985 0.005467 0.000594 1.035327 -0.005470 0.999977 0.003852 -0.010033 -0.000573 -0.003855 0.999993 -0.006354 
3 835 0.999984 0.005601 0.001080 2.233292 -0.005605 0.999978 0.003435 -0.009085 -0.001061 -0.003441 0.999994 0.013301 
4 835 0.999980 0.006317 0.000597 3.430102 -0.006318 0.999975 0.002953 -0.014027 -0.000579 -0.002957 0.999995 0.034167 
0 836 0.999997 -0.002350 -0.000328 -2.735863 0.002351 0.999994 0.002639 -0.017806 0.000322 -0.002640 0.999997 -0.083409 
1 836 0.999999 0.001483 0.000508 -1.534422 -0.001485 0.999993 0.003278 -0.013159 -0.000503 -0.003279 0.999995 -0.046089 
2 836 0.999999 0.001175 0.000897 -0.330713 -0.001178 0.999993 0.003433 -0.019884 -0.000893 -0.003434 0.999994 -0.025896 
3 836 0.999999 0.001309 0.001385 0.867242 -0.001313 0.999994 0.003017 -0.013803 -0.001381 -0.003019 0.999995 -0.006621 
4 836 0.999998 0.002025 0.000904 2.064070 -0.002027 0.999994 0.002534 -0.013618 -0.000899 -0.002536 0.999996 0.013863 
5 836 0.999988 0.004683 0.001012 3.269706 -0.004685 0.999986 0.002243 -0.013512 -0.001002 -0.002248 0.999997 0.029872 
1 837 0.999997 0.002286 0.000201 -2.905358 -0.002287 0.999991 0.003211 -0.021165 -0.000194 -0.003211 0.999996 -0.068309 
2 837 0.999997 0.001979 0.000590 -1.701663 -0.001981 0.999992 0.003365 -0.028857 -0.000584 -0.003366 0.999995 -0.047744 
3 837 0.999997 0.002112 0.001078 -0.503709 -0.002116 0.999993 0.002949 -0.023739 -0.001072 -0.002952 0.999996 -0.028099 
4 837 0.999996 0.002828 0.000597 0.693111 -0.002829 0.999992 0.002466 -0.024515 -0.000590 -0.002468 0.999997 -0.007244 
5 837 0.999984 0.005486 0.000705 1.898741 -0.005488 0.999982 0.002175 -0.025378 -0.000693 -0.002179 0.999998 0.009138 
6 837 0.999977 0.006664 -0.000239 3.091936 -0.006664 0.999975 0.002064 -0.030255 0.000253 -0.002062 0.999999 0.032521 
2 838 0.999995 0.003115 0.000684 -3.076297 -0.003117 0.999989 0.003290 -0.030440 -0.000674 -0.003292 0.999994 -0.067678 
3 838 0.999994 0.003249 0.001171 -1.878337 -0.003252 0.999990 0.002874 -0.026686 -0.001162 -0.002878 0.999995 -0.048140 
4 838 0.999992 0.003964 0.000689 -0.681516 -0.003966 0.999989 0.002391 -0.028824 -0.000680 -0.002394 0.999996 -0.027393 
5 838 0.999977 0.006623 0.000797 0.524114 -0.006624 0.999976 0.002100 -0.031058 -0.000783 -0.002105 0.999997 -0.011119 
6 838 0.999969 0.007801 -0.000147 1.717305 -0.007801 0.999967 0.001990 -0.037294 0.000162 -0.001989 0.999998 0.012157 
7 838 0.999972 0.007373 0.000312 2.911273 -0.007373 0.999970 0.002311 -0.049564 -0.000295 -0.002313 0.999997 0.031224 
3 839 0.999991 0.003991 0.001466 -3.211541 -0.003995 0.999988 0.003038 -0.018722 -0.001454 -0.003043 0.999995 -0.073321 
4 839 0.999989 0.004706 0.000984 -2.014716 -0.004709 0.999986 0.002555 -0.021746 -0.000972 -0.002560 0.999996 -0.052924 
5 839 0.999972 0.007365 0.001091 -0.809083 -0.007367 0.999971 0.002264 -0.024873 -0.001075 -0.002272 0.999997 -0.037003 
6 839 0.999963 0.008543 0.000148 0.384109 -0.008543 0.999961 0.002155 -0.031991 -0.000129 -0.002156 0.999998 -0.014076 
7 839 0.999967 0.008115 0.000607 1.578074 -0.008116 0.999965 0.002475 -0.045146 -0.000587 -0.002480 0.999997 0.004644 
8 839 0.999974 0.006839 0.001969 2.783833 -0.006843 0.999976 0.001975 -0.048850 -0.001955 -0.001988 0.999996 0.025060 
4 840 0.999985 0.005324 0.001100 -3.370945 -0.005326 0.999983 0.002428 -0.037705 -0.001087 -0.002434 0.999996 -0.075137 
5 840 0.999967 0.007982 0.001207 -2.165313 -0.007985 0.999966 0.002137 -0.041579 -0.001190 -0.002147 0.999997 -0.059355 
6 840 0.999957 0.009160 0.000264 -0.972124 -0.009161 0.999956 0.002028 -0.049436 -0.000245 -0.002031 0.999998 -0.036565 
7 840 0.999961 0.008732 0.000723 0.221834 -0.008734 0.999960 0.002349 -0.063331 -0.000703 -0.002355 0.999997 -0.017984 
8 840 0.999969 0.007456 0.002084 1.427592 -0.007460 0.999971 0.001848 -0.067783 -0.002070 -0.001863 0.999996 0.002294 
9 840 0.999983 0.005127 0.002382 2.651486 -0.005130 0.999987 0.001047 -0.067387 -0.002377 -0.001060 0.999997 0.020352 
10 840 0.999997 0.000861 0.002088 3.844116 -0.000861 1.000000 -0.000181 -0.062880 -0.002088 0.000180 0.999998 0.041256 
5 841 0.999980 0.006222 0.000224 -3.537698 -0.006223 0.999978 0.002043 -0.042976 -0.000211 -0.002045 0.999998 -0.086052 
6 841 0.999972 0.007400 -0.000720 -2.344519 -0.007399 0.999970 0.001933 -0.048733 0.000734 -0.001927 0.999998 -0.062095 
7 841 0.999975 0.006972 -0.000261 -1.150557 -0.006972 0.999973 0.002254 -0.060525 0.000276 -0.002252 0.999998 -0.042345 
8 841 0.999983 0.005696 0.001102 0.055187 -0.005698 0.999982 0.001755 -0.062855 -0.001091 -0.001762 0.999998 -0.020887 
9 841 0.999993 0.003366 0.001401 1.279060 -0.003368 0.999993 0.000955 -0.060304 -0.001398 -0.000960 0.999999 -0.001630 
10 841 1.000000 -0.000901 0.001109 2.471661 0.000901 0.999999 -0.000274 -0.053698 -0.001108 0.000275 1.000000 0.020443 
11 841 0.999997 -0.002527 0.000581 3.669538 0.002526 0.999996 0.000242 -0.050865 -0.000582 -0.000241 1.000000 0.039486 
6 842 0.999987 0.004950 -0.001331 -3.720592 -0.004949 0.999987 0.000883 -0.063199 0.001335 -0.000877 0.999998 -0.081751 
7 842 0.999989 0.004522 -0.000873 -2.526616 -0.004521 0.999989 0.001206 -0.072085 0.000878 -0.001202 0.999999 -0.061286 
8 842 0.999994 0.003246 0.000491 -1.320884 -0.003246 0.999995 0.000710 -0.071482 -0.000488 -0.000712 0.999999 -0.039096 
9 842 0.999999 0.000916 0.000792 -0.097033 -0.000915 0.999999 -0.000089 -0.065953 -0.000792 0.000088 0.999999 -0.019091 
10 842 0.999995 -0.003353 0.000503 1.095535 0.003353 0.999993 -0.001319 -0.056447 -0.000498 0.001320 0.999999 0.003715 
11 842 0.999988 -0.004978 -0.000026 2.293389 0.004978 0.999987 -0.000804 -0.050698 0.000030 0.000804 0.999999 0.023490 
12 842 0.999978 -0.006776 0.000398 3.468929 0.006776 0.999977 -0.000216 -0.051144 -0.000396 0.000219 0.999999 0.044100 
7 843 0.999969 0.007832 -0.000325 -3.864393 -0.007832 0.999970 0.001001 -0.067380 0.000333 -0.000998 0.999999 -0.087423 
8 843 0.999978 0.006555 0.001037 -2.658653 -0.006556 0.999979 0.000501 -0.070773 -0.001034 -0.000508 0.999999 -0.065889 
9 843 0.999990 0.004226 0.001335 -1.434779 -0.004225 0.999991 -0.000299 -0.069299 -0.001337 0.000293 0.999999 -0.046549 
10 843 1.000000 -0.000042 0.001042 -0.242175 0.000043 0.999999 -0.001528 -0.063745 -0.001042 0.001528 0.999998 -0.024390 
11 843 0.999999 -0.001667 0.000515 0.955704 0.001668 0.999998 -0.001012 -0.061965 -0.000513 0.001012 0.999999 -0.005267 
12 843 0.999994 -0.003465 0.000941 2.131248 0.003466 0.999995 -0.000425 -0.066307 -0.000940 0.000429 0.999999 0.014703 
13 843 0.999996 -0.002870 0.000283 3.322155 0.002870 0.999996 0.001160 -0.051348 -0.000287 -0.001159 0.999999 0.035100 
9 844 0.999988 0.004470 0.001951 -2.795219 -0.004469 0.999989 -0.000756 -0.071998 -0.001955 0.000748 0.999998 -0.063893 
10 844 0.999999 0.000204 0.001658 -1.602601 -0.000201 0.999997 -0.001985 -0.066746 -0.001658 0.001985 0.999996 -0.042466 
11 844 0.999998 -0.001422 0.001131 -0.404711 0.001424 0.999997 -0.001469 -0.065268 -0.001129 0.001470 0.999998 -0.024080 
12 844 0.999994 -0.003221 0.001557 0.770843 0.003222 0.999995 -0.000883 -0.069905 -0.001554 0.000888 0.999998 -0.004836 
13 844 0.999996 -0.002626 0.000900 1.961766 0.002626 0.999996 0.000703 -0.055247 -0.000901 -0.000700 0.999999 0.014834 
14 844 0.999999 0.000224 0.001283 3.164664 -0.000225 1.000000 0.000207 -0.040724 -0.001283 -0.000207 0.999999 0.032527 
10 845 0.999999 0.000929 0.001798 -2.959269 -0.000926 0.999998 -0.001631 -0.079579 -0.001799 0.001629 0.999997 -0.067987 
11 845 0.999999 -0.000696 0.001271 -1.761374 0.000698 0.999999 -0.001114 -0.078963 -0.001271 0.001115 0.999999 -0.049770 
12 845 0.999996 -0.002495 0.001698 -0.585821 0.002496 0.999997 -0.000528 -0.084447 -0.001696 0.000533 0.999998 -0.030690 
13 845 0.999998 -0.001901 0.001042 0.605116 0.001900 0.999998 0.001057 -0.070646 -0.001044 -0.001055 0.999999 -0.011194 
14 845 0.999999 0.000950 0.001424 1.808028 -0.000950 0.999999 0.000561 -0.056989 -0.001424 -0.000563 0.999999 0.006324 
15 845 0.999998 0.001128 0.002195 3.012033 -0.001129 0.999999 0.000448 -0.057895 -0.002195 -0.000450 0.999997 0.026473 
11 846 0.999999 -0.000584 0.001204 -3.132908 0.000586 0.999999 -0.001599 -0.104924 -0.001203 0.001600 0.999998 -0.069078 
12 846 0.999997 -0.002382 0.001630 -1.957356 0.002384 0.999997 -0.001013 -0.110550 -0.001628 0.001017 0.999997 -0.049922 
13 846 0.999999 -0.001788 0.000974 -0.766418 0.001788 0.999999 0.000573 -0.096892 -0.000975 -0.000571 0.999999 -0.030339 
14 846 0.999998 0.001063 0.001357 0.436495 -0.001063 1.000000 0.000077 -0.083380 -0.001357 -0.000078 0.999999 -0.012733 
15 846 0.999998 0.001241 0.002128 1.640497 -0.001241 1.000000 -0.000037 -0.084431 -0.002128 0.000034 0.999997 0.007497 
16 846 0.999997 -0.000006 0.002413 2.821774 0.000008 1.000000 -0.000759 -0.073263 -0.002413 0.000759 0.999997 0.024644 
12 847 0.999996 -0.002992 0.000561 -3.301636 0.002992 0.999996 0.000189 -0.105131 -0.000562 -0.000187 1.000000 -0.075593 
13 847 0.999997 -0.002396 -0.000095 -2.110728 0.002396 0.999996 0.001774 -0.090724 0.000091 -0.001774 0.999999 -0.054753 
14 847 0.999999 0.000454 0.000287 -0.907846 -0.000455 1.000000 0.001279 -0.076457 -0.000287 -0.001279 0.999999 -0.035878 
15 847 0.999999 0.000633 0.001059 0.296133 -0.000634 1.000000 0.001165 -0.076750 -0.001058 -0.001166 0.999999 -0.014360 
16 847 0.999998 -0.000615 0.001344 1.477386 0.000615 1.000000 0.000443 -0.064842 -0.001345 -0.000442 0.999999 0.004035 
17 847 1.000000 -0.000762 0.000175 2.677034 0.000762 1.000000 0.000806 -0.058290 -0.000176 -0.000805 1.000000 0.024415 
18 847 0.999998 -0.001319 -0.000193 3.868645 0.001319 0.999999 0.001174 -0.045579 0.000192 -0.001174 1.000000 0.043420 
13 848 0.999996 -0.003164 -0.000398 -3.457187 0.003165 0.999993 0.001657 -0.099740 0.000393 -0.001659 0.999999 -0.075016 
14 848 1.000000 -0.000314 -0.000014 -2.254316 0.000314 0.999999 0.001162 -0.084551 0.000014 -0.001162 0.999999 -0.055778 
15 848 1.000000 -0.000136 0.000757 -1.050344 0.000135 0.999999 0.001049 -0.083921 -0.000757 -0.001049 0.999999 -0.033897 
16 848 0.999999 -0.001384 0.001043 0.130892 0.001384 0.999999 0.000327 -0.071106 -0.001043 -0.000326 0.999999 -0.015145 
17 848 0.999999 -0.001531 -0.000126 1.330528 0.001531 0.999998 0.000689 -0.063635 0.000125 -0.000689 1.000000 0.005597 
18 848 0.999998 -0.002088 -0.000495 2.522125 0.002088 0.999997 0.001057 -0.050010 0.000493 -0.001058 0.999999 0.024962 
19 848 0.999996 -0.002857 -0.000147 3.738056 0.002857 0.999994 0.001140 -0.049793 0.000144 -0.001141 0.999999 0.045591 
14 849 0.999999 0.000723 0.000431 -3.581533 -0.000723 1.000000 0.001152 -0.089563 -0.000430 -0.001153 0.999999 -0.074605 
15 849 0.999999 0.000901 0.001202 -2.377552 -0.000902 1.000000 0.001039 -0.090182 -0.001201 -0.001040 0.999998 -0.053259 
16 849 0.999998 -0.000347 0.001487 -1.196295 0.000347 1.000001 0.000317 -0.078593 -0.001487 -0.000316 0.999999 -0.035031 
17 849 1.000000 -0.000494 0.000318 0.003357 0.000494 1.000000 0.000679 -0.072366 -0.000319 -0.000679 0.999999 -0.014821 
18 849 0.999999 -0.001051 -0.000050 1.194973 0.001051 0.999999 0.001048 -0.059977 0.000049 -0.001048 0.999999 0.004015 
19 849 0.999998 -0.001820 0.000298 2.410913 0.001820 0.999998 0.001131 -0.061021 -0.000300 -0.001130 0.999999 0.024104 
20 849 0.999999 -0.000897 -0.000218 3.623125 0.000898 1.000000 0.001283 -0.052285 0.000217 -0.001283 0.999999 0.044357 
15 850 0.999998 0.001119 0.002128 -3.713036 -0.001120 0.999999 0.000641 -0.097007 -0.002127 -0.000643 0.999997 -0.073456 
16 850 0.999997 -0.000128 0.002413 -2.531759 0.000128 1.000000 -0.000082 -0.085683 -0.002413 0.000082 0.999997 -0.056317 
17 850 1.000000 -0.000275 0.001245 -1.332088 0.000275 1.000000 0.000281 -0.079727 -0.001245 -0.000281 0.999999 -0.037216 
18 850 0.999999 -0.000833 0.000876 -0.140450 0.000832 0.999999 0.000650 -0.067606 -0.000877 -0.000649 1.000000 -0.019478 
19 850 0.999998 -0.001602 0.001224 1.075508 0.001601 0.999998 0.000733 -0.068925 -0.001225 -0.000731 0.999999 -0.000516 
20 850 1.000000 -0.000679 0.000709 2.287743 0.000679 1.000000 0.000885 -0.060462 -0.000709 -0.000884 0.999999 0.018618 
21 850 1.000000 -0.001614 -0.000235 3.471226 0.001614 0.999998 0.001489 -0.060074 0.000233 -0.001490 0.999999 0.040348 
16 851 0.999997 -0.001432 0.001829 -3.876707 0.001433 1.000000 -0.000394 -0.102147 -0.001829 0.000397 0.999998 -0.077405 
17 851 0.999999 -0.001579 0.000660 -2.677055 0.001579 1.000000 -0.000033 -0.094633 -0.000660 0.000034 1.000000 -0.057601 
18 851 0.999998 -0.002136 0.000291 -1.485445 0.002136 0.999998 0.000335 -0.080964 -0.000292 -0.000335 1.000000 -0.039163 
19 851 0.999996 -0.002906 0.000639 -0.269499 0.002906 0.999996 0.000419 -0.080703 -0.000640 -0.000417 0.999999 -0.019490 
20 851 0.999999 -0.001983 0.000123 0.942711 0.001983 0.999999 0.000570 -0.070665 -0.000124 -0.000570 1.000000 0.000355 
21 851 0.999996 -0.002917 -0.000821 2.126181 0.002918 0.999996 0.001173 -0.068741 0.000818 -0.001176 0.999999 0.022777 
22 851 0.999995 -0.003407 -0.000135 3.343580 0.003408 0.999993 0.001956 -0.054976 0.000128 -0.001957 0.999998 0.042617 
18 852 0.999997 -0.002147 0.000417 -2.850185 0.002147 0.999997 0.000095 -0.078562 -0.000417 -0.000094 1.000000 -0.061832 
19 852 0.999995 -0.002916 0.000765 -1.634237 0.002916 0.999995 0.000179 -0.078293 -0.000766 -0.000176 1.000000 -0.042312 
20 852 0.999998 -0.001993 0.000249 -0.422026 0.001993 0.999998 0.000330 -0.068248 -0.000250 -0.000330 1.000000 -0.022617 
21 852 0.999995 -0.002927 -0.000695 0.761446 0.002928 0.999995 0.000933 -0.066317 0.000692 -0.000935 1.000000 -0.000344 
22 852 0.999994 -0.003418 -0.000009 1.978846 0.003418 0.999993 0.001716 -0.052544 0.000003 -0.001716 0.999999 0.019346 
23 852 0.999986 -0.004674 0.001945 3.158016 0.004673 0.999989 0.000450 -0.046046 -0.001947 -0.000441 0.999999 0.037527 
19 853 0.999994 -0.003457 0.001015 -2.990366 0.003457 0.999994 -0.000085 -0.087828 -0.001015 0.000088 0.999999 -0.067080 
20 853 0.999997 -0.002534 0.000499 -1.778156 0.002534 0.999998 0.000066 -0.077133 -0.000500 -0.000065 0.999999 -0.047686 
21 853 0.999995 -0.003468 -0.000445 -0.594677 0.003468 0.999995 0.000669 -0.074568 0.000443 -0.000670 0.999999 -0.025709 
22 853 0.999993 -0.003959 0.000240 0.622721 0.003958 0.999992 0.001452 -0.060143 -0.000246 -0.001451 0.999999 -0.006320 
23 853 0.999984 -0.005215 0.002195 1.801891 0.005214 0.999987 0.000187 -0.053012 -0.002196 -0.000176 0.999998 0.011568 
24 853 0.999988 -0.004217 0.002602 2.993559 0.004218 0.999991 -0.000328 -0.044461 -0.002601 0.000339 0.999996 0.029809 
20 854 0.999992 -0.004015 -0.000732 -3.126585 0.004016 0.999992 0.000316 -0.085643 0.000731 -0.000319 0.999999 -0.071052 
21 854 0.999987 -0.004949 -0.001678 -1.943140 0.004950 0.999988 0.000917 -0.081319 0.001673 -0.000925 0.999998 -0.047619 
22 854 0.999985 -0.005439 -0.000993 -0.725790 0.005441 0.999984 0.001701 -0.065084 0.000984 -0.001707 0.999998 -0.026735 
23 854 0.999977 -0.006696 0.000964 0.453348 0.006696 0.999978 0.000439 -0.056201 -0.000966 -0.000433 1.000000 -0.007397 
24 854 0.999983 -0.005699 0.001372 1.644978 0.005699 0.999984 -0.000075 -0.045880 -0.001371 0.000083 0.999999 0.012309 
25 854 0.999965 -0.008419 0.000461 2.849499 0.008420 0.999964 -0.000396 -0.033067 -0.000457 0.000400 1.000000 0.031717 
21 855 0.999978 -0.005945 -0.003068 -3.277802 0.005951 0.999981 0.001957 -0.078249 0.003056 -0.001975 0.999993 -0.076309 
22 855 0.999977 -0.006434 -0.002384 -2.060497 0.006440 0.999976 0.002742 -0.060776 0.002366 -0.002757 0.999993 -0.053752 
23 855 0.999970 -0.007693 -0.000426 -0.881397 0.007694 0.999970 0.001482 -0.050696 0.000415 -0.001485 0.999999 -0.032788 
24 855 0.999978 -0.006697 -0.000017 0.310194 0.006697 0.999977 0.000968 -0.039163 0.000011 -0.000968 0.999999 -0.011438 
25 855 0.999956 -0.009417 -0.000928 1.514673 0.009418 0.999955 0.000646 -0.025127 0.000922 -0.000655 1.000000 0.009628 
26 855 0.999970 -0.007443 -0.002334 2.685310 0.007444 0.999972 0.000493 -0.000130 0.002331 -0.000510 0.999997 0.030943 
27 855 0.999979 -0.005972 -0.002525 3.890469 0.005974 0.999982 0.000599 0.006091 0.002521 -0.000614 0.999997 0.051899 
22 856 0.999987 -0.004777 -0.001782 -3.392462 0.004781 0.999987 0.002069 -0.048029 0.001772 -0.002078 0.999996 -0.073651 
23 856 0.999981 -0.006036 0.000174 -2.213333 0.006036 0.999982 0.000806 -0.039917 -0.000179 -0.000805 1.000000 -0.053385 
24 856 0.999987 -0.005039 0.000582 -1.021713 0.005039 0.999987 0.000291 -0.030374 -0.000583 -0.000288 0.999999 -0.032741 
25 856 0.999970 -0.007760 -0.000330 0.182800 0.007760 0.999970 -0.000029 -0.018349 0.000330 0.000026 1.000000 -0.012386 
26 856 0.999982 -0.005785 -0.001736 1.353489 0.005785 0.999983 -0.000180 0.004693 0.001737 0.000170 0.999998 0.008245 
27 856 0.999989 -0.004314 -0.001927 2.558668 0.004314 0.999991 -0.000073 0.008902 0.001927 0.000065 0.999998 0.028484 
28 856 0.999980 -0.006089 -0.001241 3.746405 0.006089 0.999982 -0.000121 0.019938 0.001242 0.000114 0.999999 0.050700 
23 857 0.999961 -0.008629 0.001295 -3.520998 0.008627 0.999962 0.001680 -0.063005 -0.001309 -0.001668 0.999998 -0.073426 
24 857 0.999969 -0.007632 0.001704 -2.329384 0.007630 0.999970 0.001166 -0.050356 -0.001713 -0.001153 0.999997 -0.054131 
25 857 0.999946 -0.010352 0.000794 -1.124884 0.010351 0.999946 0.000843 -0.035192 -0.000802 -0.000835 1.000000 -0.035143 
26 857 0.999964 -0.008377 -0.000613 0.045765 0.008377 0.999965 0.000689 -0.009098 0.000607 -0.000694 1.000000 -0.015849 
27 857 0.999975 -0.006906 -0.000803 1.250950 0.006907 0.999976 0.000795 -0.001749 0.000798 -0.000801 0.999999 0.003030 
28 857 0.999962 -0.008681 -0.000117 2.438683 0.008681 0.999962 0.000749 0.012384 0.000111 -0.000750 0.999999 0.023899 
29 857 0.999953 -0.009713 0.000077 3.647766 0.009713 0.999953 0.000757 0.027982 -0.000085 -0.000756 1.000000 0.043144 
24 858 0.999952 -0.009502 0.002074 -3.685923 0.009502 0.999954 0.000288 -0.055353 -0.002077 -0.000268 0.999997 -0.072845 
25 858 0.999925 -0.012222 0.001164 -2.481447 0.012222 0.999925 -0.000036 -0.037953 -0.001164 0.000051 1.000000 -0.054289 
26 858 0.999947 -0.010247 -0.000242 -1.310843 0.010247 0.999947 -0.000193 -0.009686 0.000244 0.000191 1.000000 -0.035407 
27 858 0.999961 -0.008777 -0.000433 -0.105667 0.008777 0.999961 -0.000088 -0.000100 0.000433 0.000084 1.000000 -0.016968 
28 858 0.999944 -0.010551 0.000253 1.082043 0.010551 0.999944 -0.000133 0.016237 -0.000252 0.000135 0.999999 0.003473 
29 858 0.999933 -0.011583 0.000448 2.291103 0.011584 0.999933 -0.000125 0.034078 -0.000447 0.000130 1.000000 0.022284 
30 858 0.999951 -0.009802 0.000153 3.495434 0.009802 0.999951 -0.001165 0.058018 -0.000142 0.001166 0.999999 0.046337 
25 859 0.999904 -0.013853 0.000704 -3.782429 0.013853 0.999904 0.000186 -0.030729 -0.000707 -0.000176 1.000000 -0.081030 
26 859 0.999929 -0.011879 -0.000702 -2.611881 0.011879 0.999930 0.000027 -0.000549 0.000701 -0.000035 1.000000 -0.061615 
27 859 0.999945 -0.010408 -0.000893 -1.406734 0.010408 0.999946 0.000132 0.011008 0.000891 -0.000142 0.999999 -0.042624 
28 859 0.999925 -0.012183 -0.000207 -0.219059 0.012183 0.999926 0.000088 0.029287 0.000206 -0.000091 1.000000 -0.021639 
29 859 0.999913 -0.013215 -0.000012 0.989964 0.013215 0.999913 0.000097 0.049105 0.000011 -0.000097 1.000000 -0.002277 
30 859 0.999934 -0.011434 -0.000305 2.194241 0.011433 0.999934 -0.000944 0.075015 0.000316 0.000940 1.000000 0.022325 
31 859 0.999880 -0.015459 0.000310 3.395706 0.015460 0.999881 -0.000628 0.088126 -0.000300 0.000632 0.999999 0.037072 
26 860 0.999933 -0.011481 -0.001022 -3.953178 0.011482 0.999934 0.000667 -0.005890 0.001014 -0.000678 1.000000 -0.084795 
27 860 0.999949 -0.010011 -0.001213 -2.748032 0.010012 0.999950 0.000772 0.005201 0.001205 -0.000784 0.999999 -0.065425 
28 860 0.999930 -0.011785 -0.000527 -1.560356 0.011785 0.999931 0.000728 0.023021 0.000518 -0.000734 0.999999 -0.044072 
29 860 0.999918 -0.012817 -0.000332 -0.351330 0.012818 0.999918 0.000736 0.042372 0.000323 -0.000740 1.000000 -0.024335 
30 860 0.999939 -0.011036 -0.000626 0.852951 0.011036 0.999939 -0.000304 0.067818 0.000629 0.000297 1.000000 0.000636 
31 860 0.999886 -0.015062 -0.000010 2.054420 0.015062 0.999887 0.000012 0.080462 0.000010 -0.000012 1.000000 0.015759 
32 860 0.999875 -0.015823 0.000583 3.271160 0.015823 0.999874 -0.000577 0.104775 -0.000574 0.000586 1.000000 0.040162 
28 861 0.999954 -0.009538 -0.000497 -2.860397 0.009539 0.999955 0.000774 0.019018 0.000489 -0.000779 0.999999 -0.069299 
29 861 0.999944 -0.010571 -0.000302 -1.651333 0.010571 0.999944 0.000782 0.035652 0.000294 -0.000785 1.000000 -0.049597 
30 861 0.999961 -0.008790 -0.000598 -0.446995 0.008789 0.999961 -0.000258 0.058394 0.000600 0.000252 1.000000 -0.024662 
31 861 0.999918 -0.012815 0.000018 0.754501 0.012815 0.999918 0.000057 0.068339 -0.000019 -0.000057 1.000000 -0.009574 
32 861 0.999908 -0.013576 0.000610 1.971298 0.013576 0.999907 -0.000533 0.089919 -0.000603 0.000542 1.000000 0.014793 
33 861 0.999965 -0.008257 0.001564 3.153473 0.008257 0.999966 -0.000260 0.120757 -0.001562 0.000273 0.999999 0.031519 
29 862 0.999923 -0.012424 -0.000565 -2.977333 0.012425 0.999922 0.001687 0.030117 0.000544 -0.001694 0.999999 -0.073977 
30 862 0.999943 -0.010644 -0.000860 -1.773048 0.010644 0.999944 0.000647 0.055115 0.000853 -0.000656 1.000000 -0.048749 
31 862 0.999892 -0.014669 -0.000244 -0.571575 0.014670 0.999893 0.000963 0.067300 0.000230 -0.000966 1.000000 -0.033357 
32 862 0.999881 -0.015430 0.000349 0.645172 0.015430 0.999881 0.000373 0.091160 -0.000355 -0.000368 1.000001 -0.008692 
33 862 0.999949 -0.010111 0.001302 1.827282 0.010110 0.999950 0.000649 0.124205 -0.001309 -0.000635 0.999999 0.008313 
34 862 0.999955 -0.009241 0.002005 3.012402 0.009239 0.999957 0.001049 0.136279 -0.002014 -0.001030 0.999997 0.030960 
30 863 0.999956 -0.009084 -0.001801 -3.097748 0.009086 0.999958 0.001448 0.053137 0.001788 -0.001465 0.999998 -0.074373 
31 863 0.999912 -0.013109 -0.001185 -1.896278 0.013111 0.999913 0.001763 0.063463 0.001162 -0.001778 0.999998 -0.057857 
32 863 0.999903 -0.013871 -0.000593 -0.679516 0.013871 0.999903 0.001173 0.085445 0.000576 -0.001181 1.000000 -0.032064 
33 863 0.999963 -0.008551 0.000361 0.502632 0.008550 0.999963 0.001447 0.116661 -0.000373 -0.001443 0.999999 -0.013970 
34 863 0.999969 -0.007680 0.001064 1.687737 0.007679 0.999969 0.001846 0.126906 -0.001078 -0.001838 0.999998 0.009786 
35 863 0.999972 -0.007275 0.000842 2.912968 0.007273 0.999970 0.002755 0.134792 -0.000862 -0.002749 0.999996 0.026913 
31 864 0.999933 -0.011328 -0.002391 -3.194820 0.011333 0.999934 0.002173 0.067704 0.002366 -0.002200 0.999995 -0.081344 
32 864 0.999925 -0.012090 -0.001799 -1.978054 0.012093 0.999925 0.001582 0.087532 0.001780 -0.001604 0.999998 -0.054088 
33 864 0.999977 -0.006770 -0.000845 -0.795879 0.006772 0.999976 0.001854 0.116653 0.000833 -0.001860 0.999998 -0.034577 
34 864 0.999982 -0.005899 -0.000142 0.389217 0.005899 0.999980 0.002252 0.124800 0.000128 -0.002253 0.999997 -0.009392 
35 864 0.999985 -0.005493 -0.000362 1.614437 0.005494 0.999980 0.003161 0.130514 0.000345 -0.003163 0.999995 0.009214 
36 864 0.999974 -0.007176 -0.000355 2.809456 0.007178 0.999964 0.004523 0.145997 0.000323 -0.004525 0.999990 0.032594 
32 865 0.999920 -0.012514 -0.001955 -3.274155 0.012517 0.999920 0.001417 0.085411 0.001937 -0.001441 0.999998 -0.080812 
33 865 0.999973 -0.007194 -0.001001 -2.091988 0.007196 0.999973 0.001689 0.115031 0.000989 -0.001697 0.999998 -0.061113 
34 865 0.999979 -0.006323 -0.000297 -0.906902 0.006324 0.999978 0.002088 0.123676 0.000284 -0.002090 0.999998 -0.035744 
35 865 0.999982 -0.005917 -0.000518 0.318314 0.005918 0.999978 0.002997 0.129907 0.000500 -0.003000 0.999995 -0.016947 
36 865 0.999971 -0.007600 -0.000512 1.513321 0.007602 0.999962 0.004358 0.145894 0.000478 -0.004362 0.999991 0.006620 
37 865 0.999965 -0.008179 0.000977 2.712757 0.008171 0.999939 0.007414 0.152741 -0.001038 -0.007406 0.999972 0.023163 
38 865 0.999973 -0.006162 0.003823 3.929146 0.006134 0.999954 0.007301 0.186765 -0.003868 -0.007277 0.999966 0.044119 
33 866 0.999987 -0.004909 -0.000892 -3.400757 0.004910 0.999988 0.000785 0.101651 0.000888 -0.000789 0.999999 -0.082935 
34 866 0.999991 -0.004038 -0.000187 -2.215652 0.004039 0.999991 0.001181 0.107566 0.000183 -0.001182 0.999999 -0.057685 
35 866 0.999993 -0.003632 -0.000406 -0.990417 0.003633 0.999991 0.002091 0.110980 0.000399 -0.002093 0.999997 -0.039014 
36 866 0.999986 -0.005315 -0.000397 0.204628 0.005317 0.999980 0.003453 0.124215 0.000378 -0.003455 0.999994 -0.015560 
37 866 0.999981 -0.005895 0.001099 1.404076 0.005888 0.999962 0.006505 0.128307 -0.001137 -0.006498 0.999978 0.000861 
38 866 0.999985 -0.003878 0.003945 2.620537 0.003852 0.999972 0.006385 0.159533 -0.003970 -0.006370 0.999971 0.021718 
39 866 0.999971 -0.001927 0.007197 3.806629 0.001873 0.999970 0.007509 0.155242 -0.007211 -0.007495 0.999945 0.035425 
34 867 0.999991 -0.004151 -0.001216 -3.510601 0.004149 0.999990 -0.001604 0.114674 0.001222 0.001599 0.999998 -0.078552 
35 867 0.999992 -0.003744 -0.001434 -2.285393 0.003743 0.999993 -0.000695 0.118172 0.001437 0.000689 0.999999 -0.058612 
36 867 0.999985 -0.005426 -0.001425 -1.090370 0.005426 0.999985 0.000667 0.131474 0.001421 -0.000675 0.999999 -0.033892 
37 867 0.999982 -0.006002 0.000070 0.109062 0.006002 0.999976 0.003719 0.135654 -0.000093 -0.003719 0.999993 -0.016227 
38 867 0.999988 -0.003985 0.002916 1.325504 0.003974 0.999986 0.003600 0.166957 -0.002930 -0.003588 0.999989 0.005968 
39 867 0.999979 -0.002033 0.006168 2.511581 0.002004 0.999987 0.004724 0.162759 -0.006177 -0.004712 0.999970 0.020883 
40 867 0.999957 -0.000651 0.009327 3.733040 0.000604 0.999987 0.005060 0.164804 -0.009331 -0.005054 0.999944 0.031903 
35 868 0.999983 -0.003291 -0.004736 -3.584831 0.003287 0.999994 -0.000756 0.114679 0.004738 0.000741 0.999988 -0.091506 
36 868 0.999977 -0.004968 -0.004726 -2.389889 0.004971 0.999988 0.000605 0.127435 0.004723 -0.000629 0.999989 -0.062842 
37 868 0.999979 -0.005535 -0.003229 -1.190521 0.005546 0.999978 0.003657 0.131067 0.003209 -0.003675 0.999988 -0.041216 
38 868 0.999994 -0.003518 -0.000383 0.025848 0.003519 0.999987 0.003536 0.161815 0.000371 -0.003538 0.999993 -0.015004 
39 868 0.999994 -0.001563 0.002869 1.211872 0.001549 0.999988 0.004659 0.157076 -0.002876 -0.004654 0.999984 0.003826 
40 868 0.999982 -0.000179 0.006029 2.433292 0.000149 0.999987 0.004993 0.158564 -0.006030 -0.004992 0.999969 0.018877 
41 868 0.999971 -0.000443 0.007541 3.623474 0.000412 0.999991 0.004145 0.152587 -0.007543 -0.004142 0.999963 0.034245 
36 869 0.999945 -0.006671 -0.008094 -3.687809 0.006667 0.999978 -0.000533 0.112518 0.008098 0.000479 0.999968 -0.096884 
37 869 0.999951 -0.007227 -0.006603 -2.488525 0.007244 0.999971 0.002522 0.118166 0.006584 -0.002569 0.999975 -0.071213 
38 869 0.999979 -0.005211 -0.003757 -1.272301 0.005220 0.999984 0.002406 0.150954 0.003744 -0.002425 0.999990 -0.040868 
39 869 0.999994 -0.003252 -0.000507 -0.086346 0.003254 0.999989 0.003534 0.148212 0.000495 -0.003536 0.999994 -0.018047 
40 869 0.999994 -0.001868 0.002653 1.135014 0.001858 0.999991 0.003874 0.151761 -0.002660 -0.003869 0.999989 0.001122 
41 869 0.999989 -0.002134 0.004166 2.325142 0.002122 0.999993 0.003028 0.147792 -0.004173 -0.003020 0.999988 0.020493 
42 869 0.999996 -0.000014 0.002417 3.529934 0.000008 0.999998 0.002294 0.159151 -0.002417 -0.002294 0.999995 0.035808 
37 870 0.999937 -0.004268 -0.010354 -3.766975 0.004290 0.999989 0.002069 0.137751 0.010345 -0.002114 0.999944 -0.104768 
38 870 0.999969 -0.002253 -0.007509 -2.550785 0.002267 0.999995 0.001945 0.166935 0.007504 -0.001962 0.999970 -0.069838 
39 870 0.999990 -0.000290 -0.004255 -1.364941 0.000303 0.999995 0.003064 0.160682 0.004254 -0.003065 0.999986 -0.042562 
40 870 0.999999 0.001096 -0.001095 -0.143650 -0.001092 0.999993 0.003394 0.160617 0.001099 -0.003393 0.999993 -0.018802 
41 870 1.000000 0.000826 0.000416 1.046383 -0.000827 0.999996 0.002544 0.153127 -0.000414 -0.002545 0.999997 0.005038 
42 870 0.999994 0.002944 -0.001335 2.251141 -0.002942 0.999995 0.001816 0.160923 0.001340 -0.001812 0.999997 0.024886 
43 870 0.999983 0.005226 -0.002554 3.441776 -0.005220 0.999982 0.002670 0.148969 0.002567 -0.002657 0.999994 0.047160 
38 871 0.999964 0.000670 -0.008445 -3.860622 -0.000651 0.999997 0.002169 0.164417 0.008447 -0.002164 0.999962 -0.099477 
39 871 0.999982 0.002634 -0.005188 -2.674828 -0.002617 0.999991 0.003278 0.154707 0.005197 -0.003265 0.999981 -0.071082 
40 871 0.999990 0.004020 -0.002027 -1.453568 -0.004013 0.999985 0.003599 0.151080 0.002042 -0.003591 0.999991 -0.046171 
41 871 0.999993 0.003749 -0.000518 -0.263588 -0.003748 0.999989 0.002745 0.140119 0.000529 -0.002743 0.999997 -0.021207 
42 871 0.999979 0.005867 -0.002272 0.941162 -0.005862 0.999981 0.002021 0.144401 0.002284 -0.002008 0.999995 -0.000225 
43 871 0.999961 0.008150 -0.003488 2.131748 -0.008140 0.999962 0.002880 0.128974 0.003511 -0.002851 0.999991 0.023174 
44 871 0.999968 0.006672 -0.004293 3.349922 -0.006657 0.999972 0.003572 0.117201 0.004317 -0.003543 0.999985 0.040115 
39 872 0.999984 0.004153 -0.003712 -3.961311 -0.004139 0.999985 0.003676 0.151278 0.003727 -0.003660 0.999986 -0.087425 
40 872 0.999985 0.005538 -0.000551 -2.740028 -0.005536 0.999976 0.003992 0.145800 0.000573 -0.003989 0.999992 -0.064309 
41 872 0.999986 0.005269 0.000957 -1.550026 -0.005272 0.999981 0.003136 0.133035 -0.000940 -0.003141 0.999995 -0.041090 
42 872 0.999972 0.007387 -0.000798 -0.345234 -0.007385 0.999970 0.002415 0.135488 0.000816 -0.002409 0.999997 -0.021882 
43 872 0.999951 0.009669 -0.002013 0.845352 -0.009662 0.999947 0.003274 0.118256 0.002044 -0.003255 0.999993 -0.000227 
44 872 0.999962 0.008191 -0.002817 2.063530 -0.008179 0.999959 0.003968 0.104633 0.002849 -0.003945 0.999989 0.014927 
45 872 0.999984 0.005139 -0.002616 3.263222 -0.005130 0.999981 0.003612 0.100366 0.002634 -0.003599 0.999990 0.043591 
41 873 0.999968 0.007606 0.002539 -2.830200 -0.007610 0.999969 0.001531 0.136055 -0.002528 -0.001550 0.999996 -0.055728 
42 873 0.999952 0.009726 0.000783 -1.625381 -0.009726 0.999953 0.000814 0.135658 -0.000775 -0.000822 0.999999 -0.038419 
43 873 0.999928 0.012006 -0.000430 -0.434803 -0.012005 0.999926 0.001677 0.115605 0.000450 -0.001671 0.999999 -0.018672 
44 873 0.999944 0.010527 -0.001232 0.783360 -0.010524 0.999942 0.002372 0.099108 0.001257 -0.002359 0.999997 -0.005462 
45 873 0.999972 0.007476 -0.001032 1.983086 -0.007474 0.999970 0.002016 0.091987 0.001047 -0.002008 0.999997 0.021301 
46 873 0.999979 0.006287 -0.001814 3.179638 -0.006284 0.999979 0.001835 0.103224 0.001826 -0.001823 0.999997 0.042394 
42 874 0.999951 0.009732 0.001502 -2.923851 -0.009733 0.999953 0.000014 0.118973 -0.001501 -0.000029 0.999998 -0.055523 
43 874 0.999928 0.012012 0.000289 -1.733257 -0.012012 0.999927 0.000877 0.098897 -0.000278 -0.000881 1.000000 -0.036647 
44 874 0.999944 0.010532 -0.000514 -0.515083 -0.010531 0.999943 0.001573 0.082380 0.000530 -0.001567 0.999999 -0.024326 
45 874 0.999972 0.007482 -0.000314 0.684654 -0.007482 0.999971 0.001216 0.075230 0.000323 -0.001214 0.999999 0.001568 
46 874 0.999980 0.006293 -0.001096 1.881226 -0.006292 0.999979 0.001035 0.086442 0.001102 -0.001028 0.999999 0.021811 
47 874 0.999956 0.009364 -0.001231 3.079643 -0.009362 0.999953 0.002012 0.070664 0.001250 -0.002000 0.999997 0.039710 
43 875 0.999968 0.007980 0.000893 -3.022179 -0.007981 0.999967 0.001097 0.080023 -0.000884 -0.001104 0.999999 -0.058201 
44 875 0.999979 0.006500 0.000087 -1.803936 -0.006500 0.999978 0.001789 0.068420 -0.000075 -0.001789 0.999999 -0.046617 
45 875 0.999995 0.003450 0.000289 -0.604164 -0.003450 0.999994 0.001433 0.066112 -0.000284 -0.001434 0.999998 -0.021450 
46 875 0.999998 0.002261 -0.000493 0.592361 -0.002260 0.999997 0.001249 0.082153 0.000496 -0.001248 0.999999 -0.001938 
47 875 0.999986 0.005331 -0.000632 1.790844 -0.005330 0.999983 0.002225 0.071210 0.000644 -0.002222 0.999997 0.015237 
48 875 0.999989 0.004704 0.000295 3.011284 -0.004705 0.999987 0.001953 0.085255 -0.000285 -0.001955 0.999998 0.037018 
44 876 0.999969 0.007827 0.000858 -3.072945 -0.007828 0.999970 0.000429 0.073362 -0.000854 -0.000436 1.000000 -0.063353 
45 876 0.999988 0.004777 0.001059 -1.873158 -0.004777 0.999989 0.000073 0.069427 -0.001058 -0.000078 0.999999 -0.039114 
46 876 0.999994 0.003589 0.000277 -0.676598 -0.003589 0.999994 -0.000110 0.083852 -0.000278 0.000109 1.000000 -0.020501 
47 876 0.999978 0.006658 0.000139 0.521885 -0.006658 0.999977 0.000867 0.071295 -0.000133 -0.000867 1.000000 -0.004264 
48 876 0.999982 0.006031 0.001066 1.742355 -0.006032 0.999982 0.000593 0.083690 -0.001062 -0.000600 0.999999 0.016596 
49 876 0.999989 0.004235 0.001995 2.957260 -0.004238 0.999990 0.001207 0.068287 -0.001989 -0.001216 0.999997 0.036913 
45 877 0.999972 0.007468 0.000355 -3.142071 -0.007468 0.999972 -0.000092 0.078683 -0.000355 0.000089 0.999999 -0.064237 
46 877 0.999980 0.006279 -0.000427 -1.945492 -0.006279 0.999980 -0.000273 0.089886 0.000426 0.000276 1.000000 -0.044780 
47 877 0.999956 0.009349 -0.000563 -0.747070 -0.009349 0.999955 0.000704 0.074102 0.000569 -0.000698 0.999999 -0.027702 
48 877 0.999961 0.008722 0.000363 0.473419 -0.008722 0.999961 0.000428 0.083209 -0.000359 -0.000431 0.999999 -0.005981 
49 877 0.999975 0.006927 0.001294 1.688263 -0.006928 0.999975 0.001039 0.064535 -0.001286 -0.001048 0.999998 0.015188 
50 877 0.999974 0.007023 0.001035 2.918983 -0.007025 0.999974 0.001533 0.062697 -0.001024 -0.001540 0.999998 0.033840 
46 878 0.999975 0.007025 -0.001102 -3.203014 -0.007025 0.999975 -0.000178 0.088172 0.001101 0.000186 1.000000 -0.067655 
47 878 0.999948 0.010096 -0.001237 -2.004608 -0.010095 0.999948 0.000799 0.071495 0.001245 -0.000786 0.999999 -0.049767 
48 878 0.999955 0.009468 -0.000312 -0.784130 -0.009468 0.999955 0.000522 0.079694 0.000316 -0.000519 1.000000 -0.027223 
49 878 0.999970 0.007673 0.000620 0.430683 -0.007674 0.999969 0.001133 0.060115 -0.000611 -0.001138 0.999999 -0.005232 
50 878 0.999969 0.007770 0.000361 1.661388 -0.007771 0.999969 0.001626 0.057361 -0.000348 -0.001629 0.999999 0.014250 
51 878 0.999984 0.005560 -0.000108 2.865349 -0.005560 0.999983 0.001875 0.054774 0.000118 -0.001874 0.999998 0.036549 
47 879 0.999938 0.011098 -0.001379 -3.299343 -0.011097 0.999938 0.000578 0.077537 0.001386 -0.000563 0.999999 -0.072723 
48 879 0.999945 0.010470 -0.000454 -2.078857 -0.010470 0.999945 0.000301 0.084509 0.000457 -0.000296 1.000000 -0.050003 
49 879 0.999962 0.008675 0.000478 -0.864067 -0.008676 0.999962 0.000910 0.063708 -0.000470 -0.000914 0.999999 -0.027842 
50 879 0.999961 0.008772 0.000219 0.366631 -0.008773 0.999961 0.001404 0.059716 -0.000207 -0.001406 0.999999 -0.008185 
51 879 0.999978 0.006562 -0.000249 1.570587 -0.006561 0.999978 0.001653 0.055919 0.000260 -0.001651 0.999998 0.014286 
52 879 0.999990 0.004272 -0.000651 2.784653 -0.004271 0.999991 0.000937 0.049767 0.000655 -0.000934 0.999999 0.032955 
53 879 0.999967 0.007912 -0.001775 3.957226 -0.007912 0.999969 0.000009 0.044400 0.001774 0.000005 0.999999 0.059788 
48 880 0.999923 0.012446 -0.000093 -3.340775 -0.012446 0.999922 -0.000574 0.087046 0.000086 0.000575 1.000000 -0.070579 
49 880 0.999943 0.010651 0.000840 -2.126022 -0.010651 0.999942 0.000034 0.063826 -0.000840 -0.000043 1.000000 -0.048877 
50 880 0.999942 0.010747 0.000583 -0.895329 -0.010748 0.999942 0.000528 0.057386 -0.000577 -0.000535 1.000000 -0.029669 
51 880 0.999964 0.008537 0.000115 0.308624 -0.008537 0.999963 0.000778 0.051190 -0.000108 -0.000779 0.999999 -0.007638 
52 880 0.999980 0.006247 -0.000288 1.522682 -0.006247 0.999980 0.000063 0.042624 0.000289 -0.000061 1.000000 0.010586 
53 880 0.999950 0.009887 -0.001414 2.695259 -0.009889 0.999950 -0.000863 0.034916 0.001405 0.000877 0.999999 0.036988 
54 880 0.999931 0.011755 -0.000267 3.893593 -0.011755 0.999930 -0.000682 0.047089 0.000259 0.000685 1.000000 0.057290 
49 881 0.999956 0.009331 0.001262 -3.374512 -0.009332 0.999956 0.001060 0.067895 -0.001252 -0.001071 0.999998 -0.066987 
50 881 0.999955 0.009427 0.001004 -2.143799 -0.009429 0.999955 0.001554 0.063099 -0.000989 -0.001563 0.999998 -0.048294 
51 881 0.999974 0.007217 0.000536 -0.939823 -0.007218 0.999973 0.001803 0.058514 -0.000523 -0.001807 0.999998 -0.026765 
52 881 0.999988 0.004927 0.000133 0.274250 -0.004928 0.999988 0.001087 0.051569 -0.000128 -0.001088 0.999999 -0.009046 
53 881 0.999963 0.008568 -0.000991 1.446842 -0.008568 0.999963 0.000160 0.045436 0.000992 -0.000151 0.999999 0.016868 
54 881 0.999946 0.010436 0.000155 2.645176 -0.010436 0.999946 0.000342 0.059210 -0.000152 -0.000343 1.000000 0.036651 
55 881 0.999955 0.009431 0.001765 3.844837 -0.009430 0.999956 -0.000463 0.038020 -0.001769 0.000447 0.999999 0.054981 
50 882 0.999956 0.009122 0.001857 -3.383869 -0.009127 0.999955 0.002564 0.070208 -0.001833 -0.002581 0.999995 -0.070975 
51 882 0.999975 0.006912 0.001389 -2.179878 -0.006915 0.999972 0.002813 0.066010 -0.001369 -0.002823 0.999995 -0.050470 
52 882 0.999989 0.004623 0.000986 -0.965786 -0.004625 0.999987 0.002098 0.059450 -0.000976 -0.002102 0.999997 -0.033781 
53 882 0.999966 0.008264 -0.000138 0.206833 -0.008264 0.999965 0.001169 0.053698 0.000147 -0.001168 0.999999 -0.008861 
54 882 0.999948 0.010132 0.001008 1.405167 -0.010133 0.999947 0.001352 0.067855 -0.000995 -0.001362 0.999999 0.009884 
55 882 0.999955 0.009128 0.002619 2.604866 -0.009129 0.999958 0.000547 0.047047 -0.002614 -0.000571 0.999997 0.027212 
56 882 0.999944 0.010434 0.001669 3.795601 -0.010437 0.999944 0.001759 0.040811 -0.001651 -0.001776 0.999997 0.048710 
51 883 0.999970 0.007640 0.001263 -3.430725 -0.007644 0.999965 0.003205 0.065157 -0.001238 -0.003214 0.999993 -0.073153 
52 883 0.999985 0.005351 0.000860 -2.216644 -0.005353 0.999983 0.002489 0.057720 -0.000847 -0.002494 0.999996 -0.056306 
53 883 0.999960 0.008992 -0.000264 -1.044033 -0.008992 0.999958 0.001562 0.051124 0.000278 -0.001560 0.999999 -0.031234 
54 883 0.999940 0.010860 0.000882 0.154312 -0.010862 0.999939 0.001744 0.064416 -0.000863 -0.001753 0.999998 -0.012341 
55 883 0.999949 0.009856 0.002492 1.353989 -0.009858 0.999951 0.000938 0.042740 -0.002482 -0.000962 0.999997 0.005148 
56 883 0.999936 0.011163 0.001543 2.544724 -0.011166 0.999935 0.002150 0.035646 -0.001519 -0.002168 0.999996 0.026801 
57 883 0.999941 0.010872 -0.000219 3.727089 -0.010871 0.999928 0.004998 0.030016 0.000273 -0.004996 0.999987 0.047655 
52 884 0.999989 0.004651 -0.000541 -3.428524 -0.004649 0.999984 0.003196 0.052947 0.000556 -0.003193 0.999995 -0.078359 
53 884 0.999964 0.008290 -0.001665 -2.255943 -0.008287 0.999963 0.002268 0.047195 0.001683 -0.002254 0.999996 -0.051643 
