638 688 0.995805 0.091079 0.008894 -3.754005 -0.090917 0.995710 -0.017162 0.164352 -0.010419 0.016282 0.999813 -0.065765 
638 689 0.995828 0.090816 0.008931 -3.750740 -0.090656 0.995737 -0.017016 0.166077 -0.010438 0.016135 0.999815 -0.065778 
639 689 0.995756 0.091509 0.009862 -3.402420 -0.091326 0.995664 -0.017670 0.134384 -0.011436 0.016694 0.999795 -0.063162 
638 690 0.995825 0.090853 0.008917 -3.751297 -0.090694 0.995735 -0.016916 0.165253 -0.010416 0.016037 0.999817 -0.065967 
639 690 0.995752 0.091546 0.009848 -3.402977 -0.091364 0.995662 -0.017570 0.133560 -0.011414 0.016596 0.999797 -0.063343 
640 690 0.995849 0.090422 0.010480 -3.126450 -0.090241 0.995782 -0.016595 0.114120 -0.011936 0.015580 0.999808 -0.059898 
638 691 0.995789 0.091243 0.008947 -3.756714 -0.091083 0.995700 -0.016860 0.166229 -0.010447 0.015974 0.999818 -0.065101 
639 691 0.995716 0.091936 0.009878 -3.408409 -0.091754 0.995628 -0.017514 0.134399 -0.011445 0.016533 0.999798 -0.062489 
640 691 0.995813 0.090811 0.010510 -3.131897 -0.090630 0.995747 -0.016538 0.114853 -0.011967 0.015517 0.999808 -0.059052 
641 691 0.995834 0.090611 0.010169 -2.850021 -0.090453 0.995787 -0.015046 0.089340 -0.011490 0.014064 0.999835 -0.053170 
638 692 0.995801 0.091113 0.008993 -3.753296 -0.090954 0.995714 -0.016783 0.167465 -0.010483 0.015895 0.999818 -0.065303 
639 692 0.995728 0.091806 0.009924 -3.404991 -0.091624 0.995641 -0.017437 0.135666 -0.011481 0.016453 0.999798 -0.062703 
640 692 0.995824 0.090681 0.010556 -3.128456 -0.090501 0.995761 -0.016462 0.116165 -0.012004 0.015438 0.999808 -0.059277 
641 692 0.995846 0.090481 0.010215 -2.846581 -0.090323 0.995801 -0.014970 0.090698 -0.011526 0.013985 0.999836 -0.053406 
642 692 0.996041 0.088355 0.009864 -2.593132 -0.088225 0.996017 -0.012932 0.074493 -0.010967 0.012010 0.999867 -0.049699 
638 693 0.995774 0.091409 0.008991 -3.758186 -0.091252 0.995690 -0.016553 0.165009 -0.010465 0.015662 0.999823 -0.065566 
639 693 0.995701 0.092102 0.009921 -3.409889 -0.091923 0.995618 -0.017207 0.133102 -0.011463 0.016221 0.999803 -0.062959 
640 693 0.995798 0.090977 0.010554 -3.133377 -0.090800 0.995738 -0.016232 0.113525 -0.011986 0.015205 0.999813 -0.059529 
641 693 0.995819 0.090777 0.010213 -2.851509 -0.090622 0.995777 -0.014740 0.087967 -0.011508 0.013753 0.999840 -0.053653 
642 693 0.996015 0.088651 0.009863 -2.598068 -0.088524 0.995994 -0.012701 0.071686 -0.010950 0.011778 0.999871 -0.049944 
643 693 0.996249 0.086011 0.009517 -2.373657 -0.085906 0.996244 -0.010902 0.059143 -0.010419 0.010044 0.999896 -0.046090 
638 694 0.995753 0.091628 0.009040 -3.754654 -0.091471 0.995672 -0.016420 0.168655 -0.010505 0.015523 0.999825 -0.065660 
639 694 0.995679 0.092320 0.009971 -3.406364 -0.092142 0.995599 -0.017074 0.136673 -0.011503 0.016082 0.999805 -0.063068 
640 694 0.995776 0.091196 0.010603 -3.129845 -0.091019 0.995719 -0.016099 0.117035 -0.012026 0.015066 0.999815 -0.059650 
641 694 0.995798 0.090995 0.010263 -2.847992 -0.090841 0.995758 -0.014607 0.091431 -0.011549 0.013613 0.999841 -0.053785 
642 694 0.995994 0.088870 0.009913 -2.594551 -0.088743 0.995975 -0.012569 0.075089 -0.010990 0.011638 0.999872 -0.050087 
643 694 0.996229 0.086229 0.009567 -2.370155 -0.086125 0.996225 -0.010769 0.062500 -0.010460 0.009905 0.999897 -0.046243 
644 694 0.996424 0.084102 0.008105 -2.174416 -0.084024 0.996419 -0.009436 0.046936 -0.008869 0.008722 0.999924 -0.042496 
638 695 0.995743 0.091723 0.009216 -3.753143 -0.091567 0.995669 -0.016107 0.166916 -0.010654 0.015195 0.999828 -0.065545 
639 695 0.995669 0.092416 0.010147 -3.404861 -0.092239 0.995596 -0.016762 0.134918 -0.011651 0.015754 0.999808 -0.063005 
640 695 0.995766 0.091291 0.010780 -3.128342 -0.091116 0.995716 -0.015787 0.115250 -0.012175 0.014738 0.999817 -0.059630 
641 695 0.995788 0.091091 0.010440 -2.846489 -0.090938 0.995755 -0.014295 0.089600 -0.011697 0.013285 0.999844 -0.053807 
642 695 0.995985 0.088965 0.010090 -2.593048 -0.088839 0.995971 -0.012256 0.073242 -0.011140 0.011311 0.999874 -0.050149 
643 695 0.996220 0.086324 0.009744 -2.368652 -0.086222 0.996221 -0.010457 0.060638 -0.010610 0.009577 0.999898 -0.046341 
644 695 0.996415 0.084196 0.008282 -2.172920 -0.084120 0.996415 -0.009124 0.045074 -0.009020 0.008395 0.999925 -0.042624 
645 695 0.996656 0.081503 0.005870 -1.973534 -0.081455 0.996645 -0.008063 0.034088 -0.006508 0.007558 0.999950 -0.037169 
638 696 0.995747 0.091673 0.009299 -3.752205 -0.091515 0.995673 -0.016171 0.168640 -0.010741 0.015251 0.999825 -0.065873 
639 696 0.995673 0.092366 0.010229 -3.403915 -0.092186 0.995600 -0.016825 0.136658 -0.011738 0.015810 0.999806 -0.063363 
640 696 0.995770 0.091241 0.010862 -3.127403 -0.091064 0.995720 -0.015850 0.117004 -0.012262 0.014794 0.999815 -0.060011 
641 696 0.995792 0.091040 0.010522 -2.845543 -0.090886 0.995759 -0.014358 0.091385 -0.011784 0.013341 0.999842 -0.054213 
642 696 0.995988 0.088914 0.010172 -2.592102 -0.088787 0.995975 -0.012320 0.075027 -0.011227 0.011367 0.999871 -0.050577 
643 696 0.996223 0.086273 0.009826 -2.367706 -0.086170 0.996225 -0.010520 0.062439 -0.010697 0.009634 0.999896 -0.046788 
644 696 0.996419 0.084145 0.008364 -2.171967 -0.084068 0.996419 -0.009187 0.046875 -0.009107 0.008451 0.999923 -0.043088 
645 696 0.996660 0.081452 0.005952 -1.972580 -0.081403 0.996649 -0.008127 0.035904 -0.006594 0.007615 0.999949 -0.037651 
646 696 0.996836 0.079393 0.003928 -1.806183 -0.079358 0.996811 -0.008534 0.021164 -0.004593 0.008195 0.999956 -0.034469 
638 697 0.995725 0.091891 0.009372 -3.749733 -0.091731 0.995651 -0.016277 0.169357 -0.010827 0.015348 0.999824 -0.066542 
639 697 0.995652 0.092584 0.010302 -3.401451 -0.092402 0.995578 -0.016932 0.137283 -0.011824 0.015907 0.999804 -0.064062 
640 697 0.995749 0.091459 0.010935 -3.124939 -0.091279 0.995698 -0.015957 0.117569 -0.012347 0.014891 0.999813 -0.060734 
641 697 0.995771 0.091258 0.010595 -2.843079 -0.091101 0.995737 -0.014465 0.091888 -0.011870 0.013438 0.999840 -0.054960 
642 697 0.995967 0.089131 0.010246 -2.589638 -0.089002 0.995955 -0.012427 0.075485 -0.011312 0.011464 0.999870 -0.051345 
643 697 0.996203 0.086490 0.009900 -2.365250 -0.086385 0.996205 -0.010627 0.062836 -0.010782 0.009731 0.999895 -0.047574 
644 697 0.996399 0.084363 0.008438 -2.169518 -0.084284 0.996399 -0.009294 0.047241 -0.009192 0.008549 0.999922 -0.043891 
645 697 0.996641 0.081670 0.006027 -1.970131 -0.081619 0.996630 -0.008233 0.036209 -0.006679 0.007713 0.999948 -0.038470 
646 697 0.996818 0.079611 0.004003 -1.803741 -0.079574 0.996792 -0.008640 0.021454 -0.004678 0.008294 0.999955 -0.035302 
647 697 0.996984 0.077511 0.003742 -1.618973 -0.077472 0.996948 -0.009730 0.006393 -0.004484 0.009411 0.999946 -0.031716 
638 698 0.995727 0.091880 0.009286 -3.745895 -0.091722 0.995652 -0.016235 0.171051 -0.010737 0.015314 0.999825 -0.067075 
639 698 0.995653 0.092573 0.010216 -3.397614 -0.092393 0.995579 -0.016890 0.138992 -0.011735 0.015873 0.999805 -0.064563 
640 698 0.995750 0.091448 0.010849 -3.121101 -0.091270 0.995699 -0.015915 0.119278 -0.012258 0.014857 0.999815 -0.061211 
641 698 0.995772 0.091248 0.010509 -2.839241 -0.091092 0.995738 -0.014423 0.093597 -0.011780 0.013405 0.999841 -0.055411 
642 698 0.995969 0.089121 0.010160 -2.585815 -0.088994 0.995955 -0.012384 0.077194 -0.011223 0.011430 0.999871 -0.051774 
643 698 0.996205 0.086480 0.009814 -2.361412 -0.086376 0.996206 -0.010585 0.064545 -0.010692 0.009697 0.999896 -0.047983 
644 698 0.996400 0.084353 0.008352 -2.165672 -0.084275 0.996400 -0.009252 0.048950 -0.009103 0.008515 0.999923 -0.044282 
645 698 0.996642 0.081660 0.005941 -1.966293 -0.081610 0.996631 -0.008191 0.037933 -0.006590 0.007679 0.999949 -0.038844 
646 698 0.996818 0.079601 0.003917 -1.799904 -0.079565 0.996793 -0.008598 0.023163 -0.004589 0.008259 0.999956 -0.035661 
647 698 0.996985 0.077501 0.003656 -1.615135 -0.077463 0.996948 -0.009688 0.008102 -0.004395 0.009376 0.999947 -0.032058 
648 698 0.997155 0.075243 0.004581 -1.440559 -0.075200 0.997128 -0.008915 -0.003220 -0.005238 0.008545 0.999950 -0.031102 
638 699 0.995695 0.092225 0.009325 -3.747757 -0.092065 0.995619 -0.016316 0.170578 -0.010789 0.015387 0.999824 -0.067143 
639 699 0.995621 0.092918 0.010255 -3.399475 -0.092736 0.995546 -0.016971 0.138397 -0.011786 0.015946 0.999804 -0.064650 
640 699 0.995719 0.091793 0.010888 -3.122971 -0.091613 0.995666 -0.015997 0.118591 -0.012309 0.014931 0.999813 -0.061311 
641 699 0.995741 0.091592 0.010549 -2.841125 -0.091436 0.995705 -0.014504 0.092804 -0.011832 0.013478 0.999840 -0.055526 
642 699 0.995939 0.089466 0.010201 -2.587700 -0.089337 0.995923 -0.012466 0.076324 -0.011274 0.011504 0.999870 -0.051901 
643 699 0.996175 0.086825 0.009855 -2.363304 -0.086720 0.996175 -0.010666 0.063599 -0.010744 0.009770 0.999895 -0.048122 
644 699 0.996372 0.084698 0.008394 -2.167587 -0.084619 0.996370 -0.009332 0.047928 -0.009154 0.008588 0.999922 -0.044431 
645 699 0.996614 0.082005 0.005983 -1.968201 -0.081954 0.996601 -0.008271 0.036850 -0.006641 0.007752 0.999948 -0.039002 
646 699 0.996791 0.079946 0.003959 -1.801811 -0.079909 0.996764 -0.008677 0.022003 -0.004640 0.008332 0.999955 -0.035828 
647 699 0.996959 0.077846 0.003697 -1.617043 -0.077807 0.996920 -0.009767 0.006882 -0.004446 0.009449 0.999946 -0.032235 
648 699 0.997129 0.075588 0.004623 -1.442482 -0.075545 0.997101 -0.008994 -0.004501 -0.005289 0.008619 0.999950 -0.031288 
649 699 0.997350 0.072577 0.005206 -1.271889 -0.072543 0.997343 -0.006591 -0.008713 -0.005670 0.006196 0.999965 -0.027648 
638 700 0.995688 0.092309 0.009209 -3.749855 -0.092152 0.995612 -0.016259 0.170105 -0.010669 0.015340 0.999825 -0.066476 
639 700 0.995614 0.093002 0.010139 -3.401581 -0.092823 0.995539 -0.016914 0.137894 -0.011667 0.015899 0.999805 -0.063941 
640 700 0.995712 0.091877 0.010772 -3.125084 -0.091700 0.995660 -0.015940 0.118057 -0.012190 0.014883 0.999815 -0.060569 
641 700 0.995734 0.091677 0.010433 -2.843239 -0.091522 0.995699 -0.014447 0.092255 -0.011713 0.013431 0.999841 -0.054750 
642 700 0.995932 0.089551 0.010085 -2.589806 -0.089424 0.995917 -0.012409 0.075745 -0.011155 0.011456 0.999871 -0.051095 
643 700 0.996168 0.086910 0.009740 -2.365425 -0.086807 0.996169 -0.010609 0.062988 -0.010625 0.009723 0.999897 -0.047290 
644 700 0.996365 0.084783 0.008278 -2.169693 -0.084705 0.996364 -0.009275 0.047318 -0.009035 0.008540 0.999923 -0.043576 
645 700 0.996607 0.082090 0.005867 -1.970314 -0.082041 0.996596 -0.008213 0.036209 -0.006522 0.007704 0.999949 -0.038123 
646 700 0.996784 0.080031 0.003844 -1.803932 -0.079996 0.996759 -0.008619 0.021362 -0.004521 0.008284 0.999956 -0.034930 
647 700 0.996952 0.077931 0.003582 -1.619171 -0.077894 0.996915 -0.009709 0.006226 -0.004327 0.009401 0.999947 -0.031314 
648 700 0.997122 0.075673 0.004507 -1.444595 -0.075631 0.997096 -0.008937 -0.005173 -0.005171 0.008570 0.999950 -0.030346 
649 700 0.997343 0.072663 0.005091 -1.274010 -0.072629 0.997338 -0.006534 -0.009399 -0.005552 0.006147 0.999966 -0.026687 
650 700 0.997545 0.069893 0.004484 -1.126984 -0.069870 0.997543 -0.005211 -0.014099 -0.004837 0.004885 0.999976 -0.026329 
638 701 0.995688 0.092323 0.009079 -3.750427 -0.092167 0.995610 -0.016300 0.170197 -0.010544 0.015393 0.999825 -0.067551 
639 701 0.995615 0.093015 0.010009 -3.402153 -0.092838 0.995536 -0.016956 0.137985 -0.011541 0.015952 0.999806 -0.064972 
640 701 0.995713 0.091891 0.010642 -3.125656 -0.091715 0.995657 -0.015981 0.118149 -0.012064 0.014936 0.999815 -0.061565 
641 701 0.995734 0.091690 0.010303 -2.843811 -0.091537 0.995696 -0.014488 0.092331 -0.011587 0.013484 0.999842 -0.055711 
642 701 0.995932 0.089565 0.009955 -2.590385 -0.089439 0.995915 -0.012450 0.075821 -0.011029 0.011509 0.999872 -0.052024 
643 701 0.996168 0.086924 0.009610 -2.365997 -0.086821 0.996166 -0.010650 0.063065 -0.010499 0.009775 0.999897 -0.048190 
644 701 0.996365 0.084797 0.008148 -2.170273 -0.084720 0.996361 -0.009317 0.047379 -0.008909 0.008592 0.999923 -0.044451 
645 701 0.996607 0.082104 0.005737 -1.970894 -0.082056 0.996593 -0.008255 0.036285 -0.006396 0.007756 0.999949 -0.038973 
646 701 0.996784 0.080045 0.003714 -1.804504 -0.080011 0.996756 -0.008660 0.021423 -0.004395 0.008335 0.999956 -0.035758 
647 701 0.996952 0.077945 0.003452 -1.619751 -0.077909 0.996913 -0.009750 0.006287 -0.004201 0.009452 0.999947 -0.032119 
648 701 0.997122 0.075687 0.004377 -1.445183 -0.075646 0.997094 -0.008978 -0.005127 -0.005044 0.008621 0.999950 -0.031130 
649 701 0.997343 0.072677 0.004961 -1.274590 -0.072644 0.997336 -0.006575 -0.009338 -0.005425 0.006197 0.999966 -0.027448 
650 701 0.997545 0.069908 0.004354 -1.127571 -0.069885 0.997541 -0.005252 -0.014023 -0.004711 0.004935 0.999976 -0.027071 
651 701 0.997767 0.066692 0.003636 -0.995323 -0.066672 0.997760 -0.005444 -0.024948 -0.003991 0.005190 0.999978 -0.023769 
638 702 0.995655 0.092683 0.009060 -3.749519 -0.092526 0.995574 -0.016449 0.170609 -0.010545 0.015539 0.999823 -0.068182 
639 702 0.995581 0.093376 0.009990 -3.401253 -0.093197 0.995501 -0.017105 0.138260 -0.011542 0.016098 0.999803 -0.065603 
640 702 0.995679 0.092251 0.010624 -3.124756 -0.092074 0.995622 -0.016130 0.118317 -0.012065 0.015082 0.999813 -0.062196 
641 702 0.995701 0.092051 0.010285 -2.842934 -0.091896 0.995662 -0.014637 0.092407 -0.011588 0.013629 0.999840 -0.056342 
642 702 0.995900 0.089925 0.009938 -2.589500 -0.089798 0.995881 -0.012599 0.075806 -0.011030 0.011655 0.999870 -0.052654 
643 702 0.996137 0.087285 0.009593 -2.365120 -0.087181 0.996134 -0.010799 0.062958 -0.010499 0.009921 0.999896 -0.048819 
644 702 0.996334 0.085158 0.008132 -2.169403 -0.085080 0.996330 -0.009465 0.047211 -0.008909 0.008738 0.999922 -0.045080 
645 702 0.996578 0.082465 0.005722 -1.970032 -0.082416 0.996563 -0.008402 0.036041 -0.006395 0.007901 0.999948 -0.039602 
646 702 0.996755 0.080406 0.003698 -1.803658 -0.080371 0.996727 -0.008807 0.021133 -0.004394 0.008481 0.999954 -0.036386 
647 702 0.996924 0.078307 0.003436 -1.618896 -0.078269 0.996884 -0.009897 0.005920 -0.004200 0.009598 0.999945 -0.032748 
648 702 0.997095 0.076049 0.004361 -1.444328 -0.076007 0.997065 -0.009125 -0.005554 -0.005043 0.008767 0.999949 -0.031757 
649 702 0.997317 0.073039 0.004946 -1.273743 -0.073005 0.997309 -0.006722 -0.009827 -0.005423 0.006343 0.999965 -0.028074 
650 702 0.997519 0.070269 0.004340 -1.126724 -0.070245 0.997515 -0.005399 -0.014587 -0.004708 0.005081 0.999976 -0.027696 
651 702 0.997743 0.067054 0.003621 -0.994476 -0.067033 0.997736 -0.005591 -0.025543 -0.003988 0.005335 0.999977 -0.024393 
652 702 0.998077 0.061940 0.002637 -0.846848 -0.061921 0.998058 -0.006759 -0.032288 -0.003051 0.006582 0.999973 -0.022619 
638 703 0.995685 0.092342 0.009284 -3.743126 -0.092184 0.995611 -0.016161 0.171783 -0.010736 0.015235 0.999826 -0.066370 
639 703 0.995611 0.093035 0.010214 -3.394844 -0.092855 0.995538 -0.016816 0.139557 -0.011733 0.015794 0.999806 -0.063859 
640 703 0.995708 0.091910 0.010847 -3.118347 -0.091732 0.995658 -0.015841 0.119720 -0.012256 0.014778 0.999816 -0.060506 
641 703 0.995730 0.091709 0.010508 -2.836502 -0.091555 0.995698 -0.014349 0.093903 -0.011779 0.013325 0.999842 -0.054706 
642 703 0.995928 0.089583 0.010160 -2.583069 -0.089456 0.995916 -0.012310 0.077393 -0.011221 0.011351 0.999872 -0.051069 
643 703 0.996165 0.086942 0.009815 -2.358688 -0.086839 0.996167 -0.010510 0.064636 -0.010691 0.009618 0.999897 -0.047279 
644 703 0.996362 0.084814 0.008354 -2.162964 -0.084737 0.996362 -0.009177 0.048950 -0.009102 0.008436 0.999923 -0.043578 
645 703 0.996605 0.082122 0.005943 -1.963585 -0.082072 0.996594 -0.008115 0.037842 -0.006589 0.007599 0.999949 -0.038140 
646 703 0.996782 0.080063 0.003919 -1.797203 -0.080027 0.996757 -0.008520 0.022980 -0.004588 0.008179 0.999956 -0.034957 
647 703 0.996950 0.077963 0.003657 -1.612434 -0.077925 0.996914 -0.009611 0.007843 -0.004395 0.009296 0.999948 -0.031354 
648 703 0.997120 0.075705 0.004583 -1.437859 -0.075663 0.997094 -0.008838 -0.003555 -0.005238 0.008466 0.999951 -0.030398 
649 703 0.997341 0.072694 0.005166 -1.267273 -0.072661 0.997336 -0.006435 -0.007797 -0.005620 0.006043 0.999966 -0.026751 
650 703 0.997542 0.069925 0.004560 -1.120255 -0.069901 0.997541 -0.005112 -0.012482 -0.004906 0.004781 0.999976 -0.026404 
651 703 0.997765 0.066709 0.003841 -0.987999 -0.066689 0.997761 -0.005304 -0.023407 -0.004186 0.005036 0.999978 -0.023127 
652 703 0.998097 0.061596 0.002858 -0.840378 -0.061576 0.998082 -0.006473 -0.030090 -0.003251 0.006284 0.999975 -0.021383 
653 703 0.998398 0.056518 0.002380 -0.715088 -0.056502 0.998381 -0.006538 -0.033127 -0.002746 0.006393 0.999976 -0.018211 
638 704 0.995651 0.092709 0.009183 -3.750725 -0.092554 0.995578 -0.016083 0.170792 -0.010634 0.015164 0.999829 -0.067278 
639 704 0.995577 0.093402 0.010113 -3.402458 -0.093225 0.995504 -0.016739 0.138443 -0.011631 0.015722 0.999809 -0.064730 
640 704 0.995675 0.092277 0.010747 -3.125969 -0.092102 0.995625 -0.015765 0.118500 -0.012154 0.014707 0.999818 -0.061350 
641 704 0.995697 0.092076 0.010408 -2.844131 -0.091924 0.995664 -0.014272 0.092575 -0.011677 0.013254 0.999845 -0.055521 
642 704 0.995896 0.089950 0.010061 -2.590714 -0.089826 0.995883 -0.012233 0.075974 -0.011120 0.011279 0.999874 -0.051859 
643 704 0.996133 0.087310 0.009717 -2.366325 -0.087208 0.996135 -0.010433 0.063141 -0.010590 0.009546 0.999899 -0.048047 
644 704 0.996331 0.085182 0.008256 -2.170616 -0.085107 0.996331 -0.009099 0.047363 -0.009000 0.008363 0.999925 -0.044326 
645 704 0.996575 0.082490 0.005845 -1.971237 -0.082442 0.996563 -0.008036 0.036194 -0.006488 0.007527 0.999951 -0.038868 
646 704 0.996752 0.080431 0.003821 -1.804863 -0.080397 0.996727 -0.008441 0.021286 -0.004487 0.008107 0.999958 -0.035668 
647 704 0.996921 0.078331 0.003559 -1.620102 -0.078295 0.996885 -0.009531 0.006073 -0.004294 0.009223 0.999949 -0.032046 
648 704 0.997092 0.076073 0.004485 -1.445534 -0.076032 0.997066 -0.008759 -0.005417 -0.005138 0.008393 0.999952 -0.031073 
649 704 0.997314 0.073063 0.005069 -1.274940 -0.073030 0.997309 -0.006356 -0.009689 -0.005520 0.005969 0.999968 -0.027409 
650 704 0.997517 0.070293 0.004463 -1.127930 -0.070271 0.997515 -0.005033 -0.014435 -0.004806 0.004707 0.999978 -0.027048 
651 704 0.997741 0.067078 0.003744 -0.995682 -0.067058 0.997736 -0.005225 -0.025406 -0.004086 0.004962 0.999979 -0.023758 
652 704 0.998074 0.061965 0.002761 -0.848053 -0.061946 0.998059 -0.006393 -0.032150 -0.003151 0.006210 0.999976 -0.021999 
653 704 0.998378 0.056887 0.002283 -0.722778 -0.056872 0.998360 -0.006458 -0.035233 -0.002646 0.006318 0.999977 -0.018815 
654 704 0.998739 0.050140 0.002459 -0.595238 -0.050126 0.998729 -0.005235 -0.032944 -0.002718 0.005105 0.999984 -0.016652 
638 705 0.995676 0.092452 0.009133 -3.746269 -0.092297 0.995601 -0.016079 0.169418 -0.010579 0.015167 0.999829 -0.067492 
639 705 0.995602 0.093144 0.010063 -3.398010 -0.092968 0.995528 -0.016735 0.137161 -0.011577 0.015726 0.999809 -0.064926 
640 705 0.995700 0.092020 0.010697 -3.121506 -0.091846 0.995649 -0.015760 0.117294 -0.012100 0.014710 0.999819 -0.061531 
641 705 0.995722 0.091819 0.010358 -2.839676 -0.091668 0.995688 -0.014267 0.091446 -0.011623 0.013257 0.999845 -0.055686 
642 705 0.995920 0.089693 0.010010 -2.586243 -0.089569 0.995906 -0.012229 0.074905 -0.011065 0.011282 0.999875 -0.052010 
643 705 0.996157 0.087053 0.009665 -2.361862 -0.086952 0.996157 -0.010429 0.062119 -0.010536 0.009549 0.999899 -0.048185 
644 705 0.996354 0.084925 0.008204 -2.166130 -0.084850 0.996352 -0.009095 0.046417 -0.008946 0.008366 0.999925 -0.044454 
645 705 0.996596 0.082233 0.005793 -1.966759 -0.082185 0.996584 -0.008033 0.035278 -0.006433 0.007529 0.999951 -0.038985 
646 705 0.996774 0.080174 0.003769 -1.800377 -0.080140 0.996748 -0.008438 0.020416 -0.004433 0.008109 0.999958 -0.035776 
647 705 0.996942 0.078074 0.003507 -1.615616 -0.078038 0.996905 -0.009529 0.005249 -0.004240 0.009226 0.999949 -0.032144 
648 705 0.997112 0.075816 0.004432 -1.441040 -0.075775 0.997086 -0.008756 -0.006180 -0.005083 0.008395 0.999952 -0.031162 
649 705 0.997334 0.072806 0.005016 -1.270462 -0.072774 0.997328 -0.006353 -0.010406 -0.005465 0.005971 0.999967 -0.027489 
650 705 0.997535 0.070036 0.004410 -1.123436 -0.070014 0.997533 -0.005030 -0.015121 -0.004751 0.004709 0.999978 -0.027120 
651 705 0.997758 0.066821 0.003691 -0.991180 -0.066801 0.997753 -0.005222 -0.026062 -0.004032 0.004964 0.999979 -0.023822 
652 705 0.998091 0.061707 0.002708 -0.843559 -0.061689 0.998075 -0.006391 -0.032776 -0.003097 0.006211 0.999976 -0.022055 
653 705 0.998393 0.056630 0.002230 -0.718277 -0.056615 0.998375 -0.006456 -0.035828 -0.002592 0.006319 0.999977 -0.018865 
654 705 0.998753 0.049882 0.002406 -0.590736 -0.049869 0.998741 -0.005232 -0.033493 -0.002664 0.005106 0.999983 -0.016695 
655 705 0.999109 0.042134 0.002396 -0.468552 -0.042126 0.999107 -0.003191 -0.026093 -0.002528 0.003087 0.999992 -0.014925 
638 706 0.995668 0.092530 0.009175 -3.745491 -0.092374 0.995593 -0.016208 0.170700 -0.010635 0.015290 0.999826 -0.067536 
639 706 0.995594 0.093223 0.010105 -3.397224 -0.093045 0.995519 -0.016863 0.138412 -0.011632 0.015849 0.999807 -0.064989 
640 706 0.995692 0.092098 0.010739 -3.120720 -0.091922 0.995640 -0.015889 0.118515 -0.012155 0.014833 0.999816 -0.061609 
641 706 0.995714 0.091898 0.010400 -2.838890 -0.091744 0.995679 -0.014396 0.092651 -0.011678 0.013380 0.999842 -0.055780 
642 706 0.995912 0.089772 0.010052 -2.585472 -0.089646 0.995898 -0.012358 0.076080 -0.011120 0.011406 0.999873 -0.052117 
643 706 0.996149 0.087131 0.009708 -2.361076 -0.087029 0.996150 -0.010558 0.063293 -0.010590 0.009672 0.999897 -0.048304 
644 706 0.996346 0.085004 0.008246 -2.165359 -0.084927 0.996345 -0.009224 0.047562 -0.009000 0.008490 0.999924 -0.044582 
645 706 0.996590 0.082311 0.005836 -1.965981 -0.082262 0.996578 -0.008161 0.036423 -0.006487 0.007653 0.999949 -0.039124 
646 706 0.996767 0.080252 0.003812 -1.799599 -0.080218 0.996741 -0.008567 0.021530 -0.004487 0.008233 0.999956 -0.035924 
647 706 0.996935 0.078153 0.003550 -1.614845 -0.078116 0.996898 -0.009657 0.006348 -0.004293 0.009350 0.999947 -0.032302 
648 706 0.997106 0.075895 0.004475 -1.440277 -0.075853 0.997079 -0.008885 -0.005081 -0.005137 0.008519 0.999951 -0.031329 
649 706 0.997328 0.072884 0.005059 -1.269691 -0.072851 0.997322 -0.006482 -0.009338 -0.005518 0.006096 0.999966 -0.027664 
650 706 0.997530 0.070115 0.004453 -1.122665 -0.070092 0.997527 -0.005159 -0.014069 -0.004804 0.004834 0.999977 -0.027302 
651 706 0.997753 0.066900 0.003735 -0.990410 -0.066879 0.997747 -0.005350 -0.025009 -0.004084 0.005089 0.999978 -0.024011 
652 706 0.998086 0.061786 0.002751 -0.842789 -0.061767 0.998070 -0.006519 -0.031723 -0.003148 0.006336 0.999975 -0.022252 
653 706 0.998388 0.056709 0.002273 -0.717506 -0.056693 0.998370 -0.006584 -0.034790 -0.002643 0.006445 0.999976 -0.019067 
654 706 0.998749 0.049961 0.002449 -0.589958 -0.049947 0.998737 -0.005360 -0.032471 -0.002714 0.005231 0.999983 -0.016902 
655 706 0.999105 0.042213 0.002439 -0.467773 -0.042204 0.999104 -0.003319 -0.025070 -0.002577 0.003213 0.999992 -0.015137 
656 706 0.999402 0.034493 0.002776 -0.360481 -0.034490 0.999405 -0.001328 -0.020676 -0.002820 0.001231 0.999995 -0.013289 
638 707 0.995674 0.092468 0.009222 -3.749016 -0.092313 0.995600 -0.016040 0.168671 -0.010665 0.015119 0.999828 -0.067705 
639 707 0.995600 0.093161 0.010152 -3.400749 -0.092984 0.995527 -0.016695 0.136414 -0.011662 0.015678 0.999809 -0.065168 
640 707 0.995698 0.092036 0.010786 -3.124252 -0.091861 0.995648 -0.015720 0.116531 -0.012185 0.014662 0.999818 -0.061796 
641 707 0.995719 0.091835 0.010447 -2.842415 -0.091683 0.995687 -0.014228 0.090683 -0.011708 0.013209 0.999844 -0.055976 
642 707 0.995917 0.089709 0.010099 -2.588989 -0.089585 0.995905 -0.012189 0.074142 -0.011151 0.011235 0.999874 -0.052322 
643 707 0.996154 0.087069 0.009754 -2.364601 -0.086967 0.996156 -0.010389 0.061356 -0.010621 0.009501 0.999898 -0.048517 
644 707 0.996351 0.084941 0.008293 -2.168869 -0.084866 0.996351 -0.009056 0.045639 -0.009032 0.008319 0.999925 -0.044802 
645 707 0.996595 0.082248 0.005882 -1.969505 -0.082200 0.996583 -0.007993 0.034515 -0.006519 0.007482 0.999950 -0.039350 
646 707 0.996772 0.080189 0.003858 -1.803116 -0.080155 0.996747 -0.008399 0.019638 -0.004519 0.008062 0.999957 -0.036155 
647 707 0.996940 0.078090 0.003596 -1.618355 -0.078053 0.996904 -0.009489 0.004471 -0.004326 0.009179 0.999949 -0.032540 
648 707 0.997111 0.075832 0.004522 -1.443787 -0.075791 0.997085 -0.008717 -0.006958 -0.005169 0.008349 0.999952 -0.031572 
649 707 0.997332 0.072821 0.005105 -1.273201 -0.072789 0.997327 -0.006314 -0.011200 -0.005551 0.005925 0.999967 -0.027915 
650 707 0.997534 0.070052 0.004499 -1.126183 -0.070029 0.997532 -0.004991 -0.015915 -0.004838 0.004663 0.999977 -0.027558 
651 707 0.997757 0.066836 0.003781 -0.993927 -0.066816 0.997752 -0.005182 -0.026840 -0.004118 0.004918 0.999979 -0.024272 
652 707 0.998090 0.061723 0.002797 -0.846306 -0.061704 0.998074 -0.006351 -0.033554 -0.003184 0.006166 0.999976 -0.022518 
653 707 0.998391 0.056645 0.002319 -0.721016 -0.056630 0.998374 -0.006416 -0.036606 -0.002679 0.006274 0.999977 -0.019339 
654 707 0.998752 0.049898 0.002495 -0.593475 -0.049884 0.998741 -0.005192 -0.034286 -0.002751 0.005061 0.999983 -0.017180 
655 707 0.999108 0.042149 0.002485 -0.471291 -0.042141 0.999106 -0.003151 -0.026871 -0.002616 0.003043 0.999992 -0.015421 
656 707 0.999404 0.034430 0.002822 -0.363998 -0.034427 0.999406 -0.001160 -0.022476 -0.002860 0.001062 0.999995 -0.013579 
657 707 0.999617 0.027416 0.003746 -0.262192 -0.027417 0.999623 0.000342 -0.019470 -0.003735 -0.000445 0.999993 -0.010556 
638 708 0.995674 0.092457 0.009270 -3.747322 -0.092301 0.995602 -0.016027 0.170532 -0.010711 0.015102 0.999828 -0.066426 
639 708 0.995600 0.093150 0.010200 -3.399055 -0.092972 0.995529 -0.016682 0.138275 -0.011708 0.015660 0.999809 -0.063905 
640 708 0.995698 0.092025 0.010833 -3.122559 -0.091850 0.995649 -0.015707 0.118393 -0.012232 0.014645 0.999818 -0.060546 
641 708 0.995720 0.091824 0.010494 -2.840721 -0.091672 0.995688 -0.014215 0.092545 -0.011754 0.013192 0.999844 -0.054739 
642 708 0.995918 0.089698 0.010146 -2.587288 -0.089573 0.995906 -0.012176 0.076004 -0.011197 0.011218 0.999874 -0.051096 
643 708 0.996155 0.087058 0.009802 -2.362907 -0.086956 0.996158 -0.010376 0.063232 -0.010667 0.009484 0.999899 -0.047302 
644 708 0.996352 0.084930 0.008340 -2.167183 -0.084854 0.996353 -0.009043 0.047516 -0.009078 0.008302 0.999925 -0.043597 
645 708 0.996595 0.082237 0.005929 -1.967804 -0.082189 0.996585 -0.007980 0.036392 -0.006566 0.007466 0.999950 -0.038154 
646 708 0.996773 0.080178 0.003906 -1.801422 -0.080144 0.996748 -0.008386 0.021515 -0.004565 0.008046 0.999958 -0.034967 
647 708 0.996941 0.078079 0.003644 -1.616661 -0.078042 0.996905 -0.009476 0.006348 -0.004372 0.009162 0.999949 -0.031360 
648 708 0.997111 0.075821 0.004569 -1.442093 -0.075779 0.997086 -0.008704 -0.005081 -0.005216 0.008332 0.999952 -0.030401 
649 708 0.997333 0.072810 0.005153 -1.271500 -0.072777 0.997328 -0.006300 -0.009323 -0.005598 0.005909 0.999967 -0.026751 
650 708 0.997534 0.070040 0.004547 -1.124481 -0.070018 0.997533 -0.004978 -0.014038 -0.004884 0.004647 0.999977 -0.026402 
651 708 0.997757 0.066825 0.003828 -0.992226 -0.066805 0.997753 -0.005169 -0.024963 -0.004165 0.004902 0.999979 -0.023122 
652 708 0.998090 0.061712 0.002845 -0.844604 -0.061693 0.998075 -0.006338 -0.031662 -0.003230 0.006150 0.999976 -0.021375 
653 708 0.998392 0.056634 0.002367 -0.719322 -0.056618 0.998375 -0.006403 -0.034714 -0.002726 0.006259 0.999977 -0.018201 
654 708 0.998752 0.049886 0.002543 -0.591782 -0.049873 0.998742 -0.005179 -0.032410 -0.002798 0.005046 0.999983 -0.016049 
655 708 0.999108 0.042138 0.002533 -0.469597 -0.042130 0.999107 -0.003138 -0.024979 -0.002663 0.003028 0.999992 -0.014296 
656 708 0.999404 0.034418 0.002869 -0.362297 -0.034415 0.999407 -0.001147 -0.020599 -0.002907 0.001047 0.999996 -0.012459 
657 708 0.999617 0.027404 0.003793 -0.260498 -0.027406 0.999624 0.000355 -0.017578 -0.003782 -0.000459 0.999993 -0.009440 
658 708 0.999761 0.021417 0.004342 -0.184067 -0.021424 0.999770 0.001630 -0.015579 -0.004306 -0.001722 0.999990 -0.008634 
638 709 0.995668 0.092518 0.009256 -3.745560 -0.092361 0.995595 -0.016134 0.169647 -0.010708 0.015209 0.999827 -0.066970 
639 709 0.995594 0.093211 0.010186 -3.397301 -0.093032 0.995521 -0.016789 0.137360 -0.011706 0.015768 0.999807 -0.064448 
640 709 0.995692 0.092086 0.010820 -3.120796 -0.091909 0.995642 -0.015814 0.117462 -0.012229 0.014752 0.999816 -0.061088 
641 709 0.995714 0.091885 0.010481 -2.838966 -0.091731 0.995681 -0.014322 0.091599 -0.011752 0.013299 0.999843 -0.055280 
642 709 0.995912 0.089759 0.010133 -2.585533 -0.089633 0.995899 -0.012283 0.075043 -0.011194 0.011325 0.999873 -0.051636 
643 709 0.996149 0.087119 0.009788 -2.361153 -0.087016 0.996152 -0.010483 0.062256 -0.010664 0.009591 0.999897 -0.047840 
644 709 0.996346 0.084991 0.008327 -2.165428 -0.084914 0.996347 -0.009150 0.046524 -0.009074 0.008409 0.999924 -0.044134 
645 709 0.996590 0.082298 0.005916 -1.966057 -0.082249 0.996579 -0.008087 0.035400 -0.006562 0.007573 0.999949 -0.038690 
646 709 0.996767 0.080239 0.003892 -1.799667 -0.080204 0.996743 -0.008492 0.020523 -0.004561 0.008153 0.999957 -0.035503 
647 709 0.996935 0.078140 0.003630 -1.614914 -0.078102 0.996900 -0.009583 0.005341 -0.004368 0.009270 0.999948 -0.031895 
648 709 0.997106 0.075882 0.004556 -1.440338 -0.075840 0.997081 -0.008810 -0.006104 -0.005211 0.008439 0.999951 -0.030935 
649 709 0.997328 0.072871 0.005140 -1.269753 -0.072838 0.997323 -0.006407 -0.010345 -0.005593 0.006016 0.999966 -0.027283 
650 709 0.997530 0.070101 0.004534 -1.122734 -0.070078 0.997528 -0.005085 -0.015076 -0.004879 0.004754 0.999977 -0.026933 
651 709 0.997753 0.066886 0.003815 -0.990479 -0.066866 0.997748 -0.005276 -0.026016 -0.004160 0.005009 0.999978 -0.023652 
652 709 0.998086 0.061773 0.002832 -0.842857 -0.061754 0.998071 -0.006445 -0.032745 -0.003224 0.006257 0.999975 -0.021904 
653 709 0.998388 0.056695 0.002354 -0.717575 -0.056679 0.998371 -0.006510 -0.035782 -0.002719 0.006366 0.999976 -0.018729 
654 709 0.998748 0.049947 0.002530 -0.590027 -0.049934 0.998738 -0.005286 -0.033493 -0.002791 0.005153 0.999983 -0.016575 
655 709 0.999105 0.042199 0.002520 -0.467850 -0.042191 0.999105 -0.003245 -0.026077 -0.002655 0.003135 0.999992 -0.014820 
656 709 0.999401 0.034480 0.002857 -0.360558 -0.034476 0.999405 -0.001254 -0.021683 -0.002898 0.001154 0.999995 -0.012981 
657 709 0.999615 0.027466 0.003781 -0.258751 -0.027467 0.999622 0.000249 -0.018677 -0.003772 -0.000352 0.999993 -0.009961 
658 709 0.999760 0.021478 0.004330 -0.182320 -0.021485 0.999768 0.001523 -0.016693 -0.004296 -0.001615 0.999990 -0.009153 
659 709 0.999855 0.016424 0.004429 -0.123627 -0.016433 0.999863 0.001992 -0.012268 -0.004395 -0.002065 0.999988 -0.008626 
638 710 0.995681 0.092386 0.009229 -3.749672 -0.092232 0.995610 -0.015932 0.169373 -0.010660 0.015012 0.999831 -0.067217 
639 710 0.995607 0.093079 0.010159 -3.401398 -0.092903 0.995537 -0.016588 0.137146 -0.011658 0.015571 0.999811 -0.064679 
640 710 0.995704 0.091954 0.010792 -3.124901 -0.091780 0.995657 -0.015613 0.117294 -0.012181 0.014555 0.999820 -0.061306 
641 710 0.995726 0.091754 0.010453 -2.843063 -0.091602 0.995696 -0.014120 0.091461 -0.011704 0.013103 0.999846 -0.055485 
642 710 0.995924 0.089628 0.010105 -2.589630 -0.089504 0.995914 -0.012082 0.074936 -0.011147 0.011128 0.999876 -0.051830 
643 710 0.996161 0.086987 0.009760 -2.365242 -0.086886 0.996165 -0.010282 0.062180 -0.010617 0.009395 0.999900 -0.048025 
644 710 0.996358 0.084859 0.008299 -2.169525 -0.084785 0.996360 -0.008948 0.046478 -0.009028 0.008212 0.999926 -0.044310 
645 710 0.996601 0.082167 0.005888 -1.970146 -0.082119 0.996591 -0.007886 0.035370 -0.006516 0.007376 0.999952 -0.038858 
646 710 0.996778 0.080108 0.003864 -1.803764 -0.080074 0.996755 -0.008292 0.020508 -0.004516 0.007956 0.999959 -0.035663 
647 710 0.996946 0.078008 0.003602 -1.619003 -0.077972 0.996912 -0.009382 0.005356 -0.004323 0.009073 0.999950 -0.032047 
648 710 0.997116 0.075750 0.004528 -1.444427 -0.075709 0.997092 -0.008610 -0.006073 -0.005167 0.008242 0.999953 -0.031079 
649 710 0.997338 0.072739 0.005111 -1.273842 -0.072707 0.997334 -0.006207 -0.010284 -0.005549 0.005818 0.999968 -0.027422 
650 710 0.997539 0.069970 0.004505 -1.126823 -0.069948 0.997538 -0.004884 -0.014984 -0.004836 0.004557 0.999978 -0.027066 
651 710 0.997762 0.066755 0.003787 -0.994560 -0.066735 0.997758 -0.005076 -0.025909 -0.004117 0.004812 0.999980 -0.023779 
652 710 0.998094 0.061641 0.002803 -0.846939 -0.061623 0.998080 -0.006244 -0.032623 -0.003183 0.006059 0.999977 -0.022026 
653 710 0.998396 0.056563 0.002325 -0.721657 -0.056548 0.998379 -0.006309 -0.035645 -0.002679 0.006168 0.999978 -0.018847 
654 710 0.998755 0.049816 0.002501 -0.594116 -0.049802 0.998746 -0.005086 -0.033325 -0.002752 0.004955 0.999984 -0.016688 
655 710 0.999111 0.042067 0.002491 -0.471931 -0.042060 0.999111 -0.003044 -0.025909 -0.002617 0.002937 0.999993 -0.014931 
656 710 0.999406 0.034348 0.002827 -0.364639 -0.034345 0.999409 -0.001053 -0.021500 -0.002862 0.000955 0.999996 -0.013091 
657 710 0.999619 0.027334 0.003751 -0.262833 -0.027336 0.999626 0.000449 -0.018478 -0.003737 -0.000552 0.999993 -0.010068 
658 710 0.999763 0.021347 0.004300 -0.186409 -0.021354 0.999771 0.001724 -0.016464 -0.004262 -0.001815 0.999990 -0.009258 
659 710 0.999857 0.016292 0.004399 -0.127708 -0.016302 0.999865 0.002193 -0.012054 -0.004363 -0.002264 0.999988 -0.008730 
660 710 0.999918 0.012212 0.003786 -0.081017 -0.012220 0.999922 0.002193 -0.008499 -0.003759 -0.002239 0.999991 -0.006513 
638 711 0.995658 0.092628 0.009288 -3.748070 -0.092470 0.995583 -0.016211 0.168274 -0.010748 0.015281 0.999825 -0.067168 
639 711 0.995584 0.093321 0.010218 -3.399803 -0.093141 0.995510 -0.016866 0.135956 -0.011746 0.015840 0.999805 -0.064660 
640 711 0.995682 0.092196 0.010851 -3.123299 -0.092018 0.995631 -0.015892 0.116043 -0.012269 0.014824 0.999815 -0.061311 
641 711 0.995704 0.091995 0.010513 -2.841476 -0.091840 0.995670 -0.014399 0.090134 -0.011792 0.013372 0.999841 -0.055514 
642 711 0.995902 0.089869 0.010165 -2.588051 -0.089742 0.995889 -0.012360 0.073547 -0.011234 0.011397 0.999871 -0.051880 
643 711 0.996139 0.087229 0.009821 -2.363663 -0.087125 0.996141 -0.010560 0.060730 -0.010704 0.009664 0.999896 -0.048093 
644 711 0.996337 0.085101 0.008360 -2.167946 -0.085024 0.996337 -0.009226 0.044983 -0.009114 0.008482 0.999923 -0.044394 
645 711 0.996581 0.082408 0.005949 -1.968567 -0.082359 0.996569 -0.008164 0.033829 -0.006601 0.007646 0.999948 -0.038958 
646 711 0.996759 0.080350 0.003925 -1.802185 -0.080314 0.996733 -0.008569 0.018921 -0.004601 0.008226 0.999956 -0.035777 
647 711 0.996927 0.078250 0.003663 -1.617432 -0.078212 0.996890 -0.009659 0.003723 -0.004407 0.009343 0.999947 -0.032177 
648 711 0.997098 0.075992 0.004589 -1.442863 -0.075949 0.997072 -0.008887 -0.007736 -0.005251 0.008513 0.999950 -0.031223 
649 711 0.997320 0.072981 0.005173 -1.272270 -0.072947 0.997315 -0.006484 -0.012009 -0.005632 0.006089 0.999966 -0.027578 
650 711 0.997522 0.070212 0.004567 -1.125252 -0.070188 0.997520 -0.005161 -0.016754 -0.004918 0.004828 0.999976 -0.027232 
651 711 0.997745 0.066996 0.003848 -0.993004 -0.066975 0.997741 -0.005353 -0.027710 -0.004198 0.005083 0.999978 -0.023957 
652 711 0.998079 0.061883 0.002865 -0.845375 -0.061863 0.998064 -0.006521 -0.034424 -0.003262 0.006331 0.999975 -0.022214 
653 711 0.998382 0.056806 0.002387 -0.720100 -0.056789 0.998364 -0.006586 -0.037506 -0.002757 0.006440 0.999975 -0.019044 
654 711 0.998743 0.050058 0.002563 -0.592552 -0.050043 0.998732 -0.005362 -0.035202 -0.002828 0.005227 0.999982 -0.016893 
655 711 0.999101 0.042309 0.002553 -0.470367 -0.042301 0.999100 -0.003321 -0.027817 -0.002691 0.003210 0.999991 -0.015142 
656 711 0.999398 0.034590 0.002890 -0.363075 -0.034586 0.999401 -0.001330 -0.023438 -0.002934 0.001229 0.999995 -0.013306 
657 711 0.999612 0.027576 0.003814 -0.261261 -0.027577 0.999619 0.000172 -0.020432 -0.003808 -0.000277 0.999993 -0.010289 
658 711 0.999757 0.021589 0.004364 -0.184837 -0.021595 0.999766 0.001446 -0.018463 -0.004331 -0.001540 0.999990 -0.009484 
659 711 0.999853 0.016534 0.004462 -0.126144 -0.016542 0.999862 0.001916 -0.014053 -0.004430 -0.001989 0.999988 -0.008958 
660 711 0.999915 0.012454 0.003849 -0.079445 -0.012461 0.999920 0.001915 -0.010513 -0.003825 -0.001963 0.999991 -0.006744 
661 711 0.999951 0.009218 0.003516 -0.047150 -0.009225 0.999955 0.001965 -0.009796 -0.003498 -0.001998 0.999992 -0.007972 
638 712 0.995675 0.092432 0.009339 -3.745850 -0.092275 0.995604 -0.016038 0.169296 -0.010781 0.015107 0.999828 -0.067462 
639 712 0.995601 0.093125 0.010270 -3.397575 -0.092946 0.995531 -0.016693 0.137054 -0.011778 0.015666 0.999808 -0.064966 
640 712 0.995699 0.092000 0.010903 -3.121086 -0.091823 0.995651 -0.015719 0.117188 -0.012302 0.014650 0.999817 -0.061627 
641 712 0.995721 0.091799 0.010564 -2.839241 -0.091645 0.995690 -0.014226 0.091339 -0.011824 0.013197 0.999844 -0.055840 
642 712 0.995919 0.089673 0.010216 -2.585815 -0.089547 0.995908 -0.012188 0.074814 -0.011267 0.011223 0.999873 -0.052215 
643 712 0.996156 0.087032 0.009871 -2.361427 -0.086929 0.996160 -0.010388 0.062027 -0.010737 0.009490 0.999898 -0.048436 
644 712 0.996353 0.084904 0.008410 -2.165710 -0.084828 0.996355 -0.009054 0.046326 -0.009148 0.008308 0.999925 -0.044744 
645 712 0.996597 0.082211 0.005999 -1.966324 -0.082162 0.996587 -0.007992 0.035202 -0.006636 0.007472 0.999950 -0.039316 
646 712 0.996774 0.080152 0.003975 -1.799942 -0.080117 0.996750 -0.008397 0.020340 -0.004635 0.008052 0.999958 -0.036141 
647 712 0.996942 0.078053 0.003713 -1.615173 -0.078015 0.996907 -0.009487 0.005173 -0.004442 0.009169 0.999949 -0.032547 
648 712 0.997113 0.075795 0.004639 -1.440613 -0.075753 0.997088 -0.008715 -0.006241 -0.005286 0.008339 0.999952 -0.031600 
649 712 0.997334 0.072784 0.005222 -1.270020 -0.072751 0.997330 -0.006312 -0.010483 -0.005668 0.005915 0.999967 -0.027962 
650 712 0.997536 0.070014 0.004616 -1.123001 -0.069991 0.997535 -0.004989 -0.015198 -0.004954 0.004654 0.999977 -0.027622 
651 712 0.997758 0.066799 0.003898 -0.990746 -0.066778 0.997755 -0.005181 -0.026108 -0.004235 0.004909 0.999979 -0.024352 
652 712 0.998091 0.061686 0.002914 -0.843124 -0.061666 0.998077 -0.006349 -0.032822 -0.003300 0.006158 0.999976 -0.022615 
653 712 0.998393 0.056608 0.002436 -0.717842 -0.056591 0.998376 -0.006415 -0.035873 -0.002796 0.006267 0.999977 -0.019450 
654 712 0.998753 0.049860 0.002612 -0.590294 -0.049846 0.998743 -0.005191 -0.033539 -0.002868 0.005054 0.999984 -0.017307 
655 712 0.999109 0.042112 0.002602 -0.468109 -0.042103 0.999108 -0.003150 -0.026123 -0.002733 0.003037 0.999993 -0.015562 
656 712 0.999404 0.034392 0.002939 -0.360817 -0.034389 0.999408 -0.001159 -0.021729 -0.002977 0.001057 0.999996 -0.013732 
657 712 0.999617 0.027378 0.003862 -0.259010 -0.027379 0.999625 0.000344 -0.018707 -0.003852 -0.000449 0.999993 -0.010721 
658 712 0.999761 0.021390 0.004412 -0.182587 -0.021398 0.999770 0.001618 -0.016724 -0.004376 -0.001712 0.999990 -0.009919 
659 712 0.999856 0.016336 0.004510 -0.123886 -0.016345 0.999865 0.002088 -0.012299 -0.004476 -0.002161 0.999988 -0.009398 
660 712 0.999918 0.012255 0.003897 -0.077187 -0.012264 0.999922 0.002087 -0.008743 -0.003871 -0.002135 0.999991 -0.007186 
661 712 0.999952 0.009019 0.003564 -0.044899 -0.009027 0.999957 0.002137 -0.008011 -0.003545 -0.002169 0.999992 -0.008416 
662 712 0.999970 0.006808 0.003509 -0.010010 -0.006815 0.999975 0.001953 -0.005066 -0.003496 -0.001977 0.999992 -0.007543 
638 713 0.995675 0.092441 0.009319 -3.749557 -0.092283 0.995601 -0.016162 0.169586 -0.010772 0.015233 0.999825 -0.066991 
