797 1412 -0.817869 0.574937 -0.023167 3.518784 -0.574532 -0.818183 -0.022112 -1.827225 -0.031668 -0.004774 0.999487 -0.008493 
798 1412 -0.788902 0.613982 -0.025657 3.110748 -0.613599 -0.789319 -0.021735 -2.152161 -0.033596 -0.001403 0.999435 -0.020521 
799 1412 -0.757461 0.652272 -0.028184 2.695786 -0.651984 -0.757977 -0.019706 -2.525574 -0.034216 0.003449 0.999408 -0.025121 
800 1412 -0.725901 0.687293 -0.026363 2.309174 -0.687124 -0.726354 -0.016454 -2.937286 -0.030458 0.006170 0.999517 -0.028513 
801 1412 -0.689289 0.724141 -0.022354 1.937637 -0.724085 -0.689606 -0.012036 -3.346924 -0.024131 0.007890 0.999677 -0.042957 
796 1413 -0.846259 0.532353 -0.021141 3.461029 -0.532065 -0.846513 -0.017946 -1.511688 -0.027450 -0.003938 0.999616 -0.002754 
797 1413 -0.821994 0.569057 -0.022384 3.012680 -0.568713 -0.822289 -0.020118 -1.839401 -0.029854 -0.003807 0.999547 -0.014367 
798 1413 -0.793310 0.608311 -0.024872 2.602310 -0.607990 -0.793699 -0.019724 -2.161438 -0.031739 -0.000525 0.999497 -0.025420 
799 1413 -0.762145 0.646828 -0.027384 2.184662 -0.646600 -0.762624 -0.017676 -2.531876 -0.032317 0.004234 0.999469 -0.028950 
800 1413 -0.730834 0.682078 -0.025539 1.795090 -0.681959 -0.731248 -0.014438 -2.940796 -0.028523 0.006865 0.999570 -0.031228 
801 1413 -0.694482 0.719190 -0.021499 1.420639 -0.719169 -0.694761 -0.010049 -3.347794 -0.022163 0.008483 0.999718 -0.044575 
802 1413 -0.658730 0.752135 -0.019170 1.046539 -0.752215 -0.658904 -0.004088 -3.811371 -0.015706 0.011727 0.999808 -0.058822 
794 1414 -0.891596 0.452255 -0.022874 3.783585 -0.452048 -0.891887 -0.013833 -0.978577 -0.026657 -0.001994 0.999643 0.008131 
795 1414 -0.871733 0.489532 -0.021014 3.347916 -0.489305 -0.871980 -0.015241 -1.239471 -0.025785 -0.003003 0.999663 -0.000601 
796 1414 -0.849027 0.527965 -0.020170 2.933212 -0.527655 -0.849249 -0.018902 -1.535416 -0.027109 -0.005406 0.999618 -0.010451 
797 1414 -0.824954 0.564794 -0.021423 2.483139 -0.564425 -0.825215 -0.021068 -1.860794 -0.029578 -0.005288 0.999548 -0.021932 
798 1414 -0.796476 0.604198 -0.023909 2.071121 -0.603848 -0.796832 -0.020661 -2.180695 -0.031535 -0.002018 0.999501 -0.032887 
799 1414 -0.765511 0.642881 -0.026411 1.651550 -0.642618 -0.765962 -0.018600 -2.548965 -0.032187 0.002733 0.999478 -0.036363 
800 1414 -0.734380 0.678295 -0.024549 1.259888 -0.678142 -0.734771 -0.015372 -2.955856 -0.028465 0.005359 0.999580 -0.038658 
801 1414 -0.698213 0.715597 -0.020486 0.883301 -0.715547 -0.698478 -0.011003 -3.360916 -0.022183 0.006976 0.999729 -0.052036 
802 1414 -0.662626 0.748731 -0.018126 0.506805 -0.748784 -0.662796 -0.005055 -3.822525 -0.015799 0.010223 0.999823 -0.066375 
793 1415 -0.910655 0.412443 -0.024471 3.730209 -0.412148 -0.910971 -0.016342 -0.748505 -0.029032 -0.004796 0.999567 0.008329 
794 1415 -0.892435 0.450565 -0.023482 3.278931 -0.450282 -0.892734 -0.016507 -0.999451 -0.028400 -0.004158 0.999588 0.005743 
795 1415 -0.872642 0.487881 -0.021625 2.842758 -0.487579 -0.872895 -0.017918 -1.259506 -0.027618 -0.005092 0.999605 -0.003950 
796 1415 -0.850008 0.526358 -0.020787 2.427490 -0.525968 -0.850230 -0.021581 -1.554642 -0.029033 -0.007411 0.999551 -0.014843 
797 1415 -0.826004 0.563232 -0.022045 1.976837 -0.562777 -0.826267 -0.023744 -1.879120 -0.031589 -0.007207 0.999475 -0.027469 
798 1415 -0.797599 0.602688 -0.024530 1.564194 -0.602249 -0.797967 -0.023332 -2.198212 -0.033636 -0.003837 0.999427 -0.039532 
799 1415 -0.766708 0.641427 -0.027027 1.143951 -0.641075 -0.767183 -0.021267 -2.565689 -0.034376 0.001021 0.999408 -0.044251 
800 1415 -0.735646 0.676898 -0.025160 0.751526 -0.676668 -0.736067 -0.018042 -2.971817 -0.030732 0.003752 0.999520 -0.047878 
801 1415 -0.699554 0.714268 -0.021089 0.374161 -0.714158 -0.699850 -0.013682 -3.376114 -0.024531 0.005489 0.999683 -0.062575 
802 1415 -0.664034 0.747467 -0.018718 -0.003189 -0.747480 -0.664239 -0.007738 -3.836990 -0.018217 0.008853 0.999795 -0.078387 
792 1416 -0.928253 0.371013 -0.026377 3.627426 -0.370653 -0.928604 -0.017614 -0.546539 -0.031029 -0.006574 0.999497 0.016175 
793 1416 -0.911183 0.411161 -0.026340 3.190887 -0.410777 -0.911540 -0.018876 -0.768600 -0.031771 -0.006380 0.999475 0.010013 
794 1416 -0.893018 0.449307 -0.025351 2.739273 -0.448939 -0.893360 -0.019043 -1.018906 -0.031204 -0.005625 0.999498 0.005949 
795 1416 -0.873280 0.486653 -0.023496 2.302734 -0.486266 -0.873571 -0.020457 -1.278305 -0.030481 -0.006439 0.999515 -0.005216 
796 1416 -0.850698 0.525166 -0.022664 1.887085 -0.524683 -0.850956 -0.024121 -1.572830 -0.031953 -0.008628 0.999453 -0.017635 
797 1416 -0.826741 0.562073 -0.023925 1.435974 -0.561520 -0.827045 -0.026282 -1.896637 -0.034559 -0.008294 0.999369 -0.031926 
798 1416 -0.798388 0.601564 -0.026409 1.022903 -0.601026 -0.798810 -0.025866 -2.215103 -0.036656 -0.004779 0.999317 -0.045570 
799 1416 -0.767550 0.640337 -0.028903 0.602158 -0.639894 -0.768094 -0.023797 -2.581970 -0.037439 0.000229 0.999299 -0.052010 
800 1416 -0.736546 0.675847 -0.027031 0.209167 -0.675541 -0.737035 -0.020576 -2.987534 -0.033829 0.003106 0.999423 -0.057405 
801 1416 -0.700519 0.713265 -0.022954 -0.168732 -0.713098 -0.700876 -0.016222 -3.391251 -0.027658 0.005005 0.999605 -0.073838 
802 1416 -0.665057 0.746508 -0.020575 -0.546722 -0.746486 -0.665321 -0.010281 -3.851547 -0.021364 0.008521 0.999736 -0.091531 
791 1417 -0.945041 0.325719 -0.028407 3.532791 -0.325429 -0.945457 -0.014419 -0.364822 -0.031555 -0.004382 0.999493 0.022414 
792 1417 -0.929669 0.367266 -0.028833 3.069168 -0.366844 -0.930089 -0.019000 -0.569199 -0.033796 -0.007087 0.999404 0.017310 
793 1417 -0.912759 0.407482 -0.028801 2.631744 -0.407035 -0.913188 -0.020262 -0.789474 -0.034558 -0.006772 0.999380 0.009775 
794 1417 -0.894751 0.445700 -0.027813 2.179123 -0.445271 -0.895163 -0.020433 -1.037949 -0.034004 -0.005898 0.999405 0.004260 
795 1417 -0.875166 0.483128 -0.025964 1.741592 -0.482678 -0.875525 -0.021854 -1.295563 -0.033291 -0.006594 0.999424 -0.008335 
796 1417 -0.852736 0.521737 -0.025147 1.324768 -0.521185 -0.853062 -0.025522 -1.588364 -0.034767 -0.008657 0.999359 -0.022186 
797 1417 -0.828922 0.558740 -0.026416 0.872391 -0.558114 -0.829302 -0.027678 -1.910324 -0.037371 -0.008200 0.999268 -0.038038 
798 1417 -0.800725 0.598336 -0.028898 0.458069 -0.597732 -0.801233 -0.027252 -2.227097 -0.039460 -0.004548 0.999212 -0.053144 
799 1417 -0.770042 0.637221 -0.031384 0.035858 -0.636724 -0.770681 -0.025173 -2.592239 -0.040228 0.000599 0.999191 -0.061137 
800 1417 -0.739191 0.672850 -0.029500 -0.358765 -0.672500 -0.739771 -0.021959 -2.996201 -0.036598 0.003607 0.999324 -0.068078 
801 1417 -0.703331 0.710409 -0.025405 -0.738251 -0.710213 -0.703767 -0.017622 -3.398361 -0.030398 0.005649 0.999522 -0.086017 
789 1418 -0.969998 0.241381 -0.028991 3.908386 -0.241462 -0.970410 -0.000747 -0.007385 -0.028313 0.006276 0.999579 0.029178 
790 1418 -0.958592 0.283338 -0.028656 3.441574 -0.283245 -0.959020 -0.007364 -0.184891 -0.029569 0.001057 0.999562 0.023310 
791 1418 -0.945212 0.325080 -0.029992 2.972855 -0.324768 -0.945677 -0.014863 -0.373474 -0.033195 -0.004308 0.999439 0.018482 
792 1418 -0.929865 0.366642 -0.030421 2.509125 -0.366192 -0.930336 -0.019444 -0.577530 -0.035431 -0.006940 0.999348 0.012552 
793 1418 -0.912981 0.406869 -0.030390 2.071548 -0.406395 -0.913463 -0.020706 -0.797516 -0.036185 -0.006554 0.999323 0.004226 
794 1418 -0.895000 0.445098 -0.029402 1.618774 -0.444643 -0.895465 -0.020877 -1.045670 -0.035621 -0.005612 0.999350 -0.002117 
795 1418 -0.875441 0.482540 -0.027554 1.181076 -0.482065 -0.875852 -0.022300 -1.302979 -0.034894 -0.006239 0.999371 -0.015522 
796 1418 -0.853035 0.521168 -0.026739 0.764084 -0.520586 -0.853414 -0.025968 -1.595490 -0.036353 -0.008232 0.999305 -0.030165 
797 1418 -0.829243 0.558186 -0.028009 0.311523 -0.557530 -0.829680 -0.028123 -1.917145 -0.038937 -0.007705 0.999212 -0.046879 
798 1418 -0.801069 0.597795 -0.030491 -0.102997 -0.597166 -0.801639 -0.027695 -2.233627 -0.040999 -0.003977 0.999151 -0.062786 
799 1418 -0.770413 0.636693 -0.032976 -0.525452 -0.636178 -0.771117 -0.025615 -2.598465 -0.041737 0.001245 0.999128 -0.071613 
800 1418 -0.739591 0.672338 -0.031089 -0.920349 -0.671978 -0.740232 -0.022402 -3.002167 -0.038075 0.004323 0.999265 -0.079363 
801 1418 -0.703767 0.709918 -0.026992 -1.300064 -0.709718 -0.704254 -0.018068 -3.404053 -0.031836 0.006442 0.999472 -0.098087 
788 1419 -0.979442 0.199443 -0.030253 3.808426 -0.199602 -0.979874 0.002270 0.136429 -0.029191 0.008262 0.999540 0.031897 
789 1419 -0.970289 0.240267 -0.028478 3.333374 -0.240309 -0.970694 -0.002021 -0.010803 -0.028129 0.004882 0.999592 0.020278 
790 1419 -0.958932 0.282235 -0.028151 2.866379 -0.282103 -0.959345 -0.008639 -0.187790 -0.029445 -0.000342 0.999566 0.014420 
791 1419 -0.945602 0.323989 -0.029496 2.397446 -0.323637 -0.946043 -0.016136 -0.375809 -0.033132 -0.005712 0.999434 0.009586 
792 1419 -0.930303 0.365567 -0.029930 1.933472 -0.365076 -0.930747 -0.020716 -0.579330 -0.035431 -0.008346 0.999338 0.003628 
793 1419 -0.913467 0.405814 -0.029900 1.495651 -0.405297 -0.913921 -0.021978 -0.798798 -0.036245 -0.007958 0.999311 -0.004760 
794 1419 -0.895529 0.444064 -0.028912 1.042587 -0.443567 -0.895968 -0.022151 -1.046417 -0.035741 -0.007012 0.999337 -0.011195 
795 1419 -0.876013 0.481528 -0.027066 0.604568 -0.481011 -0.876397 -0.023575 -1.303223 -0.035073 -0.007633 0.999356 -0.024710 
796 1419 -0.853653 0.520181 -0.026255 0.187241 -0.519556 -0.854002 -0.027244 -1.595215 -0.036594 -0.009616 0.999285 -0.039521 
797 1419 -0.829904 0.557227 -0.027528 -0.265701 -0.556524 -0.830310 -0.029398 -1.916321 -0.039238 -0.009077 0.999189 -0.056422 
798 1419 -0.801777 0.596870 -0.030010 -0.680588 -0.596190 -0.802320 -0.028967 -2.232315 -0.041367 -0.005334 0.999130 -0.072529 
799 1419 -0.771165 0.635805 -0.032492 -1.103455 -0.635237 -0.771849 -0.026884 -2.596664 -0.042172 -0.000092 0.999111 -0.081615 
800 1419 -0.740384 0.671488 -0.030602 -1.498825 -0.671076 -0.741010 -0.023673 -2.999893 -0.038573 0.003009 0.999251 -0.089690 
801 1419 -0.704600 0.709110 -0.026500 -1.879013 -0.708865 -0.705078 -0.019344 -3.401321 -0.032401 0.005155 0.999461 -0.108744 
787 1420 -0.986424 0.161837 -0.027843 3.721527 -0.162046 -0.986768 0.005411 0.253174 -0.026599 0.009849 0.999598 0.023216 
788 1420 -0.979188 0.200900 -0.028790 3.203430 -0.201002 -0.979591 0.000637 0.133301 -0.028074 0.006410 0.999586 0.019204 
789 1420 -0.969974 0.241706 -0.027008 2.728607 -0.241697 -0.970345 -0.003652 -0.014618 -0.027090 0.002985 0.999629 0.008047 
790 1420 -0.958557 0.283648 -0.026672 2.261841 -0.283473 -0.958926 -0.010269 -0.192276 -0.028489 -0.002283 0.999592 0.002592 
791 1420 -0.945171 0.325375 -0.028005 1.793198 -0.324981 -0.945554 -0.017768 -0.380997 -0.032262 -0.007693 0.999450 -0.001854 
792 1420 -0.929815 0.366927 -0.028433 1.329498 -0.366393 -0.930192 -0.022349 -0.585175 -0.034648 -0.010363 0.999346 -0.007456 
793 1420 -0.912920 0.407149 -0.028401 0.892014 -0.406588 -0.913307 -0.023611 -0.805267 -0.035552 -0.010007 0.999318 -0.015552 
794 1420 -0.894925 0.445374 -0.027413 0.439285 -0.444832 -0.895299 -0.023782 -1.053558 -0.035135 -0.009089 0.999342 -0.021717 
795 1420 -0.875353 0.482808 -0.025565 0.001648 -0.482249 -0.875672 -0.025204 -1.310974 -0.034555 -0.009734 0.999356 -0.034998 
796 1420 -0.852938 0.521425 -0.024749 -0.415283 -0.520758 -0.853216 -0.028871 -1.603577 -0.036170 -0.011737 0.999278 -0.049664 
797 1420 -0.829139 0.558437 -0.026019 -0.867783 -0.557687 -0.829471 -0.031027 -1.925323 -0.038908 -0.011215 0.999180 -0.066412 
798 1420 -0.800956 0.598044 -0.028501 -1.282211 -0.597308 -0.801429 -0.030599 -2.241898 -0.041141 -0.007485 0.999126 -0.082414 
799 1420 -0.770289 0.636942 -0.030986 -1.704559 -0.636308 -0.770909 -0.028520 -2.606857 -0.042053 -0.002252 0.999114 -0.091461 
800 1420 -0.739449 0.672583 -0.029100 -2.099350 -0.672108 -0.740021 -0.025307 -3.010666 -0.038556 0.000845 0.999257 -0.099597 
786 1421 -0.991216 0.130028 -0.024152 3.609238 -0.130253 -0.991449 0.007979 0.367966 -0.022908 0.011055 0.999676 0.013691 
787 1421 -0.986012 0.164688 -0.025652 3.115631 -0.164837 -0.986314 0.003760 0.261108 -0.024681 0.007936 0.999664 0.014358 
788 1421 -0.978667 0.203723 -0.026584 2.597885 -0.203769 -0.979019 -0.001017 0.139755 -0.026234 0.004422 0.999646 0.011299 
789 1421 -0.969334 0.244494 -0.024790 2.123459 -0.244439 -0.969650 -0.005300 -0.009521 -0.025334 0.000922 0.999679 0.000955 
790 1421 -0.957801 0.286393 -0.024435 1.657196 -0.286179 -0.958103 -0.011916 -0.188507 -0.026824 -0.004421 0.999630 -0.003754 
791 1421 -0.944304 0.328069 -0.025748 1.189102 -0.327643 -0.944602 -0.019419 -0.378555 -0.030692 -0.009901 0.999480 -0.007464 
792 1421 -0.928834 0.369570 -0.026162 0.725952 -0.369007 -0.929117 -0.024001 -0.584061 -0.033178 -0.012639 0.999370 -0.012366 
793 1421 -0.911826 0.409745 -0.026127 0.289078 -0.409152 -0.912117 -0.025262 -0.805405 -0.034182 -0.012345 0.999340 -0.019846 
794 1421 -0.893721 0.447919 -0.025139 -0.162933 -0.447345 -0.894001 -0.025431 -1.054977 -0.033865 -0.011482 0.999361 -0.025405 
795 1421 -0.874040 0.485296 -0.023286 -0.599869 -0.484706 -0.874265 -0.026847 -1.313629 -0.033387 -0.012179 0.999368 -0.038129 
796 1421 -0.851518 0.523844 -0.022459 -1.015976 -0.523148 -0.851696 -0.030512 -1.607407 -0.035112 -0.014232 0.999283 -0.052336 
797 1421 -0.827619 0.560788 -0.023723 -1.467590 -0.560004 -0.827845 -0.032671 -1.930435 -0.037961 -0.013754 0.999185 -0.068596 
798 1421 -0.799329 0.600323 -0.026207 -1.881134 -0.599540 -0.799695 -0.032251 -2.248169 -0.040319 -0.010067 0.999137 -0.084184 
799 1421 -0.768551 0.639145 -0.028698 -2.302475 -0.638450 -0.769072 -0.030178 -2.614334 -0.041359 -0.004871 0.999133 -0.092876 
785 1422 -0.994639 0.101110 -0.021672 3.508026 -0.101343 -0.994802 0.009978 0.460297 -0.020551 0.012121 0.999716 0.009729 
786 1422 -0.990747 0.133753 -0.023041 2.971405 -0.133934 -0.990969 0.006469 0.375076 -0.021968 0.009495 0.999713 0.008375 
787 1422 -0.985415 0.168390 -0.024525 2.478195 -0.168495 -0.985699 0.002244 0.266357 -0.023797 0.006344 0.999697 0.009449 
788 1422 -0.977926 0.207393 -0.025440 1.960907 -0.207397 -0.978253 -0.002536 0.143082 -0.025413 0.002797 0.999673 0.006805 
789 1422 -0.968440 0.248125 -0.023630 1.487030 -0.248033 -0.968727 -0.006812 -0.007950 -0.024582 -0.000736 0.999698 -0.003212 
790 1422 -0.956752 0.289974 -0.023250 1.021439 -0.289728 -0.957015 -0.013427 -0.188675 -0.026144 -0.006110 0.999640 -0.007646 
791 1422 -0.943104 0.331593 -0.024535 0.554016 -0.331135 -0.943351 -0.020934 -0.380478 -0.030087 -0.011619 0.999480 -0.011096 
792 1422 -0.927482 0.373033 -0.024933 0.091675 -0.372438 -0.927706 -0.025517 -0.587708 -0.032649 -0.014381 0.999364 -0.015765 
793 1422 -0.910326 0.413143 -0.024893 -0.344391 -0.412517 -0.910556 -0.026779 -0.810684 -0.033730 -0.014109 0.999332 -0.023064 
794 1422 -0.892077 0.451251 -0.023903 -0.795456 -0.450642 -0.892298 -0.026944 -1.061935 -0.033487 -0.013264 0.999352 -0.028465 
795 1422 -0.872256 0.488552 -0.022046 -1.231445 -0.487929 -0.872422 -0.028353 -1.322205 -0.033085 -0.013975 0.999355 -0.041062 
796 1422 -0.849592 0.527013 -0.021205 -1.646469 -0.526285 -0.849705 -0.032015 -1.617508 -0.034891 -0.016040 0.999263 -0.055215 
797 1422 -0.825559 0.563868 -0.022461 -2.096878 -0.563047 -0.825717 -0.034178 -1.942215 -0.037819 -0.015569 0.999164 -0.071422 
798 1422 -0.797122 0.603302 -0.024946 -2.509262 -0.602473 -0.797424 -0.033767 -2.261459 -0.040265 -0.011887 0.999119 -0.086993 
799 1422 -0.766201 0.642015 -0.027446 -2.929214 -0.641266 -0.766663 -0.031704 -2.629181 -0.041396 -0.006692 0.999121 -0.095728 
783 1423 -0.998585 0.048661 -0.021443 3.910080 -0.048863 -0.998765 0.008977 0.595856 -0.020979 0.010012 0.999730 0.017488 
784 1423 -0.996869 0.076006 -0.021788 3.382889 -0.076234 -0.997041 0.009819 0.533829 -0.020978 0.011449 0.999714 0.016376 
785 1423 -0.994279 0.104400 -0.022543 2.871338 -0.104616 -0.994476 0.008607 0.470566 -0.021519 0.010917 0.999709 0.014773 
786 1423 -0.990278 0.137033 -0.023900 2.334991 -0.137192 -0.990531 0.005094 0.383575 -0.022976 0.008323 0.999701 0.012857 
787 1423 -0.984830 0.171655 -0.025370 1.842163 -0.171732 -0.985143 0.000864 0.273209 -0.024845 0.005208 0.999678 0.013374 
788 1423 -0.977211 0.210636 -0.026269 1.325287 -0.210607 -0.977563 -0.003919 0.148224 -0.026505 0.001703 0.999647 0.010135 
789 1423 -0.967590 0.251340 -0.024445 0.851913 -0.251213 -0.967896 -0.008190 -0.004364 -0.025719 -0.001783 0.999668 -0.000478 
790 1423 -0.955763 0.293153 -0.024043 0.386932 -0.292866 -0.956039 -0.014803 -0.186615 -0.027326 -0.007107 0.999601 -0.005537 
791 1423 -0.941974 0.334732 -0.025303 -0.079834 -0.334223 -0.942229 -0.022314 -0.379974 -0.031310 -0.012562 0.999431 -0.009629 
792 1423 -0.926214 0.376122 -0.025685 -0.541489 -0.375470 -0.926444 -0.026898 -0.588730 -0.033913 -0.015270 0.999309 -0.014957 
793 1423 -0.908923 0.416175 -0.025641 -0.976807 -0.415491 -0.909161 -0.028160 -0.813141 -0.035031 -0.014942 0.999275 -0.022912 
794 1423 -0.890548 0.454221 -0.024651 -1.427032 -0.453555 -0.890778 -0.028321 -1.065887 -0.034823 -0.014041 0.999296 -0.029019 
795 1423 -0.870604 0.491457 -0.022789 -1.862122 -0.490777 -0.870777 -0.029725 -1.327591 -0.034452 -0.014694 0.999299 -0.042319 
796 1423 -0.847811 0.529844 -0.021936 -2.276169 -0.529055 -0.847930 -0.033384 -1.624252 -0.036288 -0.016698 0.999203 -0.057206 
797 1423 -0.823654 0.566619 -0.023185 -2.725494 -0.565733 -0.823821 -0.035551 -1.950409 -0.039244 -0.016165 0.999099 -0.074212 
798 1423 -0.795085 0.605955 -0.025671 -3.136795 -0.605062 -0.795402 -0.035148 -2.271011 -0.041717 -0.012413 0.999053 -0.090544 
782 1424 -0.999224 0.028430 -0.027280 3.774979 -0.028815 -0.999489 0.013827 0.656906 -0.026873 0.014602 0.999533 0.027584 
783 1424 -0.998185 0.055192 -0.024078 3.249542 -0.055465 -0.998402 0.010828 0.620743 -0.023442 0.012144 0.999651 0.015347 
784 1424 -0.996290 0.082520 -0.024429 2.722763 -0.082824 -0.996496 0.011668 0.555252 -0.023381 0.013648 0.999633 0.013008 
785 1424 -0.993513 0.110899 -0.025176 2.211655 -0.111190 -0.993745 0.010452 0.488632 -0.023859 0.013183 0.999629 0.010220 
786 1424 -0.989294 0.143512 -0.026510 1.675903 -0.143741 -0.989591 0.006929 0.398102 -0.025240 0.010665 0.999624 0.007103 
787 1424 -0.983614 0.178106 -0.027952 1.183823 -0.178249 -0.983982 0.002690 0.284515 -0.027025 0.007628 0.999606 0.006579 
788 1424 -0.975736 0.217045 -0.028820 0.667786 -0.217077 -0.976153 -0.002099 0.156128 -0.028588 0.004208 0.999582 0.002265 
789 1424 -0.965851 0.257693 -0.026968 0.195435 -0.257616 -0.966226 -0.006358 0.000412 -0.027695 0.000807 0.999616 -0.009255 
790 1424 -0.953746 0.299442 -0.026522 -0.268326 -0.299194 -0.954105 -0.012968 -0.184921 -0.029188 -0.004433 0.999564 -0.015141 
791 1424 -0.939676 0.340942 -0.027732 -0.733780 -0.340467 -0.940033 -0.020488 -0.381332 -0.033054 -0.009810 0.999405 -0.020041 
792 1424 -0.923638 0.382235 -0.028084 -1.194061 -0.381615 -0.923982 -0.025075 -0.593124 -0.035533 -0.012443 0.999291 -0.026133 
793 1424 -0.906082 0.422173 -0.028031 -1.627869 -0.421523 -0.906436 -0.026336 -0.820404 -0.036527 -0.012047 0.999260 -0.034753 
794 1424 -0.887459 0.460095 -0.027041 -2.076416 -0.459466 -0.887801 -0.026491 -1.076111 -0.036195 -0.011085 0.999284 -0.041507 
795 1424 -0.867271 0.497200 -0.025169 -2.509750 -0.496555 -0.867557 -0.027882 -1.340683 -0.035698 -0.011683 0.999294 -0.055398 
796 1424 -0.844223 0.535441 -0.024292 -2.921783 -0.534686 -0.844463 -0.031535 -1.640106 -0.037399 -0.013634 0.999208 -0.070749 
797 1424 -0.819818 0.572055 -0.025526 -3.368912 -0.571211 -0.820111 -0.033711 -1.969254 -0.040219 -0.013056 0.999106 -0.088253 
781 1425 -0.999435 0.011771 -0.031481 3.610764 -0.012270 -0.999801 0.015717 0.697067 -0.031290 0.016094 0.999380 0.014950 
782 1425 -0.999053 0.033343 -0.027962 3.090179 -0.033716 -0.999346 0.013011 0.669662 -0.027510 0.013942 0.999524 0.017766 
783 1425 -0.997885 0.060100 -0.024746 2.564941 -0.060363 -0.998126 0.010028 0.630936 -0.024097 0.011501 0.999643 0.005179 
784 1425 -0.995856 0.087418 -0.025101 2.038498 -0.087712 -0.996086 0.010866 0.562866 -0.024053 0.013023 0.999626 0.002470 
785 1425 -0.992938 0.115783 -0.025841 1.527725 -0.116064 -0.993195 0.009646 0.493713 -0.024548 0.012578 0.999619 -0.000678 
786 1425 -0.988558 0.148376 -0.027158 0.992416 -0.148593 -0.988879 0.006117 0.400558 -0.025949 0.010083 0.999612 -0.004188 
787 1425 -0.982708 0.182944 -0.028579 0.500870 -0.183071 -0.983097 0.001871 0.284546 -0.027754 0.007071 0.999590 -0.005093 
788 1425 -0.974638 0.221846 -0.029423 -0.014511 -0.221858 -0.975074 -0.002922 0.153625 -0.029338 0.003680 0.999563 -0.009813 
789 1425 -0.964554 0.262447 -0.027550 -0.486053 -0.262350 -0.964946 -0.007172 -0.004410 -0.028467 0.000310 0.999595 -0.021730 
790 1425 -0.952243 0.304139 -0.027072 -0.948898 -0.303866 -0.952615 -0.013780 -0.192017 -0.029980 -0.004895 0.999538 -0.028029 
791 1425 -0.937968 0.345573 -0.028245 -1.413391 -0.345067 -0.938336 -0.021305 -0.390701 -0.033865 -0.010237 0.999374 -0.033350 
792 1425 -0.921726 0.386787 -0.028574 -1.872589 -0.386133 -0.922079 -0.025894 -0.604767 -0.036363 -0.012834 0.999256 -0.039870 
793 1425 -0.903973 0.426638 -0.028515 -2.305267 -0.425954 -0.904337 -0.027155 -0.834183 -0.037373 -0.012401 0.999224 -0.048913 
794 1425 -0.885163 0.464468 -0.027524 -2.752563 -0.463805 -0.885517 -0.027305 -1.092087 -0.037055 -0.011403 0.999249 -0.056117 
795 1425 -0.864794 0.501473 -0.025645 -3.184570 -0.500795 -0.865090 -0.028687 -1.358780 -0.036571 -0.011965 0.999259 -0.070455 
796 1425 -0.841557 0.539601 -0.024751 -3.595123 -0.538810 -0.841806 -0.032335 -1.660217 -0.038283 -0.013876 0.999171 -0.086264 
780 1426 -0.999447 -0.000507 -0.033245 3.465805 0.000031 -0.999897 0.014314 0.730469 -0.033248 0.014305 0.999344 0.020969 
781 1426 -0.999370 0.018030 -0.030562 2.930237 -0.018397 -0.999761 0.011775 0.703705 -0.030342 0.012330 0.999463 0.012928 
782 1426 -0.998850 0.039596 -0.027026 2.409821 -0.039854 -0.999164 0.009091 0.673035 -0.026643 0.010157 0.999593 0.016158 
783 1426 -0.997513 0.066342 -0.023791 1.884827 -0.066506 -0.997768 0.006127 0.631073 -0.023331 0.007694 0.999698 0.003949 
784 1426 -0.995312 0.093649 -0.024151 1.358810 -0.093842 -0.995563 0.006963 0.559708 -0.023392 0.009197 0.999683 0.001508 
785 1426 -0.992218 0.121995 -0.024884 0.848465 -0.122172 -0.992493 0.005739 0.487396 -0.023997 0.008734 0.999674 -0.001393 
786 1426 -0.987637 0.154558 -0.026179 0.313766 -0.154668 -0.987964 0.002202 0.390900 -0.025524 0.006223 0.999654 -0.004720 
787 1426 -0.981573 0.189086 -0.027574 -0.177048 -0.189102 -0.981955 -0.002053 0.271835 -0.027464 0.003199 0.999617 -0.005572 
788 1426 -0.973262 0.227934 -0.028388 -0.691605 -0.227832 -0.973677 -0.006851 0.137695 -0.029202 -0.000201 0.999573 -0.010272 
789 1426 -0.962925 0.268467 -0.026488 -1.162155 -0.268262 -0.963282 -0.011089 -0.023224 -0.028493 -0.003572 0.999587 -0.022313 
790 1426 -0.950357 0.310076 -0.025969 -1.623825 -0.309696 -0.950672 -0.017694 -0.213684 -0.030174 -0.008773 0.999506 -0.028856 
791 1426 -0.935828 0.351414 -0.027094 -2.087082 -0.350791 -0.936114 -0.025226 -0.415253 -0.034228 -0.014103 0.999314 -0.034461 
792 1426 -0.919333 0.392524 -0.027395 -2.544952 -0.391746 -0.919591 -0.029816 -0.632156 -0.036896 -0.016679 0.999180 -0.041328 
793 1426 -0.901333 0.432263 -0.027329 -2.976212 -0.431451 -0.901602 -0.031076 -0.864227 -0.038073 -0.016219 0.999143 -0.050802 
794 1426 -0.882287 0.469976 -0.026336 -3.421875 -0.469184 -0.882549 -0.031220 -1.124893 -0.037916 -0.015189 0.999166 -0.058529 
778 1427 -0.999328 -0.019006 -0.031336 3.891510 0.018761 -0.999791 0.008098 0.774902 -0.031483 0.007505 0.999476 0.015167 
779 1427 -0.999481 -0.007011 -0.031431 3.306671 0.006747 -0.999941 0.008498 0.768845 -0.031489 0.008282 0.999469 0.010835 
780 1427 -0.999501 0.009821 -0.029998 2.738724 -0.010114 -0.999902 0.009640 0.763474 -0.029901 0.009939 0.999503 0.010891 
781 1427 -0.999225 0.028348 -0.027289 2.203415 -0.028552 -0.999567 0.007129 0.731216 -0.027075 0.007903 0.999602 0.004528 
782 1427 -0.998473 0.049900 -0.023725 1.683380 -0.050019 -0.998738 0.004481 0.695190 -0.023472 0.005660 0.999709 0.009365 
783 1427 -0.996850 0.076622 -0.020460 1.158813 -0.076670 -0.997056 0.001550 0.647873 -0.020281 0.003114 0.999789 -0.001268 
784 1427 -0.994368 0.103909 -0.020829 0.633545 -0.103981 -0.994577 0.002382 0.571121 -0.020468 0.004535 0.999780 -0.002259 
785 1427 -0.990986 0.132220 -0.021549 0.123993 -0.132275 -0.991213 0.001151 0.493576 -0.021207 0.003991 0.999767 -0.003767 
786 1427 -0.986076 0.164726 -0.022807 -0.409729 -0.164716 -0.986339 -0.002400 0.391602 -0.022891 0.001390 0.999736 -0.005724 
787 1427 -0.979665 0.199181 -0.024158 -0.899261 -0.199076 -0.979961 -0.006668 0.267471 -0.025002 -0.001724 0.999686 -0.005453 
788 1427 -0.970962 0.237929 -0.024923 -1.412445 -0.237711 -0.971269 -0.011475 0.128082 -0.026937 -0.005217 0.999623 -0.009015 
789 1427 -0.960207 0.278342 -0.022980 -1.881378 -0.278035 -0.960443 -0.015693 -0.037628 -0.026439 -0.008679 0.999613 -0.020183 
790 1427 -0.947220 0.319801 -0.022393 -2.341080 -0.319329 -0.947383 -0.022291 -0.232803 -0.028344 -0.013964 0.999500 -0.026011 
791 1427 -0.932284 0.360969 -0.023442 -2.802246 -0.360255 -0.932377 -0.029833 -0.439117 -0.032626 -0.019368 0.999279 -0.030945 
792 1427 -0.915378 0.401898 -0.023696 -3.257889 -0.401026 -0.915420 -0.034426 -0.660675 -0.035527 -0.022010 0.999126 -0.037226 
793 1427 -0.896974 0.441452 -0.023617 -3.686752 -0.440538 -0.897025 -0.035685 -0.897125 -0.036938 -0.021605 0.999084 -0.046269 
777 1428 -0.999352 -0.021364 -0.028971 3.780365 0.021230 -0.999763 0.004929 0.794327 -0.029069 0.004311 0.999568 0.010808 
778 1428 -0.999505 -0.011620 -0.029260 3.180328 0.011494 -0.999924 0.004451 0.797989 -0.029309 0.004113 0.999562 0.007666 
779 1428 -0.999569 0.000377 -0.029358 2.595551 -0.000520 -0.999988 0.004850 0.787643 -0.029356 0.004863 0.999557 0.004547 
780 1428 -0.999462 0.017212 -0.027934 2.027679 -0.017386 -0.999830 0.006003 0.778076 -0.027826 0.006485 0.999592 0.005784 
781 1428 -0.999044 0.035732 -0.025206 1.492615 -0.035831 -0.999351 0.003511 0.741898 -0.025064 0.004411 0.999676 0.000439 
782 1428 -0.998125 0.057272 -0.021622 0.972839 -0.057304 -0.998356 0.000889 0.702011 -0.021536 0.002126 0.999766 0.006251 
783 1428 -0.996299 0.083975 -0.018335 0.448608 -0.083953 -0.996468 -0.002018 0.650864 -0.018440 -0.000471 0.999830 -0.003438 
784 1428 -0.993617 0.111247 -0.018710 -0.076065 -0.111244 -0.993792 -0.001188 0.570236 -0.018726 0.000901 0.999824 -0.003584 
785 1428 -0.990027 0.139531 -0.019421 -0.585052 -0.139510 -0.990218 -0.002425 0.488922 -0.019570 0.000309 0.999809 -0.004282 
786 1428 -0.984882 0.171995 -0.020654 -1.117981 -0.171907 -0.985095 -0.005985 0.383026 -0.021375 -0.002343 0.999768 -0.005463 
787 1428 -0.978222 0.206394 -0.021973 -1.606613 -0.206212 -0.978453 -0.010263 0.255295 -0.023618 -0.005508 0.999706 -0.004585 
788 1428 -0.969240 0.245071 -0.022703 -2.118744 -0.244775 -0.969463 -0.015074 0.112137 -0.025704 -0.009053 0.999629 -0.007542 
789 1428 -0.958187 0.285394 -0.020729 -2.586456 -0.285020 -0.958327 -0.019278 -0.056992 -0.025367 -0.012564 0.999599 -0.018290 
790 1428 -0.944899 0.326745 -0.020093 -3.044724 -0.326210 -0.944944 -0.025872 -0.255524 -0.027440 -0.017891 0.999463 -0.023817 
791 1428 -0.929671 0.367790 -0.021087 -3.504379 -0.367010 -0.929616 -0.033420 -0.465210 -0.031895 -0.023331 0.999219 -0.028487 
776 1429 -0.999415 -0.018034 -0.029075 3.672852 0.017898 -0.999828 0.004909 0.837341 -0.029159 0.004386 0.999565 0.005392 
777 1429 -0.999528 -0.010534 -0.028887 3.038544 0.010425 -0.999938 0.003908 0.830231 -0.028927 0.003605 0.999575 0.006495 
778 1429 -0.999575 -0.000789 -0.029171 2.438492 0.000689 -0.999993 0.003427 0.827377 -0.029174 0.003406 0.999568 0.003433 
779 1429 -0.999509 0.011209 -0.029273 1.853851 -0.011325 -0.999928 0.003825 0.810699 -0.029228 0.004155 0.999564 0.000381 
780 1429 -0.999218 0.028040 -0.027862 1.286087 -0.028190 -0.999589 0.004993 0.794983 -0.027710 0.005775 0.999599 0.001684 
781 1429 -0.998601 0.046554 -0.025107 0.751480 -0.046632 -0.998908 0.002531 0.753021 -0.024962 0.003698 0.999681 -0.003618 
782 1429 -0.997449 0.068082 -0.021495 0.232178 -0.068096 -0.997678 -0.000052 0.707520 -0.021449 0.001412 0.999769 0.002232 
783 1429 -0.995334 0.094763 -0.018177 -0.291473 -0.094725 -0.995499 -0.002923 0.650681 -0.018372 -0.001188 0.999830 -0.007427 
784 1429 -0.992356 0.122004 -0.018561 -0.815247 -0.121986 -0.992529 -0.002098 0.564377 -0.018678 0.000182 0.999825 -0.007563 
785 1429 -0.988461 0.150248 -0.019258 -1.323334 -0.150211 -0.988648 -0.003342 0.477570 -0.019542 -0.000411 0.999809 -0.008254 
786 1429 -0.982965 0.182654 -0.020452 -1.855103 -0.182549 -0.983172 -0.006915 0.365921 -0.021371 -0.003063 0.999766 -0.009441 
787 1429 -0.975935 0.216979 -0.021726 -2.342300 -0.216778 -0.976156 -0.011207 0.232910 -0.023639 -0.006228 0.999701 -0.008591 
788 1429 -0.966535 0.255555 -0.022403 -2.852844 -0.255240 -0.966745 -0.016026 0.084198 -0.025753 -0.009772 0.999620 -0.011584 
789 1429 -0.955047 0.295756 -0.020383 -3.318695 -0.295363 -0.955171 -0.020208 -0.089966 -0.025446 -0.013279 0.999588 -0.022392 
790 1429 -0.941315 0.336958 -0.019677 -3.774796 -0.336406 -0.941336 -0.026794 -0.293457 -0.027551 -0.018603 0.999447 -0.028002 
775 1430 -0.999596 -0.001909 -0.028355 3.562973 0.001789 -0.999990 0.004254 0.909119 -0.028363 0.004201 0.999589 0.018338 
776 1430 -0.999553 0.002036 -0.029814 2.887390 -0.002149 -0.999991 0.003764 0.907043 -0.029806 0.003827 0.999549 0.012949 
777 1430 -0.999516 0.009537 -0.029606 2.253342 -0.009623 -0.999950 0.002767 0.887192 -0.029578 0.003051 0.999558 0.013631 
778 1430 -0.999368 0.019281 -0.029880 1.653488 -0.019358 -0.999810 0.002280 0.872314 -0.029831 0.002857 0.999551 0.010172 
779 1430 -0.999061 0.031274 -0.029991 1.069290 -0.031368 -0.999504 0.002676 0.843903 -0.029892 0.003615 0.999547 0.006728 
780 1430 -0.998433 0.048095 -0.028603 0.501984 -0.048225 -0.998829 0.003872 0.816803 -0.028383 0.005246 0.999584 0.007648 
781 1430 -0.997446 0.066592 -0.025799 -0.031708 -0.066652 -0.997775 0.001466 0.764114 -0.025644 0.003182 0.999666 0.001971 
782 1430 -0.995867 0.088092 -0.022136 -0.549988 -0.088091 -0.996112 -0.001044 0.708191 -0.022142 0.000910 0.999755 0.007454 
783 1430 -0.993219 0.114726 -0.018761 -1.072403 -0.114674 -0.993396 -0.003848 0.640869 -0.019079 -0.001670 0.999817 -0.002580 
784 1430 -0.989695 0.141901 -0.019161 -1.594330 -0.141869 -0.989881 -0.003030 0.544067 -0.019398 -0.000281 0.999812 -0.003107 
785 1430 -0.985234 0.170062 -0.019834 -2.100555 -0.170010 -0.985434 -0.004289 0.447067 -0.020274 -0.000853 0.999794 -0.004179 
786 1430 -0.979089 0.202353 -0.020956 -2.629959 -0.202230 -0.979307 -0.007885 0.324768 -0.022118 -0.003482 0.999749 -0.005779 
787 1430 -0.971371 0.236532 -0.022143 -3.114410 -0.236310 -0.971601 -0.012202 0.182007 -0.024400 -0.006620 0.999681 -0.005322 
788 1430 -0.961200 0.274914 -0.022723 -3.621872 -0.274574 -0.961416 -0.017033 0.023071 -0.026529 -0.010133 0.999597 -0.008732 
774 1431 -0.999621 0.006771 -0.026648 3.468628 -0.006899 -0.999964 0.004716 0.989349 -0.026615 0.004898 0.999634 0.009595 
775 1431 -0.999534 0.011063 -0.028455 2.782837 -0.011188 -0.999929 0.004242 0.960754 -0.028406 0.004559 0.999586 0.007359 
776 1431 -0.999440 0.015007 -0.029908 2.107330 -0.015126 -0.999879 0.003734 0.949905 -0.029848 0.004184 0.999546 0.001941 
777 1431 -0.999306 0.022507 -0.029687 1.473587 -0.022598 -0.999741 0.002740 0.921844 -0.029617 0.003409 0.999555 0.002604 
778 1431 -0.999031 0.032249 -0.029954 0.873978 -0.032331 -0.999474 0.002249 0.899185 -0.029866 0.003216 0.999549 -0.000875 
779 1431 -0.998568 0.044237 -0.030070 0.290207 -0.044336 -0.999013 0.002644 0.863205 -0.029923 0.003973 0.999544 -0.004334 
780 1431 -0.997722 0.061047 -0.028698 -0.276718 -0.061183 -0.998119 0.003858 0.828735 -0.028408 0.005605 0.999581 -0.003428 
781 1431 -0.996497 0.079530 -0.025863 -0.809692 -0.079595 -0.996826 0.001488 0.769135 -0.025663 0.003542 0.999664 -0.009109 
782 1431 -0.994639 0.101007 -0.022168 -1.327164 -0.101010 -0.994885 -0.000974 0.706482 -0.022153 0.001270 0.999754 -0.003628 
783 1431 -0.991647 0.127603 -0.018757 -1.848679 -0.127555 -0.991824 -0.003734 0.632401 -0.019080 -0.001310 0.999817 -0.013660 
784 1431 -0.987770 0.154730 -0.019168 -2.369293 -0.154702 -0.987956 -0.002922 0.528839 -0.019389 0.000079 0.999812 -0.014175 
785 1431 -0.982944 0.182831 -0.019824 -2.874222 -0.182783 -0.983145 -0.004189 0.425278 -0.020255 -0.000494 0.999795 -0.015235 
786 1431 -0.976382 0.215040 -0.020899 -3.401993 -0.214922 -0.976600 -0.007799 0.296112 -0.022087 -0.003123 0.999751 -0.016812 
787 1431 -0.968223 0.249116 -0.022030 -3.884552 -0.248900 -0.968453 -0.012131 0.147079 -0.024357 -0.006262 0.999684 -0.016325 
773 1432 -0.999500 0.019655 -0.024775 3.377640 -0.019797 -0.999789 0.005504 1.061874 -0.024661 0.005992 0.999677 0.002644 
774 1432 -0.999439 0.021628 -0.025586 2.661301 -0.021724 -0.999758 0.003496 1.036072 -0.025504 0.004050 0.999666 0.002201 
775 1432 -0.999290 0.025918 -0.027386 1.975967 -0.026010 -0.999658 0.002995 0.997284 -0.027299 0.003706 0.999620 0.000706 
776 1432 -0.999139 0.029861 -0.028831 1.300720 -0.029944 -0.999549 0.002466 0.976410 -0.028744 0.003327 0.999581 -0.003966 
777 1432 -0.998893 0.037357 -0.028595 0.667450 -0.037415 -0.999299 0.001475 0.938950 -0.028520 0.002543 0.999589 -0.002619 
778 1432 -0.998474 0.047094 -0.028855 0.068237 -0.047142 -0.998888 0.000980 0.907379 -0.028777 0.002339 0.999583 -0.005447 
779 1432 -0.997833 0.059074 -0.028977 -0.514938 -0.059139 -0.998249 0.001373 0.862717 -0.028845 0.003084 0.999578 -0.008285 
780 1432 -0.996735 0.075871 -0.027623 -1.081284 -0.075972 -0.997106 0.002607 0.819855 -0.027345 0.004697 0.999615 -0.006774 
781 1432 -0.995234 0.094330 -0.024753 -1.613297 -0.094366 -0.995537 0.000280 0.752335 -0.024617 0.002614 0.999693 -0.011909 
782 1432 -0.993054 0.115773 -0.021022 -2.129807 -0.115754 -0.993276 -0.002128 0.681992 -0.021127 0.000321 0.999777 -0.005902 
783 1432 -0.989665 0.142318 -0.017570 -2.650146 -0.142255 -0.989819 -0.004836 0.600189 -0.018079 -0.002287 0.999833 -0.015415 
784 1432 -0.985386 0.169386 -0.017993 -3.169189 -0.169341 -0.985549 -0.004030 0.488907 -0.018416 -0.000924 0.999829 -0.015435 
785 1432 -0.980144 0.197412 -0.018630 -3.672531 -0.197346 -0.980320 -0.005307 0.377869 -0.019311 -0.001525 0.999812 -0.016018 
772 1433 -0.999337 0.028550 -0.022573 3.280319 -0.028730 -0.999558 0.007668 1.151825 -0.022344 0.008312 0.999716 -0.000847 
773 1433 -0.999077 0.035722 -0.023841 2.546432 -0.035882 -0.999336 0.006303 1.118927 -0.023600 0.007153 0.999696 -0.003071 
774 1433 -0.998985 0.037692 -0.024620 1.830566 -0.037809 -0.999275 0.004282 1.081604 -0.024441 0.005209 0.999688 -0.002740 
775 1433 -0.998769 0.041980 -0.026412 1.145966 -0.042094 -0.999107 0.003753 1.031830 -0.026231 0.004860 0.999645 -0.003477 
776 1433 -0.998556 0.045920 -0.027848 0.471130 -0.046027 -0.998935 0.003200 1.000107 -0.027671 0.004477 0.999608 -0.007423 
777 1433 -0.998191 0.053411 -0.027596 -0.161453 -0.053492 -0.998566 0.002213 0.952484 -0.027439 0.003685 0.999617 -0.005374 
778 1433 -0.997616 0.063139 -0.027849 -0.760086 -0.063211 -0.997998 0.001714 0.911270 -0.027685 0.003471 0.999611 -0.007542 
779 1433 -0.996782 0.075109 -0.027976 -1.342468 -0.075197 -0.997166 0.002105 0.857254 -0.027739 0.004202 0.999606 -0.009722 
780 1433 -0.995412 0.091887 -0.026642 -1.908066 -0.092008 -0.995752 0.003361 0.805283 -0.026220 0.005797 0.999640 -0.007573 
781 1433 -0.993612 0.110316 -0.023736 -2.438919 -0.110373 -0.993889 0.001080 0.729233 -0.023472 0.003693 0.999718 -0.012076 
782 1433 -0.991086 0.131718 -0.019966 -2.954239 -0.131719 -0.991286 -0.001267 0.650604 -0.019959 0.001374 0.999800 -0.005449 
783 1433 -0.987269 0.158201 -0.016471 -3.473190 -0.158158 -0.987406 -0.003920 0.560425 -0.016883 -0.001265 0.999857 -0.014325 
771 1434 -0.998849 0.041146 -0.024679 3.212036 -0.041423 -0.999083 0.010802 1.231750 -0.024212 0.011812 0.999637 0.001051 
772 1434 -0.998901 0.040117 -0.024239 2.434525 -0.040351 -0.999143 0.009247 1.191193 -0.023847 0.010215 0.999664 0.000362 
773 1434 -0.998556 0.047288 -0.025491 1.701080 -0.047502 -0.998840 0.007868 1.149780 -0.025090 0.009067 0.999644 -0.002944 
774 1434 -0.998440 0.049260 -0.026247 0.985703 -0.049429 -0.998760 0.005838 1.104172 -0.025927 0.007126 0.999639 -0.003659 
775 1434 -0.998172 0.053546 -0.028032 0.301712 -0.053715 -0.998542 0.005288 1.046448 -0.027708 0.006784 0.999593 -0.005370 
776 1434 -0.997911 0.057485 -0.029462 -0.372711 -0.057648 -0.998326 0.004718 1.006897 -0.029141 0.006406 0.999555 -0.010308 
777 1434 -0.997460 0.064972 -0.029199 -1.004684 -0.065108 -0.997871 0.003734 0.951950 -0.028894 0.005626 0.999566 -0.009157 
778 1434 -0.996772 0.074693 -0.029446 -1.602798 -0.074820 -0.997191 0.003233 0.903809 -0.029121 0.005425 0.999561 -0.012181 
779 1434 -0.995799 0.086651 -0.029578 -2.184509 -0.086795 -0.996219 0.003622 0.843048 -0.029152 0.006174 0.999556 -0.015168 
780 1434 -0.994237 0.103409 -0.028258 -2.749466 -0.103587 -0.994608 0.004893 0.784531 -0.027600 0.007792 0.999589 -0.013803 
781 1434 -0.992229 0.121819 -0.025326 -3.279404 -0.121924 -0.992535 0.002646 0.702316 -0.024814 0.005713 0.999675 -0.018992 
782 1434 -0.989461 0.143192 -0.021529 -3.793793 -0.143233 -0.989688 0.000343 0.617737 -0.021258 0.003423 0.999768 -0.013022 
770 1435 -0.998733 0.042789 -0.026500 3.130646 -0.043111 -0.999002 0.011691 1.295059 -0.025974 0.012819 0.999580 -0.001034 
771 1435 -0.998510 0.047226 -0.027391 2.368042 -0.047594 -0.998783 0.012953 1.256393 -0.026746 0.014237 0.999540 -0.002620 
772 1435 -0.998569 0.046201 -0.026942 1.590805 -0.046522 -0.998852 0.011401 1.211060 -0.026384 0.012638 0.999572 -0.005262 
773 1435 -0.998177 0.053373 -0.028185 0.857635 -0.053674 -0.998509 0.010014 1.165146 -0.027609 0.011508 0.999552 -0.010403 
774 1435 -0.998048 0.055350 -0.028928 0.142548 -0.055602 -0.998421 0.007979 1.115173 -0.028441 0.009572 0.999549 -0.012896 
775 1435 -0.997748 0.059636 -0.030710 -0.541046 -0.059890 -0.998178 0.007418 1.053253 -0.030212 0.009240 0.999501 -0.016274 
776 1435 -0.997460 0.063574 -0.032136 -1.215210 -0.063825 -0.997938 0.006839 1.009583 -0.031635 0.008873 0.999460 -0.022897 
777 1435 -0.996963 0.071060 -0.031867 -1.846848 -0.071281 -0.997440 0.005857 0.950745 -0.031369 0.008111 0.999474 -0.023282 
778 1435 -0.996215 0.080777 -0.032111 -2.444656 -0.080989 -0.996700 0.005354 0.898941 -0.031572 0.007935 0.999469 -0.027770 
779 1435 -0.995170 0.092727 -0.032245 -3.025970 -0.092958 -0.995653 0.005743 0.834610 -0.031573 0.008712 0.999463 -0.032146 
780 1435 -0.993509 0.109471 -0.030934 -3.590546 -0.109737 -0.993936 0.007022 0.772629 -0.029977 0.010371 0.999496 -0.032134 
769 1436 -0.998957 0.037339 -0.026272 3.102371 -0.037643 -0.999228 0.011154 1.339172 -0.025835 0.012131 0.999592 0.002478 
770 1436 -0.998725 0.041574 -0.028605 2.294281 -0.041950 -0.999039 0.012665 1.305740 -0.028051 0.013849 0.999510 0.002334 
771 1436 -0.998506 0.046008 -0.029494 1.531647 -0.046434 -0.998824 0.013927 1.267975 -0.028818 0.015276 0.999468 -0.000834 
772 1436 -0.998565 0.044987 -0.029047 0.754364 -0.045362 -0.998894 0.012375 1.223557 -0.028458 0.013675 0.999502 -0.005081 
773 1436 -0.998179 0.052162 -0.030292 0.021118 -0.052515 -0.998559 0.010989 1.178497 -0.029675 0.012560 0.999480 -0.011734 
774 1436 -0.998050 0.054143 -0.031037 -0.693985 -0.054444 -0.998476 0.008955 1.129364 -0.030505 0.010628 0.999478 -0.015696 
775 1436 -0.997752 0.058430 -0.032820 -1.377670 -0.058734 -0.998238 0.008396 1.068268 -0.032271 0.010305 0.999426 -0.020466 
776 1436 -0.997465 0.062369 -0.034246 -2.051865 -0.062671 -0.998004 0.007819 1.025375 -0.033690 0.009946 0.999383 -0.028477 
777 1436 -0.996978 0.069857 -0.033979 -2.683563 -0.070128 -0.997514 0.006837 0.967300 -0.033417 0.009199 0.999399 -0.030146 
778 1436 -0.996241 0.079576 -0.034223 -3.281403 -0.079837 -0.996787 0.006334 0.916199 -0.033609 0.009043 0.999394 -0.035853 
