0 1573 0.987804 0.155642 0.004231 3.420210 -0.155693 0.987644 0.017880 1.587106 -0.001396 -0.018321 0.999831 -0.011697 
0 1574 0.986749 0.162215 0.003563 2.710751 -0.162251 0.986618 0.016146 1.566737 -0.000896 -0.016510 0.999863 -0.024599 
1 1574 0.984795 0.173665 0.004454 2.988154 -0.173710 0.984707 0.013319 1.520732 -0.002073 -0.013890 0.999902 -0.005318 
2 1574 0.983226 0.182324 0.004965 3.280652 -0.182370 0.983164 0.011427 1.458502 -0.002798 -0.012140 0.999923 0.002190 
3 1574 0.982901 0.184101 0.003584 3.564724 -0.184126 0.982863 0.008787 1.399094 -0.001905 -0.009297 0.999955 0.006464 
0 1575 0.985882 0.167352 0.005387 1.990313 -0.167402 0.985829 0.010783 1.531426 -0.003506 -0.011533 0.999927 -0.040891 
1 1575 0.983866 0.178797 0.006263 2.267503 -0.178844 0.983845 0.007952 1.483868 -0.004740 -0.008944 0.999949 -0.022346 
2 1575 0.982250 0.187450 0.006764 2.559684 -0.187492 0.982247 0.006056 1.420070 -0.005509 -0.007217 0.999959 -0.015688 
3 1575 0.981918 0.189231 0.005369 2.843448 -0.189251 0.981922 0.003424 1.359155 -0.004624 -0.004379 0.999980 -0.012232 
4 1575 0.982497 0.186238 0.003912 3.148746 -0.186249 0.982498 0.002618 1.302655 -0.003356 -0.003301 0.999990 -0.011140 
5 1575 0.983625 0.180213 0.002044 3.458694 -0.180214 0.983627 0.000411 1.248274 -0.001937 -0.000772 0.999998 -0.011091 
6 1575 0.985575 0.169240 0.000618 3.783757 -0.169240 0.985574 -0.000400 1.208110 -0.000676 0.000290 1.000000 -0.004996 
0 1576 0.985116 0.171807 0.005374 1.254538 -0.171846 0.985092 0.007944 1.510946 -0.003929 -0.008749 0.999954 -0.029693 
1 1576 0.983048 0.183243 0.006238 1.531510 -0.183275 0.983048 0.005108 1.462084 -0.005196 -0.006165 0.999968 -0.011268 
2 1576 0.981394 0.191889 0.006730 1.823399 -0.191913 0.981407 0.003211 1.396947 -0.005989 -0.004443 0.999973 -0.004775 
3 1576 0.981053 0.193668 0.005324 2.106884 -0.193673 0.981066 0.000585 1.334741 -0.005109 -0.001605 0.999986 -0.001478 
4 1576 0.981646 0.190677 0.003862 2.411925 -0.190677 0.981653 -0.000215 1.276859 -0.003832 -0.000526 0.999993 -0.000530 
5 1576 0.982801 0.184657 0.001985 2.721623 -0.184652 0.982801 -0.002414 1.221077 -0.002397 0.002006 0.999996 -0.000618 
6 1576 0.984800 0.173693 0.000554 3.046501 -0.173690 0.984795 -0.003218 1.179428 -0.001105 0.003073 0.999995 0.005379 
7 1576 0.987439 0.157999 0.000232 3.374614 -0.157998 0.987437 -0.002433 1.135438 -0.000613 0.002366 0.999997 0.009704 
8 1576 0.990421 0.138083 0.001081 3.714066 -0.138084 0.990420 0.001393 1.106327 -0.000878 -0.001529 0.999999 0.014534 
0 1577 0.985258 0.171072 0.000223 0.527096 -0.171067 0.985214 0.009376 1.502239 0.001385 -0.009276 0.999956 -0.038421 
1 1577 0.983206 0.182496 0.001088 0.804008 -0.182500 0.983184 0.006541 1.453624 0.000124 -0.006630 0.999979 -0.018502 
2 1577 0.981562 0.191134 0.001582 1.095910 -0.191140 0.981551 0.004644 1.388729 -0.000665 -0.004861 0.999988 -0.010414 
3 1577 0.981218 0.192899 0.000177 1.379424 -0.192899 0.981216 0.002017 1.326753 0.000215 -0.002014 0.999998 -0.005569 
4 1577 0.981802 0.189902 -0.001283 1.684501 -0.189901 0.981802 0.001216 1.269115 0.001491 -0.000951 0.999999 -0.002968 
5 1577 0.982945 0.183868 -0.003159 1.994240 -0.183873 0.982949 -0.000984 1.213580 0.002924 0.001548 0.999995 -0.001384 
6 1577 0.984929 0.172897 -0.004589 2.319114 -0.172908 0.984936 -0.001790 1.172198 0.004210 0.002556 0.999988 0.006344 
7 1577 0.987553 0.157205 -0.004912 2.647235 -0.157213 0.987564 -0.001005 1.128475 0.004693 0.001764 0.999987 0.012420 
8 1577 0.990520 0.137307 -0.004066 2.986680 -0.137297 0.990525 0.002822 1.099641 0.004415 -0.002237 0.999988 0.019038 
9 1577 0.993074 0.117369 -0.005199 3.337565 -0.117334 0.993070 0.006634 1.078518 0.005942 -0.005978 0.999965 0.021715 
10 1577 0.995264 0.097032 -0.005784 3.691507 -0.096990 0.995258 0.007281 1.061741 0.006463 -0.006686 0.999957 0.028002 
0 1578 0.983816 0.179102 -0.005366 -0.186433 -0.179030 0.983773 0.011763 1.496817 0.007386 -0.010612 0.999916 -0.056282 
1 1578 0.981678 0.190494 -0.004523 0.089958 -0.190448 0.981656 0.008922 1.446011 0.006140 -0.007897 0.999950 -0.034675 
2 1578 0.979969 0.199108 -0.004045 0.381275 -0.199077 0.979958 0.007021 1.378776 0.005362 -0.006075 0.999967 -0.024776 
3 1578 0.979607 0.200854 -0.005471 0.664245 -0.200831 0.979616 0.004405 1.314520 0.006244 -0.003217 0.999975 -0.018174 
4 1578 0.980207 0.197856 -0.006938 0.968825 -0.197835 0.980228 0.003616 1.254421 0.007516 -0.002172 0.999969 -0.013705 
5 1578 0.981391 0.191818 -0.008831 1.278090 -0.191813 0.981430 0.001431 1.196386 0.008942 0.000290 0.999960 -0.010230 
6 1578 0.983457 0.180858 -0.010268 1.602570 -0.180861 0.983508 0.000637 1.152395 0.010213 0.001231 0.999947 -0.000558 
7 1578 0.986205 0.165192 -0.010584 1.930287 -0.165186 0.986261 0.001425 1.106033 0.010674 0.000344 0.999942 0.007485 
8 1578 0.989334 0.145342 -0.009708 2.269444 -0.145296 0.989374 0.005244 1.074470 0.010367 -0.003778 0.999939 0.016099 
9 1578 0.992042 0.125446 -0.010810 2.620126 -0.125351 0.992071 0.009065 1.050515 0.011861 -0.007638 0.999900 0.020820 
10 1578 0.994393 0.105133 -0.011389 2.973878 -0.105024 0.994422 0.009717 1.030890 0.012347 -0.008466 0.999887 0.029157 
11 1578 0.996354 0.084690 -0.010365 3.372112 -0.084607 0.996380 0.008197 0.993757 0.011021 -0.007290 0.999913 0.036147 
12 1578 0.997679 0.067382 -0.009796 3.761797 -0.067318 0.997709 0.006708 0.974826 0.010226 -0.006033 0.999929 0.044404 
0 1579 0.982342 0.186946 -0.007322 -0.877401 -0.186851 0.982314 0.012076 1.498495 0.009450 -0.010495 0.999901 -0.072533 
1 1579 0.980116 0.198315 -0.006502 -0.601467 -0.198253 0.980108 0.009228 1.445496 0.008203 -0.007755 0.999937 -0.050346 
2 1579 0.978340 0.206913 -0.006039 -0.310716 -0.206868 0.978342 0.007323 1.375947 0.007423 -0.005915 0.999956 -0.039833 
3 1579 0.977962 0.208649 -0.007486 -0.028280 -0.208619 0.977986 0.004719 1.309444 0.008305 -0.003053 0.999961 -0.032634 
4 1579 0.978584 0.205654 -0.008959 0.275802 -0.205627 0.978622 0.003942 1.246924 0.009578 -0.002015 0.999953 -0.027524 
5 1579 0.979812 0.199621 -0.010870 0.584587 -0.199614 0.979873 0.001771 1.186431 0.011004 0.000434 0.999940 -0.023400 
6 1579 0.981962 0.188676 -0.012312 0.908686 -0.188679 0.982038 0.000989 1.139862 0.012277 0.001352 0.999924 -0.013051 
7 1579 0.984834 0.173035 -0.012622 1.236005 -0.173026 0.984916 0.001779 1.090896 0.012740 0.000432 0.999919 -0.004324 
8 1579 0.988123 0.153218 -0.011715 1.574882 -0.153162 0.988185 0.005592 1.056637 0.012434 -0.003731 0.999916 0.004995 
9 1579 0.990985 0.133352 -0.012787 1.925351 -0.133238 0.991040 0.009421 1.029893 0.013929 -0.007632 0.999875 0.010442 
10 1579 0.993498 0.113060 -0.013361 2.278919 -0.112931 0.993552 0.010078 1.007456 0.014414 -0.008503 0.999860 0.019510 
11 1579 0.995624 0.092632 -0.012349 2.676829 -0.092531 0.995673 0.008550 0.967157 0.013087 -0.007369 0.999888 0.027326 
12 1579 0.997088 0.075331 -0.011793 3.066332 -0.075252 0.997140 0.007056 0.945128 0.012290 -0.006148 0.999906 0.036388 
13 1579 0.998182 0.059118 -0.011691 3.445648 -0.059035 0.998229 0.007372 0.938741 0.012106 -0.006669 0.999905 0.044115 
14 1579 0.999033 0.042628 -0.010690 3.883149 -0.042541 0.999060 0.008342 0.943158 0.011035 -0.007879 0.999909 0.053071 
0 1580 0.980610 0.195945 -0.002985 -1.562606 -0.195900 0.980557 0.011451 1.500386 0.005171 -0.010644 0.999930 -0.074207 
1 1580 0.978274 0.207305 -0.002192 -1.287081 -0.207279 0.978244 0.008595 1.444833 0.003926 -0.007954 0.999961 -0.053223 
2 1580 0.976415 0.215893 -0.001746 -0.996941 -0.215877 0.976398 0.006686 1.372601 0.003148 -0.006151 0.999976 -0.043985 
3 1580 0.976024 0.217639 -0.003217 -0.715102 -0.217625 0.976023 0.004095 1.303493 0.004031 -0.003297 0.999986 -0.038024 
4 1580 0.976679 0.214654 -0.004697 -0.411591 -0.214640 0.976687 0.003332 1.238172 0.005303 -0.002246 0.999984 -0.034243 
5 1580 0.977969 0.208643 -0.006628 -0.103361 -0.208640 0.977992 0.001179 1.174833 0.006728 0.000230 0.999977 -0.031464 
6 1580 0.980225 0.197722 -0.008077 0.220336 -0.197726 0.980257 0.000410 1.125273 0.007999 0.001195 0.999967 -0.022517 
7 1580 0.983243 0.182104 -0.008381 0.547224 -0.182101 0.983279 0.001203 1.073287 0.008459 0.000343 0.999963 -0.015207 
8 1580 0.986713 0.162301 -0.007438 0.885807 -0.162267 0.986734 0.005007 1.035902 0.008152 -0.003734 0.999960 -0.007345 
9 1580 0.989766 0.142446 -0.008475 1.236035 -0.142372 0.989774 0.008846 1.005926 0.009648 -0.007549 0.999925 -0.003399 
10 1580 0.992467 0.122175 -0.009043 1.589416 -0.122089 0.992474 0.009508 0.980226 0.010136 -0.008332 0.999913 0.004159 
11 1580 0.994775 0.101772 -0.008045 1.986967 -0.101708 0.994782 0.007971 0.936258 0.008814 -0.007111 0.999936 0.010265 
12 1580 0.996395 0.084491 -0.007502 2.376286 -0.084444 0.996407 0.006472 0.910635 0.008022 -0.005815 0.999950 0.017664 
13 1580 0.997639 0.068286 -0.007397 2.755557 -0.068237 0.997646 0.006787 0.900749 0.007843 -0.006267 0.999950 0.023782 
14 1580 0.998636 0.051800 -0.006388 3.193113 -0.051751 0.998630 0.007748 0.901129 0.006780 -0.007407 0.999950 0.030889 
15 1580 0.999274 0.037530 -0.006531 3.629302 -0.037474 0.999261 0.008498 0.894525 0.006845 -0.008247 0.999943 0.036701 
0 1581 0.978005 0.208548 0.003542 -2.234093 -0.208575 0.977948 0.010693 1.498530 -0.001234 -0.011197 0.999937 -0.064519 
1 1581 0.975514 0.219894 0.004299 -1.959183 -0.219923 0.975486 0.007828 1.439399 -0.002472 -0.008582 0.999961 -0.045335 
2 1581 0.973539 0.228469 0.004720 -1.669949 -0.228495 0.973527 0.005913 1.363413 -0.003244 -0.006835 0.999972 -0.038002 
3 1581 0.973131 0.230228 0.003216 -1.388996 -0.230239 0.973129 0.003342 1.290659 -0.002360 -0.003992 0.999989 -0.033892 
4 1581 0.973833 0.227259 0.001726 -1.086337 -0.227263 0.973830 0.002597 1.221413 -0.001090 -0.002922 0.999996 -0.032096 
5 1581 0.975209 0.221281 -0.000233 -0.778942 -0.221281 0.975210 0.000470 1.154089 0.000331 -0.000407 1.000001 -0.031332 
6 1581 0.977615 0.210397 -0.001692 -0.455863 -0.210398 0.977616 -0.000280 1.100338 0.001595 0.000630 0.999999 -0.024489 
7 1581 0.980838 0.194814 -0.001985 -0.129636 -0.194814 0.980841 0.000516 1.044122 0.002048 -0.000120 0.999998 -0.019304 
8 1581 0.984562 0.175032 -0.000994 0.208479 -0.175027 0.984554 0.004308 1.002352 0.001732 -0.004068 0.999991 -0.013632 
9 1581 0.987881 0.155194 -0.001981 0.558307 -0.155174 0.987854 0.008160 0.967844 0.003223 -0.007754 0.999965 -0.011945 
10 1581 0.990848 0.134954 -0.002540 0.911367 -0.134928 0.990816 0.008829 0.937568 0.003708 -0.008406 0.999958 -0.006664 
11 1581 0.993411 0.114591 -0.001562 1.308346 -0.114578 0.993388 0.007279 0.888455 0.002385 -0.007052 0.999973 -0.003129 
12 1581 0.995250 0.097342 -0.001038 1.697340 -0.097335 0.995236 0.005774 0.857791 0.001596 -0.005645 0.999983 0.001764 
13 1581 0.996701 0.081152 -0.000930 2.076482 -0.081146 0.996684 0.006088 0.842994 0.001421 -0.005992 0.999982 0.005452 
14 1581 0.997906 0.064673 0.000092 2.514044 -0.064673 0.997882 0.007035 0.837707 0.000363 -0.007026 0.999976 0.009763 
15 1581 0.998728 0.050407 -0.000041 2.950138 -0.050405 0.998699 0.007787 0.825455 0.000434 -0.007775 0.999970 0.012783 
16 1581 0.999292 0.037589 -0.000999 3.388886 -0.037582 0.999274 0.006292 0.802496 0.001234 -0.006250 0.999980 0.015817 
17 1581 0.999617 0.027513 -0.002851 3.842182 -0.027504 0.999616 0.003601 0.796410 0.002949 -0.003521 0.999990 0.023814 
0 1582 0.975343 0.220593 0.006631 -2.950200 -0.220663 0.975263 0.013033 1.528695 -0.003592 -0.014175 0.999893 -0.070546 
1 1582 0.972708 0.231915 0.007353 -2.675986 -0.231982 0.972667 0.010158 1.466213 -0.004796 -0.011587 0.999922 -0.052024 
2 1582 0.970625 0.240470 0.007750 -2.387694 -0.240531 0.970607 0.008239 1.386670 -0.005541 -0.009861 0.999937 -0.045354 
3 1582 0.970199 0.242232 0.006215 -2.107651 -0.242267 0.970193 0.005686 1.310456 -0.004652 -0.007022 0.999965 -0.041890 
4 1582 0.970941 0.239275 0.004715 -1.805868 -0.239298 0.970934 0.004960 1.237475 -0.003391 -0.005944 0.999977 -0.040813 
5 1582 0.972395 0.233322 0.002731 -1.499327 -0.233330 0.972394 0.002857 1.166355 -0.001989 -0.003416 0.999993 -0.040786 
6 1582 0.974939 0.222472 0.001262 -1.176919 -0.222474 0.974936 0.002125 1.108627 -0.000758 -0.002352 0.999997 -0.034759 
7 1582 0.978356 0.206928 0.000979 -0.851398 -0.206930 0.978352 0.002925 1.048391 -0.000353 -0.003065 0.999995 -0.030393 
8 1582 0.982323 0.187182 0.002017 -0.513810 -0.187191 0.982301 0.006705 1.002454 -0.000727 -0.006964 0.999976 -0.025610 
9 1582 0.985892 0.167375 0.001078 -0.164432 -0.167377 0.985837 0.010568 0.963625 0.000706 -0.010600 0.999944 -0.024863 
10 1582 0.989111 0.147172 0.000527 0.188241 -0.147168 0.989048 0.011244 0.928995 0.001134 -0.011200 0.999937 -0.020543 
11 1582 0.991922 0.126846 0.001486 0.584592 -0.126855 0.991874 0.009682 0.874982 -0.000246 -0.009793 0.999953 -0.018051 
12 1582 0.993971 0.109625 0.001990 0.973189 -0.109638 0.993939 0.008170 0.839519 -0.001083 -0.008339 0.999965 -0.014223 
13 1582 0.995622 0.093454 0.002103 1.352128 -0.093468 0.995587 0.008483 0.820041 -0.001301 -0.008643 0.999962 -0.011609 
14 1582 0.997027 0.076988 0.003137 1.789602 -0.077014 0.996986 0.009418 0.809350 -0.002402 -0.009631 0.999952 -0.008566 
15 1582 0.998026 0.062731 0.003012 2.225519 -0.062758 0.997977 0.010171 0.791710 -0.002368 -0.010340 0.999945 -0.006793 
16 1582 0.998751 0.049926 0.002037 2.663957 -0.049940 0.998714 0.008688 0.763331 -0.001600 -0.008779 0.999960 -0.004989 
17 1582 0.999205 0.039863 0.000151 3.117165 -0.039863 0.999187 0.006021 0.751656 0.000089 -0.006022 0.999982 0.001695 
18 1582 0.999454 0.032960 -0.002011 3.580836 -0.032945 0.999432 0.007045 0.756513 0.002242 -0.006975 0.999973 0.003951 
0 1583 0.972774 0.231663 0.006564 -3.635456 -0.231735 0.972680 0.013907 1.556848 -0.003163 -0.015049 0.999882 -0.074532 
1 1583 0.970011 0.242954 0.007253 -3.361974 -0.243024 0.969958 0.011024 1.491272 -0.004357 -0.012456 0.999914 -0.055889 
2 1583 0.967831 0.251485 0.007628 -3.074605 -0.251549 0.967802 0.009100 1.408465 -0.005094 -0.010726 0.999930 -0.049079 
3 1583 0.967384 0.253242 0.006064 -2.795447 -0.253280 0.967371 0.006565 1.329077 -0.004203 -0.007887 0.999960 -0.045480 
4 1583 0.968160 0.250293 0.004556 -2.494513 -0.250318 0.968146 0.005856 1.252673 -0.002946 -0.006810 0.999973 -0.044265 
5 1583 0.969682 0.244357 0.002548 -2.188800 -0.244365 0.969676 0.003776 1.178074 -0.001548 -0.004284 0.999990 -0.044101 
6 1583 0.972348 0.233536 0.001071 -1.867070 -0.233538 0.972343 0.003060 1.116692 -0.000327 -0.003226 0.999995 -0.037946 
7 1583 0.975941 0.218032 0.000797 -1.542255 -0.218034 0.975934 0.003864 1.052765 0.000064 -0.003945 0.999992 -0.033450 
8 1583 0.980133 0.198333 0.001878 -1.205212 -0.198341 0.980103 0.007631 1.003000 -0.000327 -0.007852 0.999969 -0.028547 
9 1583 0.983927 0.178569 0.000983 -0.856298 -0.178568 0.983861 0.011505 0.960204 0.001088 -0.011496 0.999934 -0.027685 
10 1583 0.987374 0.158403 0.000440 -0.504043 -0.158397 0.987300 0.012187 0.921574 0.001496 -0.012103 0.999925 -0.023252 
11 1583 0.990416 0.138111 0.001381 -0.108331 -0.138118 0.990359 0.010615 0.863063 0.000098 -0.010704 0.999943 -0.020620 
12 1583 0.992661 0.120914 0.001868 0.279838 -0.120926 0.992620 0.009097 0.823190 -0.000754 -0.009256 0.999957 -0.016671 
13 1583 0.994496 0.104762 0.001985 0.658530 -0.104776 0.994452 0.009409 0.799410 -0.000988 -0.009565 0.999954 -0.013953 
14 1583 0.996088 0.088313 0.003029 1.095854 -0.088341 0.996037 0.010331 0.783752 -0.002104 -0.010558 0.999943 -0.010801 
15 1583 0.997249 0.074069 0.002913 1.531542 -0.074096 0.997189 0.011086 0.761162 -0.002083 -0.011271 0.999935 -0.008913 
16 1583 0.998119 0.061272 0.001920 1.969629 -0.061287 0.998074 0.009614 0.727805 -0.001328 -0.009714 0.999952 -0.006983 
17 1583 0.998688 0.051215 0.000005 2.422673 -0.051214 0.998664 0.006968 0.710987 0.000352 -0.006959 0.999976 -0.000185 
18 1583 0.999015 0.044316 -0.002146 2.886369 -0.044297 0.998986 0.008017 0.710578 0.002499 -0.007914 0.999965 0.002171 
19 1583 0.999324 0.036516 -0.004231 3.383535 -0.036480 0.999299 0.008430 0.697402 0.004536 -0.008270 0.999955 0.001125 
20 1583 0.999543 0.029515 -0.006564 3.859566 -0.029458 0.999529 0.008586 0.681724 0.006815 -0.008389 0.999942 0.004855 
3 1584 0.967036 0.254617 0.003380 -3.508250 -0.254636 0.967003 0.008138 1.325756 -0.001196 -0.008730 0.999961 -0.064991 
4 1584 0.967812 0.251667 0.001871 -3.207427 -0.251673 0.967784 0.007431 1.248934 0.000059 -0.007663 0.999971 -0.062844 
5 1584 0.969339 0.245725 -0.000140 -2.901821 -0.245721 0.969326 0.005354 1.173909 0.001451 -0.005155 0.999986 -0.061739 
6 1584 0.972017 0.234905 -0.001618 -2.580195 -0.234896 0.972009 0.004640 1.112087 0.002663 -0.004130 0.999988 -0.054620 
7 1584 0.975631 0.219409 -0.001891 -2.255483 -0.219396 0.975621 0.005444 1.047714 0.003039 -0.004897 0.999983 -0.049148 
8 1584 0.979851 0.199726 -0.000804 -1.918525 -0.199710 0.979812 0.009210 0.997487 0.002628 -0.008864 0.999957 -0.043258 
9 1584 0.983669 0.179977 -0.001694 -1.569675 -0.179939 0.983591 0.013085 0.954205 0.004022 -0.012567 0.999913 -0.041387 
10 1584 0.987143 0.159818 -0.002236 -1.217487 -0.159772 0.987058 0.013768 0.915090 0.004408 -0.013234 0.999902 -0.035944 
11 1584 0.990217 0.139526 -0.001297 -0.821867 -0.139500 0.990147 0.012194 0.856031 0.002986 -0.011894 0.999925 -0.032153 
12 1584 0.992488 0.122329 -0.000812 -0.433767 -0.122313 0.992435 0.010676 0.815623 0.002112 -0.010496 0.999942 -0.027094 
13 1584 0.994347 0.106180 -0.000696 -0.055117 -0.106166 0.994288 0.010987 0.791318 0.001858 -0.010851 0.999939 -0.023318 
14 1584 0.995965 0.089736 0.000350 0.382174 -0.089734 0.995895 0.011908 0.775055 0.000720 -0.011892 0.999929 -0.018962 
15 1584 0.997146 0.075495 0.000235 0.817823 -0.075492 0.997066 0.012663 0.751859 0.000722 -0.012645 0.999920 -0.015864 
16 1584 0.998032 0.062696 -0.000759 1.255855 -0.062683 0.997971 0.011193 0.717894 0.001460 -0.011123 0.999936 -0.012701 
17 1584 0.998610 0.052632 -0.002679 1.708856 -0.052608 0.998579 0.008550 0.700455 0.003125 -0.008397 0.999960 -0.004655 
18 1584 0.998941 0.045736 -0.004828 2.172543 -0.045687 0.998909 0.009602 0.699401 0.005262 -0.009371 0.999942 -0.001049 
19 1584 0.999256 0.037938 -0.006913 2.669691 -0.037867 0.999233 0.010018 0.685530 0.007287 -0.009749 0.999925 -0.000734 
20 1584 0.999478 0.030937 -0.009246 3.145687 -0.030843 0.999472 0.010177 0.669193 0.009556 -0.009886 0.999905 0.004304 
21 1584 0.999714 0.021116 -0.011212 3.660235 -0.021044 0.999757 0.006498 0.653920 0.011346 -0.006260 0.999916 0.012042 
5 1585 0.964751 0.263146 -0.003082 -3.609397 -0.263123 0.964741 0.006279 1.223575 0.004625 -0.005247 0.999977 -0.079204 
6 1585 0.967620 0.252373 -0.004572 -3.288959 -0.252347 0.967620 0.005592 1.155982 0.005836 -0.004257 0.999974 -0.071049 
7 1585 0.971511 0.236946 -0.004831 -2.965476 -0.236914 0.971509 0.006401 1.085781 0.006210 -0.005074 0.999968 -0.064528 
8 1585 0.976086 0.217354 -0.003677 -2.629496 -0.217308 0.976050 0.010146 1.029503 0.005794 -0.009105 0.999943 -0.057565 
9 1585 0.980255 0.197688 -0.004497 -2.281488 -0.197608 0.980181 0.014037 0.979953 0.007182 -0.012871 0.999892 -0.054592 
10 1585 0.984091 0.177596 -0.005026 -1.930079 -0.177506 0.984009 0.014729 0.934511 0.007562 -0.013603 0.999879 -0.048039 
11 1585 0.987533 0.157359 -0.004116 -1.535599 -0.157294 0.987464 0.013139 0.868346 0.006132 -0.012328 0.999906 -0.042988 
12 1585 0.990116 0.140202 -0.003658 -1.148306 -0.140151 0.990062 0.011612 0.820965 0.005250 -0.010984 0.999926 -0.036709 
13 1585 0.992265 0.124090 -0.003536 -0.770168 -0.124041 0.992206 0.011921 0.789854 0.004988 -0.011390 0.999923 -0.031755 
14 1585 0.994182 0.107681 -0.002474 -0.333256 -0.107642 0.994107 0.012823 0.765728 0.003840 -0.012482 0.999916 -0.026049 
15 1585 0.995619 0.093466 -0.002575 0.101894 -0.093423 0.995533 0.013580 0.734700 0.003833 -0.013280 0.999905 -0.021601 
16 1585 0.996734 0.080681 -0.003596 0.539233 -0.080631 0.996670 0.012128 0.692860 0.004563 -0.011799 0.999920 -0.017069 
17 1585 0.997488 0.070621 -0.005563 0.991820 -0.070567 0.997461 0.009520 0.667279 0.006221 -0.009103 0.999940 -0.007625 
18 1585 0.997937 0.063735 -0.007693 1.455400 -0.063651 0.997915 0.010610 0.657885 0.008353 -0.010098 0.999914 -0.002602 
19 1585 0.998386 0.055945 -0.009769 1.952215 -0.055837 0.998378 0.011064 0.635070 0.010373 -0.010500 0.999891 -0.000756 
20 1585 0.998728 0.048950 -0.012099 2.427823 -0.048815 0.998744 0.011265 0.610175 0.012635 -0.010660 0.999864 0.005750 
21 1585 0.999135 0.039125 -0.014131 2.941987 -0.039021 0.999209 0.007622 0.585652 0.014418 -0.007064 0.999872 0.015073 
22 1585 0.999391 0.031444 -0.015169 3.473034 -0.031419 0.999504 0.001883 0.573141 0.015221 -0.001405 0.999884 0.029587 
7 1586 0.969251 0.246001 -0.005910 -3.692748 -0.245959 0.969255 0.007079 1.101028 0.007470 -0.005407 0.999957 -0.082609 
8 1586 0.974010 0.226457 -0.004722 -3.357315 -0.226397 0.973975 0.010813 1.041624 0.007047 -0.009463 0.999931 -0.075226 
9 1586 0.978360 0.206834 -0.005505 -3.009788 -0.206736 0.978287 0.014711 0.988832 0.008428 -0.013255 0.999877 -0.071823 
10 1586 0.982383 0.186781 -0.006028 -2.658827 -0.186671 0.982302 0.015409 0.940120 0.008800 -0.014012 0.999863 -0.064839 
11 1586 0.986015 0.166575 -0.005133 -2.264988 -0.166492 0.985946 0.013810 0.870282 0.007361 -0.012762 0.999892 -0.059295 
12 1586 0.988759 0.149441 -0.004689 -1.878160 -0.149375 0.988705 0.012279 0.819296 0.006471 -0.011440 0.999913 -0.052543 
13 1586 0.991058 0.133351 -0.004564 -1.500335 -0.133285 0.990999 0.012587 0.784663 0.006202 -0.011866 0.999910 -0.047136 
14 1586 0.993130 0.116962 -0.003494 -1.063673 -0.116906 0.993052 0.013479 0.756467 0.005046 -0.012978 0.999903 -0.040915 
15 1586 0.994699 0.102761 -0.003588 -0.628838 -0.102701 0.994610 0.014237 0.721385 0.005032 -0.013793 0.999892 -0.035949 
16 1586 0.995932 0.089985 -0.004622 -0.191914 -0.089919 0.995867 0.012794 0.675472 0.005755 -0.012327 0.999907 -0.030890 
17 1586 0.996778 0.079930 -0.006613 0.260405 -0.079861 0.996754 0.010205 0.645678 0.007407 -0.009644 0.999926 -0.020912 
18 1586 0.997289 0.073050 -0.008733 0.723870 -0.072949 0.997271 0.011315 0.631964 0.009536 -0.010647 0.999897 -0.015351 
19 1586 0.997809 0.065265 -0.010805 1.220448 -0.065138 0.997807 0.011788 0.604518 0.011551 -0.011058 0.999872 -0.012922 
20 1586 0.998214 0.058274 -0.013133 1.695796 -0.058118 0.998237 0.012010 0.575193 0.013810 -0.011226 0.999842 -0.005856 
21 1586 0.998710 0.048450 -0.015199 2.209697 -0.048327 0.998796 0.008387 0.545883 0.015587 -0.007642 0.999849 0.004071 
22 1586 0.999036 0.040765 -0.016291 2.740587 -0.040728 0.999167 0.002657 0.528430 0.016385 -0.001991 0.999864 0.019202 
23 1586 0.999315 0.032119 -0.018392 3.271436 -0.032079 0.999482 0.002428 0.517349 0.018460 -0.001837 0.999827 0.036691 
24 1586 0.999463 0.023441 -0.022870 3.833293 -0.023288 0.999705 0.006996 0.519350 0.023027 -0.006459 0.999714 0.040769 
9 1587 0.976604 0.215011 -0.003725 -3.735733 -0.214945 0.976538 0.013146 1.011157 0.006464 -0.012038 0.999907 -0.071736 
10 1587 0.980796 0.194990 -0.004242 -3.385181 -0.194915 0.980722 0.013848 0.959492 0.006861 -0.012756 0.999895 -0.065416 
11 1587 0.984595 0.174818 -0.003360 -2.991933 -0.174765 0.984533 0.012242 0.886346 0.005448 -0.011466 0.999920 -0.060642 
12 1587 0.987481 0.157710 -0.002929 -2.605536 -0.157670 0.987434 0.010707 0.832107 0.004581 -0.010111 0.999938 -0.054617 
13 1587 0.989915 0.141639 -0.002802 -2.228005 -0.141600 0.989863 0.011014 0.794299 0.004333 -0.010506 0.999936 -0.049897 
14 1587 0.992121 0.125266 -0.001724 -1.791587 -0.125237 0.992055 0.011897 0.762433 0.003201 -0.011588 0.999928 -0.044450 
15 1587 0.993810 0.111077 -0.001812 -1.357053 -0.111045 0.993734 0.012656 0.723698 0.003206 -0.012376 0.999919 -0.040266 
16 1587 0.995151 0.098315 -0.002858 -0.920521 -0.098276 0.995095 0.011222 0.674114 0.003947 -0.010887 0.999933 -0.036011 
17 1587 0.996084 0.088272 -0.004870 -0.468454 -0.088228 0.996062 0.008649 0.640513 0.005615 -0.008185 0.999951 -0.026836 
18 1587 0.996657 0.081395 -0.006981 -0.005110 -0.081324 0.996639 0.009777 0.622905 0.007753 -0.009176 0.999928 -0.022071 
19 1587 0.997246 0.073614 -0.009049 0.491223 -0.073520 0.997240 0.010267 0.591292 0.009780 -0.009573 0.999906 -0.020516 
20 1587 0.997713 0.066627 -0.011375 0.966319 -0.066508 0.997730 0.010510 0.557971 0.012049 -0.009729 0.999880 -0.014290 
21 1587 0.998294 0.056813 -0.013471 1.479972 -0.056724 0.998365 0.006903 0.524336 0.013841 -0.006127 0.999886 -0.005269 
22 1587 0.998685 0.049141 -0.014611 2.010722 -0.049129 0.998792 0.001183 0.502408 0.014651 -0.000464 0.999893 0.008947 
23 1587 0.999040 0.040499 -0.016714 2.541488 -0.040487 0.999179 0.000972 0.486848 0.016740 -0.000294 0.999860 0.025533 
24 1587 0.999269 0.031815 -0.021154 3.103348 -0.031704 0.999481 0.005577 0.484132 0.021320 -0.004902 0.999761 0.028675 
25 1587 0.999435 0.023454 -0.024083 3.666742 -0.023231 0.999685 0.009462 0.479368 0.024297 -0.008897 0.999666 0.041793 
11 1588 0.981697 0.190447 0.001069 -3.681320 -0.190447 0.981633 0.011229 0.908483 0.001090 -0.011227 0.999937 -0.056801 
12 1588 0.984851 0.173393 0.001475 -3.295815 -0.173399 0.984805 0.009688 0.848085 0.000227 -0.009797 0.999952 -0.052472 
13 1588 0.987540 0.157361 0.001607 -2.918920 -0.157370 0.987490 0.009993 0.804256 -0.000015 -0.010122 0.999949 -0.049394 
14 1588 0.990002 0.141020 0.002699 -2.483045 -0.141042 0.989945 0.010859 0.765431 -0.001141 -0.011131 0.999938 -0.045835 
15 1588 0.991917 0.126858 0.002623 -2.049170 -0.126880 0.991850 0.011619 0.719768 -0.001128 -0.011858 0.999930 -0.043536 
16 1588 0.993465 0.114125 0.001554 -1.613471 -0.114134 0.993413 0.010202 0.663227 -0.000380 -0.010313 0.999947 -0.041185 
17 1588 0.994566 0.104111 -0.000499 -1.161961 -0.104104 0.994537 0.007661 0.622412 0.001294 -0.007568 0.999971 -0.033965 
18 1588 0.995257 0.097239 -0.002591 -0.698942 -0.097213 0.995224 0.008822 0.597414 0.003437 -0.008529 0.999958 -0.031187 
19 1588 0.995979 0.089467 -0.004651 -0.203174 -0.089421 0.995950 0.009346 0.557890 0.005469 -0.008892 0.999946 -0.031772 
20 1588 0.996568 0.082488 -0.006973 0.271353 -0.082420 0.996551 0.009625 0.516992 0.007743 -0.009018 0.999930 -0.027599 
21 1588 0.997312 0.072701 -0.009126 0.784438 -0.072648 0.997339 0.006053 0.475162 0.009542 -0.005374 0.999940 -0.020794 
22 1588 0.997827 0.065061 -0.010357 1.314826 -0.065061 0.997882 0.000352 0.444759 0.010358 0.000323 0.999947 -0.008856 
23 1588 0.998329 0.056426 -0.012463 1.845340 -0.056428 0.998406 0.000174 0.420722 0.012453 0.000530 0.999922 0.005458 
24 1588 0.998718 0.047730 -0.016829 2.407094 -0.047655 0.998852 0.004849 0.409044 0.017041 -0.004041 0.999847 0.006210 
25 1588 0.999031 0.039356 -0.019697 2.970393 -0.039188 0.999194 0.008781 0.395285 0.020026 -0.008001 0.999768 0.016929 
26 1588 0.999312 0.029941 -0.021899 3.551520 -0.029803 0.999535 0.006558 0.381103 0.022086 -0.005901 0.999739 0.031427 
13 1589 0.985867 0.167412 0.006358 -3.615793 -0.167472 0.985822 0.010478 0.834371 -0.004513 -0.011394 0.999925 -0.036940 
14 1589 0.988491 0.151093 0.007458 -3.180327 -0.151171 0.988443 0.011332 0.791086 -0.005660 -0.012329 0.999909 -0.035382 
15 1589 0.990551 0.136947 0.007390 -2.746936 -0.137029 0.990493 0.012093 0.740986 -0.005664 -0.012991 0.999900 -0.035073 
16 1589 0.992232 0.124238 0.006307 -2.311833 -0.124299 0.992187 0.010687 0.679988 -0.004930 -0.011388 0.999923 -0.034714 
17 1589 0.993443 0.114249 0.004228 -1.860736 -0.114280 0.993415 0.008168 0.634556 -0.003267 -0.008597 0.999958 -0.029567 
18 1589 0.994215 0.107380 0.002147 -1.397989 -0.107395 0.994172 0.009350 0.604820 -0.001131 -0.009527 0.999954 -0.028926 
19 1589 0.995026 0.099615 0.000092 -0.902659 -0.099611 0.994977 0.009895 0.560223 0.000894 -0.009855 0.999951 -0.031791 
20 1589 0.995697 0.092641 -0.002226 -0.428562 -0.092614 0.995650 0.010198 0.514470 0.003161 -0.009948 0.999946 -0.029799 
21 1589 0.996549 0.082880 -0.004416 0.084094 -0.082850 0.996540 0.006648 0.467394 0.004952 -0.006259 0.999968 -0.025353 
22 1589 0.997146 0.075273 -0.005705 0.614193 -0.075268 0.997163 0.000960 0.431568 0.005761 -0.000527 0.999983 -0.015860 
23 1589 0.997746 0.066645 -0.007813 1.144495 -0.066640 0.997776 0.000803 0.402108 0.007849 -0.000281 0.999969 -0.003996 
24 1589 0.998246 0.057932 -0.012131 1.706098 -0.057869 0.998309 0.005523 0.384680 0.012431 -0.004811 0.999911 -0.005847 
25 1589 0.998660 0.049543 -0.014958 2.269268 -0.049404 0.998734 0.009484 0.365160 0.015409 -0.008732 0.999843 0.002265 
26 1589 0.999046 0.040142 -0.017184 2.850283 -0.040021 0.999172 0.007283 0.345036 0.017462 -0.006589 0.999826 0.014072 
27 1589 0.999355 0.030644 -0.018744 3.433619 -0.030539 0.999516 0.005852 0.339813 0.018914 -0.005276 0.999807 0.031182 
15 1590 0.989088 0.146937 0.010705 -3.497632 -0.147076 0.989030 0.013651 0.774188 -0.008581 -0.015077 0.999850 -0.037322 
16 1590 0.990900 0.134251 0.009607 -3.063169 -0.134363 0.990856 0.012256 0.708781 -0.007874 -0.013435 0.999879 -0.038244 
17 1590 0.992218 0.124283 0.007503 -2.612543 -0.124354 0.992190 0.009758 0.658786 -0.006231 -0.010615 0.999925 -0.034454 
18 1590 0.993067 0.117420 0.005435 -2.150121 -0.117473 0.993015 0.010962 0.624360 -0.004109 -0.011524 0.999925 -0.035232 
19 1590 0.993963 0.109662 0.003385 -1.655281 -0.109694 0.993898 0.011527 0.574737 -0.002101 -0.011829 0.999928 -0.039596 
20 1590 0.994712 0.102695 0.001070 -1.181668 -0.102701 0.994641 0.011853 0.524183 0.000153 -0.011901 0.999930 -0.039034 
21 1590 0.995669 0.092956 -0.001156 -0.669503 -0.092943 0.995636 0.008326 0.471917 0.001925 -0.008182 0.999965 -0.036138 
22 1590 0.996346 0.085373 -0.002502 -0.139768 -0.085367 0.996346 0.002651 0.430734 0.002719 -0.002428 0.999994 -0.028269 
23 1590 0.997039 0.076753 -0.004612 0.390244 -0.076741 0.997047 0.002516 0.395917 0.004791 -0.002155 0.999986 -0.018040 
24 1590 0.997643 0.068031 -0.008882 0.951632 -0.067968 0.997660 0.007279 0.372792 0.009357 -0.006658 0.999935 -0.021645 
25 1590 0.998152 0.059635 -0.011669 1.514600 -0.059504 0.998164 0.011268 0.347575 0.012320 -0.010553 0.999869 -0.015290 
26 1590 0.998640 0.050246 -0.013917 2.095414 -0.050122 0.998701 0.009091 0.321580 0.014356 -0.008381 0.999862 -0.005294 
27 1590 0.999049 0.040756 -0.015492 2.678720 -0.040640 0.999143 0.007675 0.310469 0.015791 -0.007039 0.999851 0.009972 
28 1590 0.999266 0.033715 -0.018162 3.283248 -0.033561 0.999398 0.008720 0.293947 0.018445 -0.008104 0.999798 0.022556 
29 1590 0.999459 0.024661 -0.021710 3.892730 -0.024438 0.999646 0.010529 0.285062 0.021962 -0.009993 0.999709 0.032831 
