0 11 0.999050 0.043569 0.000303 -9.134962 -0.043567 0.999042 -0.004049 0.075095 -0.000480 0.004032 0.999992 -0.076164 
12 23 0.999867 0.016140 0.002149 -9.662605 -0.016137 0.999868 -0.001804 0.019059 -0.002178 0.001769 0.999996 -0.051864 
24 34 0.999922 -0.008206 -0.009435 -9.503703 0.008239 0.999960 0.003453 -0.078245 0.009406 -0.003531 0.999950 -0.091808 
35 44 0.999943 0.009931 -0.003985 -8.979317 -0.009917 0.999944 0.003587 -0.002134 0.004021 -0.003547 0.999986 -0.153288 
45 55 0.999971 0.004779 0.005846 -9.871215 -0.004752 0.999978 -0.004640 -0.037969 -0.005868 0.004612 0.999972 -0.085006 
56 66 0.999967 0.007343 0.003439 -9.489991 -0.007356 0.999966 0.003604 0.006088 -0.003413 -0.003629 0.999988 -0.063901 
67 79 0.999860 0.015731 -0.005735 -9.870928 -0.015829 0.999722 -0.017479 -0.005682 0.005458 0.017567 0.999831 -0.136324 
80 98 0.984177 -0.176532 -0.015240 -9.882333 0.176627 0.984264 0.005135 -1.419042 0.014093 -0.007745 0.999871 -0.264375 
99 126 0.263405 -0.964556 0.015818 -8.540742 0.964409 0.263686 0.019633 -4.640109 -0.023109 0.010084 0.999682 0.142665 
127 144 0.995061 -0.098645 -0.011076 -9.955618 0.098910 0.994738 0.026712 -0.119223 0.008383 -0.027676 0.999582 -0.051965 
145 157 0.999659 0.026099 -0.000299 -9.658993 -0.026100 0.999476 -0.019147 -0.019251 -0.000201 0.019148 0.999817 -0.056679 
158 170 0.996957 -0.077584 -0.007588 -9.698028 0.077454 0.996866 -0.016066 -0.547527 0.008811 0.015429 0.999842 -0.164846 
171 184 0.995738 -0.092026 -0.006065 -9.578831 0.092106 0.995644 0.014505 -0.323423 0.004704 -0.015002 0.999876 -0.173404 
185 204 0.801166 0.598435 0.003039 -9.143155 -0.598407 0.801163 -0.006876 3.917731 -0.006549 0.003690 0.999972 -0.110599 
205 225 0.724200 0.689489 -0.011793 -9.477223 -0.689575 0.723969 -0.018809 1.557507 -0.004431 0.021754 0.999754 -0.015329 
226 241 0.999750 -0.017830 -0.013492 -9.960181 0.017927 0.999814 0.007134 0.018808 0.013363 -0.007374 0.999884 -0.118645 
242 254 0.999881 0.015348 0.001551 -9.782325 -0.015328 0.999807 -0.012293 -0.064490 -0.001739 0.012268 0.999923 -0.055557 
255 266 0.999789 -0.012892 0.015996 -9.388594 0.012720 0.999861 0.010801 -0.053926 -0.016133 -0.010596 0.999814 0.054965 
267 279 0.999613 0.026669 -0.007872 -9.961356 -0.026758 0.999577 -0.011379 0.065912 0.007565 0.011585 0.999904 -0.065040 
280 292 0.998116 0.061340 0.001633 -9.663025 -0.061351 0.998090 0.007316 0.274699 -0.001182 -0.007402 0.999972 -0.055956 
293 305 0.996806 0.079743 0.004426 -9.864230 -0.079599 0.996476 -0.026446 0.186738 -0.006520 0.026009 0.999640 -0.032275 
306 318 0.997590 0.069299 0.003521 -9.912034 -0.069384 0.996799 0.039722 0.358276 -0.000757 -0.039870 0.999205 -0.005101 
319 330 0.999299 0.031613 -0.020032 -9.324060 -0.032008 0.999293 -0.019729 0.002884 0.019394 0.020356 0.999605 -0.149433 
331 342 0.999942 0.010144 -0.003585 -9.288424 -0.010157 0.999942 -0.003730 -0.017324 0.003547 0.003766 0.999987 -0.174572 
343 356 0.999955 -0.006838 0.006587 -9.719794 0.006819 0.999972 0.003020 -0.137267 -0.006607 -0.002975 0.999974 -0.074578 
357 372 0.998043 -0.062525 -0.001175 -9.712405 0.062523 0.998042 -0.001914 -0.207244 0.001293 0.001837 0.999997 -0.164276 
373 387 0.999095 0.039124 -0.016693 -9.584456 -0.038409 0.998414 0.041166 0.155766 0.018277 -0.040487 0.999013 -0.151515 
388 403 0.999844 0.012821 -0.012117 -9.919003 -0.012514 0.999607 0.025082 0.099132 0.012433 -0.024926 0.999612 -0.245862 
404 426 0.596231 0.800045 -0.066607 -8.445690 -0.802387 0.591159 -0.081886 4.726818 -0.026137 0.102268 0.994413 -0.227735 
427 446 0.835082 0.548961 0.035773 -9.452784 -0.548647 0.835840 -0.018935 1.064424 -0.040295 -0.003815 0.999180 0.082855 
447 459 0.999886 -0.014784 -0.002969 -9.448737 0.014828 0.999776 0.015134 -0.092591 0.002745 -0.015177 0.999881 -0.068170 
460 471 0.999730 0.023030 -0.003036 -9.677490 -0.023007 0.999707 0.007460 0.087638 0.003206 -0.007388 0.999968 -0.118211 
472 483 0.999928 -0.011233 0.004298 -9.376133 0.011230 0.999937 0.000703 -0.136246 -0.004305 -0.000654 0.999990 -0.110103 
484 496 0.999458 0.032406 -0.005715 -9.729102 -0.032446 0.999449 -0.007056 0.147416 0.005483 0.007237 0.999959 -0.119783 
497 511 0.999957 -0.009296 -0.000803 -9.865989 0.009267 0.999490 -0.030547 -0.235349 0.001087 0.030538 0.999533 -0.149495 
512 563 0.992825 -0.117830 0.020378 -9.810350 0.117457 0.992903 0.018642 -0.641418 -0.022430 -0.016115 0.999619 0.111346 
564 595 0.255751 -0.966377 -0.026578 -8.068960 0.966712 0.255863 -0.000850 -5.454497 0.007622 -0.025475 0.999646 0.000893 
596 610 0.989325 -0.145466 -0.008689 -9.571071 0.145566 0.989272 0.012325 -0.240358 0.006802 -0.013458 0.999886 -0.076380 
611 622 0.999912 0.007521 0.010907 -9.668817 -0.007566 0.999963 0.004081 -0.012888 -0.010876 -0.004163 0.999932 0.049074 
623 632 0.999952 0.001928 -0.009556 -9.062609 -0.001921 0.999998 0.000763 -0.031891 0.009558 -0.000745 0.999954 -0.034338 
633 642 0.999879 0.014296 -0.006158 -9.501504 -0.014306 0.999896 -0.001540 0.011310 0.006136 0.001628 0.999980 -0.152869 
643 652 0.999995 -0.001874 0.002684 -9.332948 0.001892 0.999977 -0.006521 -0.068770 -0.002671 0.006526 0.999975 -0.133455 
653 662 0.999984 -0.003017 0.004753 -9.202755 0.003105 0.999824 -0.018491 -0.093337 -0.004696 0.018505 0.999818 -0.069462 
663 672 0.999983 -0.005125 0.002731 -9.436198 0.005129 0.999986 -0.001648 -0.076968 -0.002723 0.001662 0.999995 -0.038946 
673 682 0.999944 -0.000526 -0.010544 -9.690481 0.000634 0.999947 0.010241 -0.041515 0.010538 -0.010247 0.999892 -0.097710 
683 692 0.999967 0.004809 -0.006524 -9.414094 -0.004676 0.999782 0.020345 0.011801 0.006620 -0.020314 0.999772 -0.150754 
693 703 0.999967 0.007568 0.003032 -9.541986 -0.007562 0.999970 -0.001894 -0.024119 -0.003047 0.001871 0.999994 -0.118663 
704 717 0.999811 -0.019456 -0.000076 -9.688915 0.019456 0.999802 0.004124 -0.124418 -0.000005 -0.004125 0.999991 -0.116734 
718 740 0.775119 0.630362 -0.042831 -8.821851 -0.631490 0.775113 -0.020499 4.026787 0.020277 0.042937 0.998872 -0.353458 
741 759 0.633019 0.774107 -0.006741 -9.164088 -0.773905 0.632594 -0.029922 2.373895 -0.018898 0.024159 0.999529 -0.030605 
760 773 0.999363 -0.034200 -0.010208 -9.515445 0.034063 0.999332 -0.013249 -0.245941 0.010654 0.012893 0.999860 -0.096828 
774 785 0.999743 -0.020084 -0.010548 -9.857926 0.020117 0.999793 0.003018 -0.072838 0.010485 -0.003229 0.999940 -0.065090 
786 796 0.999738 0.021048 -0.009021 -9.155378 -0.021114 0.999751 -0.007279 0.068762 0.008865 0.007467 0.999933 -0.166543 
797 808 0.999950 -0.009606 0.002660 -9.838147 0.009625 0.999929 -0.007014 -0.201677 -0.002592 0.007040 0.999972 -0.123109 
809 820 0.998543 -0.053720 -0.005140 -9.605883 0.053738 0.998549 0.003388 -0.277653 0.004951 -0.003659 0.999981 -0.171109 
821 835 0.999242 0.038536 0.005577 -9.773709 -0.038659 0.998962 0.024096 0.302034 -0.004643 -0.024294 0.999694 -0.147485 
836 852 0.997371 0.070269 0.017678 -9.680815 -0.069980 0.997412 -0.016483 0.125823 -0.018791 0.015202 0.999708 -0.018707 
853 866 0.999166 -0.040734 -0.002885 -9.937855 0.040658 0.998913 -0.022794 -0.307794 0.003811 0.022658 0.999736 0.113072 
867 877 0.997974 -0.063014 -0.008808 -9.397988 0.063108 0.997948 0.010823 -0.299879 0.008108 -0.011357 0.999903 -0.095164 
878 888 0.999758 0.021973 -0.000504 -9.945297 -0.021961 0.999609 0.017313 0.120338 0.000884 -0.017298 0.999850 -0.068868 
889 899 0.999618 0.025812 -0.009876 -9.753433 -0.025813 0.999667 -0.000035 0.075016 0.009871 0.000290 0.999951 -0.212702 
900 910 0.999953 0.007540 -0.006013 -9.438145 -0.007561 0.999965 -0.003565 -0.055298 0.005986 0.003611 0.999976 -0.120457 
911 922 0.999847 -0.011662 -0.013063 -9.728580 0.011767 0.999899 0.007962 -0.094856 0.012969 -0.008114 0.999883 -0.186787 
923 938 0.997911 0.064444 0.004503 -9.784583 -0.064465 0.997909 0.004590 0.427801 -0.004197 -0.004871 0.999979 -0.155146 
939 959 0.428086 0.903422 -0.023895 -8.313526 -0.903722 0.428086 -0.005346 5.213802 0.005399 0.023883 0.999700 -0.215268 
960 975 0.951684 0.306575 0.017572 -9.937096 -0.306297 0.951787 -0.016867 0.679070 -0.021896 0.010670 0.999703 0.071117 
976 987 0.999629 0.027120 -0.002536 -9.280453 -0.027149 0.999556 -0.012309 -0.052664 0.002201 0.012374 0.999921 -0.028284 
988 998 0.999558 -0.024679 -0.016603 -9.304654 0.024490 0.999634 -0.011477 -0.183493 0.016880 0.011065 0.999796 -0.145582 
999 1009 0.999752 -0.022234 -0.001514 -9.393503 0.022218 0.999706 -0.009745 -0.181280 0.001730 0.009709 0.999951 -0.116398 
1010 1020 0.999997 0.001798 0.001830 -9.510810 -0.001791 0.999990 -0.004008 -0.043171 -0.001837 0.004005 0.999990 -0.049811 
1021 1031 0.999857 -0.016910 -0.000561 -9.305377 0.016912 0.999845 0.004865 -0.109130 0.000478 -0.004874 0.999988 -0.102710 
1032 1042 0.999698 0.024423 0.002752 -9.371420 -0.024446 0.999663 0.008678 0.027133 -0.002539 -0.008743 0.999959 -0.033668 
1043 1053 0.999622 -0.018562 -0.020262 -9.728921 0.018657 0.999816 0.004506 -0.155544 0.020175 -0.004882 0.999785 -0.138540 
1054 1064 0.999807 0.019605 0.001524 -9.862087 -0.019599 0.999802 -0.003456 0.015377 -0.001591 0.003426 0.999993 -0.080514 
1065 1075 0.999943 0.010000 0.003756 -10.005720 -0.010024 0.999929 0.006386 -0.041269 -0.003692 -0.006423 0.999973 -0.168812 
1076 1086 0.999870 -0.015709 -0.003590 -9.784879 0.015736 0.999848 0.007517 -0.111823 0.003471 -0.007573 0.999965 -0.157255 
1087 1098 0.999813 -0.019342 -0.000066 -9.609274 0.019341 0.999788 -0.007112 -0.201381 0.000203 0.007110 0.999975 -0.144567 
1099 1115 0.998948 0.045835 0.001334 -9.930525 -0.045853 0.998713 0.021662 0.471607 -0.000340 -0.021700 0.999764 -0.155408 
1116 1138 0.444298 0.895845 -0.007825 -8.801421 -0.895848 0.444192 -0.012270 4.785368 -0.007516 0.012462 0.999894 -0.000157 
1139 1153 0.954017 0.299501 0.012315 -9.674868 -0.299316 0.954039 -0.014835 0.518981 -0.016192 0.010467 0.999814 0.101248 
1154 1165 0.999660 0.020570 -0.016012 -9.095698 -0.020359 0.999706 0.013202 0.028760 0.016279 -0.012872 0.999785 -0.089427 
1166 1177 0.998787 0.049073 -0.003935 -9.911923 -0.049053 0.998783 0.005146 0.204866 0.004183 -0.004946 0.999979 -0.112048 
1178 1189 0.999992 0.003777 -0.001353 -9.744742 -0.003820 0.999441 -0.033201 -0.169766 0.001227 0.033206 0.999448 -0.063470 
1190 1204 0.997698 -0.067691 0.004005 -10.005098 0.067671 0.997695 0.005041 -0.445315 -0.004337 -0.004759 0.999979 -0.092264 
1205 1222 0.988022 0.154295 -0.002412 -9.911377 -0.154143 0.987543 0.031604 1.239718 0.007259 -0.030854 0.999498 -0.041524 
1223 1242 0.583859 0.811855 0.000478 -8.898830 -0.811811 0.583821 0.010720 4.124922 0.008424 -0.006647 0.999942 -0.095549 
1243 1263 0.991565 -0.128965 -0.012955 -9.440638 0.128969 0.991648 -0.000537 -2.156120 0.012916 -0.001138 0.999916 -0.178014 
1264 1288 0.601729 -0.798694 0.003342 -9.525926 0.798680 0.601738 0.004625 -2.448560 -0.005705 -0.000114 0.999984 0.054510 
1289 1303 0.999588 -0.028197 -0.005345 -9.716056 0.028164 0.999584 -0.006179 -0.191235 0.005517 0.006026 0.999967 -0.036956 
1304 1315 0.999883 -0.015074 0.002644 -9.222613 0.015061 0.999874 0.004927 -0.080308 -0.002718 -0.004886 0.999984 -0.059313 
1316 1327 0.999589 0.025372 -0.013321 -9.670137 -0.025295 0.999662 0.005969 0.059312 0.013468 -0.005629 0.999893 -0.237615 
1328 1339 0.999984 0.005084 0.002327 -9.246435 -0.005099 0.999965 0.006584 -0.009334 -0.002293 -0.006596 0.999976 -0.149312 
1340 1353 0.999913 0.013176 0.000144 -9.975990 -0.013172 0.999809 -0.014415 -0.017347 -0.000334 0.014412 0.999896 -0.134246 
1354 1370 0.998553 -0.053495 -0.005531 -9.736850 0.053472 0.998560 -0.004220 -0.423207 0.005749 0.003918 0.999976 -0.159045 
1371 1409 0.703848 -0.710330 0.005421 -8.793209 0.710292 0.703867 0.007511 -4.588757 -0.009151 -0.001436 0.999957 0.021254 
1410 1427 0.763114 -0.646171 -0.010959 -9.329450 0.646264 0.763025 0.011652 -1.826799 0.000833 -0.015974 0.999872 -0.040118 
1428 1439 0.999874 -0.015858 0.000819 -9.533431 0.015846 0.999778 0.013899 0.010529 -0.001039 -0.013884 0.999903 0.013343 
1440 1449 0.999579 0.028889 -0.002846 -9.391362 -0.028891 0.999582 -0.000656 0.077718 0.002826 0.000738 0.999996 -0.050426 
1450 1458 0.999936 0.011157 -0.001689 -9.039851 -0.011160 0.999936 -0.001923 -0.011745 0.001667 0.001942 0.999997 -0.072568 
1459 1467 0.999954 -0.008430 -0.004621 -9.394023 0.008402 0.999946 -0.006101 -0.098788 0.004672 0.006062 0.999971 -0.098676 
1468 1476 0.999924 -0.011690 0.003829 -9.832437 0.011652 0.999885 0.009732 -0.072221 -0.003942 -0.009687 0.999945 -0.029927 
1477 1484 0.999996 -0.002531 0.000982 -8.947248 0.002536 0.999985 -0.004780 -0.043170 -0.000970 0.004783 0.999988 -0.033392 
1485 1492 0.999987 0.003662 -0.003564 -9.117437 -0.003648 0.999986 0.003839 -0.014360 0.003578 -0.003826 0.999986 -0.084103 
1493 1500 0.999979 0.005963 -0.002520 -9.136864 -0.005966 0.999982 -0.001056 -0.015922 0.002514 0.001071 0.999996 -0.098557 
1501 1508 0.999934 0.005112 -0.010319 -9.013294 -0.005126 0.999986 -0.001335 -0.018168 0.010312 0.001387 0.999946 -0.151940 
1509 1516 0.999998 0.001730 0.000981 -8.733974 -0.001734 0.999990 0.004069 -0.033991 -0.000974 -0.004070 0.999991 -0.079019 
1517 1525 0.999960 -0.008834 0.001039 -8.969344 0.008834 0.999961 -0.000602 -0.085607 -0.001034 0.000611 0.999999 -0.124413 
1526 1536 0.999904 -0.010309 -0.009231 -9.114622 0.010345 0.999939 0.003776 -0.079139 0.009191 -0.003871 0.999950 -0.219059 
1537 1553 0.871097 0.490887 -0.014826 -9.242353 -0.491110 0.870627 -0.028627 2.936149 -0.001145 0.032218 0.999480 -0.188322 
1554 1573 0.619148 0.785255 0.005543 -9.055886 -0.784902 0.619056 -0.026445 2.948917 -0.024198 0.012023 0.999635 0.121198 
1574 1589 0.999256 0.037387 -0.009512 -9.821709 -0.037017 0.998647 0.036527 0.134803 0.010865 -0.036148 0.999287 -0.062363 
1590 1601 0.996684 0.081337 -0.002079 -9.354381 -0.081363 0.996264 -0.028959 0.139274 -0.000285 0.029032 0.999578 -0.062182 
1602 1613 0.992838 -0.119378 -0.004676 -9.397821 0.119343 0.992828 -0.007077 -0.626808 0.005487 0.006468 0.999964 -0.140354 
1614 1625 0.999955 -0.009407 -0.000763 -9.592274 0.009414 0.999912 0.009373 0.014936 0.000675 -0.009380 0.999956 -0.114765 
1626 1637 0.987958 -0.154702 0.002366 -9.767115 0.154718 0.987761 -0.019765 -1.022403 0.000721 0.019893 0.999802 -0.139285 
1638 1649 0.993556 -0.113285 -0.003651 -9.670916 0.113333 0.993393 0.018085 -0.290111 0.001578 -0.018382 0.999830 -0.009593 
1650 1660 0.995538 -0.094264 0.004276 -9.269065 0.094253 0.995545 0.002722 -0.562854 -0.004513 -0.002307 0.999987 0.047717 
1661 1671 0.999423 -0.030392 -0.015168 -9.863578 0.030253 0.999499 -0.009291 -0.168384 0.015442 0.008827 0.999842 -0.125958 
1672 1682 0.990521 -0.137277 -0.004704 -9.536570 0.137203 0.990449 -0.013609 -0.741961 0.006527 0.012835 0.999896 -0.118582 
1683 1694 0.999136 -0.041341 -0.004183 -9.781555 0.041443 0.998740 0.028316 0.007372 0.003007 -0.028465 0.999590 -0.161885 
1695 1709 0.999927 -0.011368 -0.004059 -9.679807 0.011358 0.999932 -0.002475 -0.275295 0.004086 0.002429 0.999989 -0.185384 
1710 1723 0.998896 0.045468 -0.011839 -9.482071 -0.045712 0.998730 -0.021198 0.255376 0.010860 0.021716 0.999705 -0.120152 
1724 1735 0.999986 0.005043 0.001249 -9.469888 -0.005028 0.999919 -0.011693 -0.119363 -0.001308 0.011686 0.999931 -0.087687 
1736 1746 0.999945 -0.006706 -0.008035 -9.621422 0.006519 0.999712 -0.023092 -0.103460 0.008187 0.023039 0.999701 -0.073743 
1747 1757 0.999933 0.009002 -0.007309 -9.573154 -0.008920 0.999897 0.011203 -0.078508 0.007409 -0.011137 0.999911 -0.191423 
1758 1768 0.999881 -0.006986 0.013729 -9.265224 0.007003 0.999975 -0.001152 -0.066626 -0.013721 0.001248 0.999905 -0.053690 
1769 1782 0.999329 -0.036389 0.004141 -9.910585 0.036241 0.998844 0.031586 -0.187814 -0.005286 -0.031415 0.999492 -0.085059 
1783 1800 0.818013 0.575200 -0.000592 -9.304608 -0.575200 0.818010 -0.002109 2.642225 -0.000729 0.002066 0.999998 -0.152190 
1801 1815 0.999599 -0.027748 0.005589 -9.353241 0.027889 0.999253 -0.026767 -0.453408 -0.004842 0.026912 0.999626 -0.070736 
1816 1829 0.999954 -0.003398 -0.008958 -9.802767 0.003418 0.999992 0.002185 -0.012668 0.008951 -0.002215 0.999958 -0.161041 
1830 1842 0.999802 -0.018997 0.005902 -9.558679 0.018998 0.999819 -0.000071 -0.182084 -0.005900 0.000183 0.999983 -0.052074 
1843 1854 0.999797 0.016749 0.011221 -9.260993 -0.016758 0.999859 0.000776 0.031862 -0.011206 -0.000964 0.999937 0.037085 
1855 1866 0.999977 -0.006433 -0.001970 -9.417404 0.006433 0.999979 0.000179 -0.072781 0.001969 -0.000191 0.999998 -0.050676 
1867 1878 0.999955 -0.009466 -0.001161 -9.827584 0.009462 0.999950 -0.003211 -0.149789 0.001191 0.003199 0.999994 -0.040120 
1879 1890 1.000000 0.000581 0.000539 -9.808010 -0.000575 0.999951 -0.009863 -0.035332 -0.000545 0.009863 0.999951 -0.023181 
1891 1902 0.999752 0.020128 -0.009513 -9.370076 -0.020039 0.999755 0.009358 0.032313 0.009699 -0.009165 0.999911 -0.131199 
1903 1917 0.998305 -0.058156 -0.002273 -9.872777 0.058162 0.998305 0.002294 -0.520287 0.002136 -0.002422 0.999995 -0.131808 
1918 1942 0.992508 0.122176 0.000714 -9.268134 -0.122126 0.991897 0.034995 1.511554 0.003568 -0.034820 0.999387 -0.128206 
1943 1970 0.232701 0.972489 -0.010766 -9.027186 -0.971427 0.231887 -0.050575 3.804333 -0.046687 0.022227 0.998662 0.145583 
1971 1984 0.990584 0.136595 0.009258 -9.897302 -0.136454 0.990541 -0.014457 0.175797 -0.011145 0.013057 0.999853 0.008646 
1985 1995 0.999648 -0.025988 -0.005287 -9.399944 0.026076 0.999512 0.017218 -0.150094 0.004837 -0.017350 0.999838 -0.041125 
1996 2005 0.999996 0.001365 -0.002271 -8.997355 -0.001396 0.999903 -0.013831 -0.082252 0.002252 0.013834 0.999902 -0.123329 
2006 2015 0.999993 0.000705 0.003557 -9.147449 -0.000718 0.999993 0.003707 -0.088907 -0.003555 -0.003709 0.999987 -0.078207 
2016 2025 0.999953 -0.007925 -0.005651 -9.149362 0.007947 0.999961 0.003791 -0.039579 0.005621 -0.003836 0.999977 -0.109483 
2026 2035 0.999820 0.011189 0.015291 -9.109045 -0.010900 0.999764 -0.018807 -0.084568 -0.015498 0.018637 0.999706 -0.051184 
2036 2045 0.999894 -0.011075 -0.009401 -9.073225 0.011246 0.999769 0.018294 -0.090749 0.009196 -0.018398 0.999788 -0.142516 
2046 2055 0.999322 -0.035377 -0.010218 -9.017826 0.035439 0.999354 0.005992 -0.224617 0.009999 -0.006350 0.999930 -0.083742 
2056 2066 0.999182 -0.040278 -0.003452 -9.848210 0.040298 0.999170 0.005894 -0.187379 0.003212 -0.006028 0.999977 -0.097027 
2067 2077 0.999582 0.026727 -0.011023 -9.446451 -0.026283 0.998908 0.038631 0.117496 0.012044 -0.038325 0.999193 -0.223569 
2078 2090 0.998103 -0.061182 0.006907 -9.923206 0.061171 0.998126 0.001777 -0.422687 -0.007002 -0.001351 0.999975 -0.127354 
2091 2108 0.999122 0.041670 -0.004316 -9.941849 -0.041635 0.999100 0.008076 0.658349 0.004648 -0.007889 0.999958 -0.248870 
2109 2127 0.566021 0.823542 -0.037396 -8.930079 -0.824346 0.565883 -0.015205 3.980754 0.008640 0.039434 0.999185 -0.278682 
2128 2142 0.978165 0.207662 0.008372 -10.114485 -0.206976 0.977001 -0.051290 0.040582 -0.018831 0.048437 0.998649 -0.013972 
2143 2154 0.999575 -0.026377 -0.012398 -9.880581 0.026432 0.999641 0.004315 -0.133182 0.012279 -0.004640 0.999914 -0.143071 
2155 2165 0.996746 -0.080603 0.001103 -9.641173 0.080594 0.996728 0.006187 -0.475179 -0.001598 -0.006078 0.999980 -0.108025 
2166 2176 0.999949 -0.000226 -0.010127 -9.721130 0.000649 0.999124 0.041832 0.187668 0.010109 -0.041836 0.999073 -0.144153 
2177 2187 0.996858 0.079202 0.001305 -9.897503 -0.079196 0.996168 0.037109 0.382136 0.001639 -0.037096 0.999310 -0.114965 
2188 2198 0.999882 0.015310 0.001388 -9.832864 -0.015303 0.999870 -0.005021 -0.044509 -0.001465 0.005000 0.999986 -0.039993 
2199 2209 0.999949 -0.006759 -0.007480 -9.395239 0.006682 0.999925 -0.010273 -0.042953 0.007549 0.010222 0.999919 -0.112023 
2210 2222 0.999803 0.019855 -0.000207 -9.844970 -0.019855 0.999803 0.000722 0.069369 0.000221 -0.000717 1.000000 -0.106557 
2223 2244 0.994763 -0.101091 -0.015077 -9.788345 0.101032 0.994872 -0.004605 -0.826292 0.015465 0.003058 0.999876 -0.254638 
2245 2270 0.998793 -0.049082 0.002081 -9.278694 0.049106 0.998702 -0.013540 0.295733 -0.001413 0.013625 0.999906 -0.183042 
2271 2284 0.993885 0.110411 -0.000955 -9.340031 -0.110263 0.992930 0.043962 0.339801 0.005802 -0.043588 0.999033 -0.110601 
2285 2297 0.999986 -0.001114 -0.005151 -10.177285 0.001016 0.999820 -0.018961 -0.081702 0.005171 0.018956 0.999807 -0.127849 
2298 2309 0.999970 0.005255 0.005711 -9.538186 -0.005321 0.999919 0.011601 0.033671 -0.005650 -0.011631 0.999916 -0.041253 
2310 2324 0.996796 0.079630 0.007499 -9.799302 -0.079611 0.996822 -0.002873 0.524078 -0.007703 0.002266 0.999968 -0.076677 
2325 2342 0.890098 0.452439 -0.054998 -9.671151 -0.455164 0.888638 -0.056116 1.504835 0.023484 0.074982 0.996908 -0.269038 
2343 2356 0.999699 -0.012739 0.020957 -9.993852 0.012164 0.999552 0.027350 -0.140523 -0.021296 -0.027087 0.999406 0.121285 
2357 2367 0.999767 -0.021155 0.004165 -9.565508 0.021084 0.999642 0.016476 -0.044200 -0.004512 -0.016384 0.999856 0.040480 
2368 2377 0.999768 0.019691 -0.008721 -9.188282 -0.019675 0.999805 0.001872 0.051013 0.008757 -0.001700 0.999960 -0.175402 
2378 2388 0.999810 -0.004233 0.019004 -9.898876 0.004107 0.999969 0.006674 -0.064443 -0.019031 -0.006594 0.999797 -0.012059 
2389 2399 0.999815 0.001768 -0.019134 -9.566963 -0.001307 0.999710 0.024040 0.057114 0.019171 -0.024010 0.999528 -0.196237 
2400 2411 0.999845 0.016275 -0.006716 -9.387554 -0.016392 0.999709 -0.017721 -0.024355 0.006425 0.017828 0.999820 -0.166860 
2412 2428 0.924658 -0.380512 0.014796 -9.458670 0.380723 0.924553 -0.015870 -2.383668 -0.007641 0.020308 0.999765 -0.048143 
2429 2446 0.585122 -0.810814 0.014597 -8.958948 0.810715 0.585290 0.013286 -3.753173 -0.019316 0.004060 0.999805 0.055228 
2447 2460 0.982680 -0.185154 -0.007643 -9.561058 0.185311 0.981904 0.039042 -0.302882 0.000276 -0.039782 0.999208 -0.085115 
2461 2472 0.999815 0.017646 -0.007615 -9.372023 -0.017509 0.999690 0.017698 0.090336 0.007925 -0.017561 0.999814 -0.192921 
2473 2483 0.999927 -0.006867 0.009990 -9.599688 0.007077 0.999750 -0.021196 -0.107967 -0.009842 0.021265 0.999726 0.015051 
2484 2493 0.999813 0.009484 -0.016862 -9.471491 -0.009529 0.999951 -0.002614 0.009571 0.016837 0.002774 0.999854 -0.100482 
2494 2503 0.999967 0.006237 0.005176 -9.554877 -0.006244 0.999980 0.001351 0.020814 -0.005168 -0.001383 0.999986 -0.080004 
2504 2513 0.999950 -0.006665 0.007397 -9.382046 0.006810 0.999780 -0.019838 -0.088187 -0.007263 0.019887 0.999776 -0.078490 
2514 2523 0.999938 0.008416 -0.007353 -9.206335 -0.008400 0.999962 0.002198 0.028785 0.007371 -0.002136 0.999971 -0.097401 
2524 2533 0.999335 0.032984 0.015564 -9.005667 -0.033057 0.999443 0.004500 0.141269 -0.015407 -0.005012 0.999869 0.020958 
2534 2544 0.999821 0.017934 -0.005949 -9.900367 -0.018183 0.998825 -0.044926 -0.112774 0.005136 0.045026 0.998973 -0.073146 
2545 2554 0.998703 -0.050575 -0.005923 -9.005969 0.050555 0.998715 -0.003435 -0.264296 0.006089 0.003131 0.999977 -0.080379 
2555 2564 0.999790 -0.020039 -0.004206 -9.138140 0.020013 0.999780 -0.006221 -0.121151 0.004330 0.006136 0.999972 -0.132483 
2565 2575 0.999963 -0.004876 -0.007116 -9.796508 0.005036 0.999733 0.022570 -0.035607 0.007004 -0.022605 0.999720 -0.121388 
2576 2588 0.998678 -0.051012 -0.006332 -9.894634 0.050989 0.998692 -0.003738 -0.289897 0.006515 0.003411 0.999973 -0.190031 
2589 2603 0.994109 0.108322 0.003618 -9.341988 -0.108351 0.994072 0.008988 0.648648 -0.002623 -0.009327 0.999953 -0.129020 
2604 2616 0.999851 -0.016799 0.003915 -9.396788 0.016900 0.999482 -0.027379 -0.404840 -0.003453 0.027441 0.999617 -0.017208 
2617 2627 0.997364 -0.072556 0.001028 -9.501647 0.072530 0.997238 0.016013 -0.237818 -0.002187 -0.015896 0.999871 -0.065930 
2628 2637 0.999552 0.029936 0.000444 -9.582220 -0.029939 0.999484 0.011601 0.137352 -0.000097 -0.011609 0.999933 -0.019712 
2638 2647 0.999947 0.010266 -0.000459 -9.556807 -0.010271 0.999865 -0.012808 -0.035610 0.000328 0.012812 0.999918 -0.073841 
2648 2657 0.999987 -0.004120 0.003154 -9.284719 0.004107 0.999982 0.004372 -0.047339 -0.003172 -0.004359 0.999986 -0.096320 
2658 2669 0.998905 0.046362 -0.006316 -9.982109 -0.046418 0.998881 -0.009026 0.254406 0.005890 0.009309 0.999939 -0.230717 
2670 2684 0.999899 0.013886 -0.002900 -9.442438 -0.014010 0.998735 -0.048286 -0.385230 0.002225 0.048322 0.998829 -0.234969 
2685 2710 0.048631 -0.997201 -0.056786 -7.673935 0.998762 0.047952 0.013262 -6.190395 -0.010502 -0.057361 0.998298 -0.087918 
2711 2726 0.998998 -0.044291 0.006504 -9.426505 0.044229 0.998977 0.009400 0.096335 -0.006914 -0.009103 0.999935 0.074338 
2727 2738 0.999959 0.007589 0.004979 -9.223006 -0.007531 0.999905 -0.011530 -0.074327 -0.005066 0.011492 0.999921 0.107404 
2739 2749 0.999805 -0.011180 -0.016276 -9.480693 0.011107 0.999928 -0.004558 -0.083859 0.016325 0.004376 0.999857 -0.091881 
2750 2760 0.999976 -0.003479 -0.005934 -9.770679 0.003509 0.999981 0.005137 -0.075950 0.005916 -0.005157 0.999969 -0.152200 
2761 2771 0.999999 0.000990 0.000203 -9.615440 -0.000990 0.999999 0.000727 -0.046899 -0.000202 -0.000727 1.000000 -0.125490 
2772 2782 0.999805 0.018862 0.005923 -9.195499 -0.018851 0.999820 -0.001948 0.053007 -0.005959 0.001836 0.999981 -0.148614 
2783 2794 0.994512 0.104462 0.005788 -9.722530 -0.104392 0.994472 -0.011317 0.371693 -0.006938 0.010651 0.999919 -0.045834 
2795 2806 0.993792 0.111226 0.002469 -9.427215 -0.111253 0.993482 0.024819 0.484734 0.000307 -0.024940 0.999689 -0.028131 
2807 2818 0.996397 0.083766 -0.013308 -9.159159 -0.083780 0.996484 -0.000552 0.284140 0.013215 0.001665 0.999911 -0.119036 
2819 2831 0.993694 0.111524 0.011623 -9.637016 -0.111343 0.993665 -0.015219 0.401392 -0.013247 0.013828 0.999817 -0.011908 
2832 2846 0.996504 0.082814 -0.011028 -9.729969 -0.082906 0.996523 -0.008212 0.155788 0.010309 0.009098 0.999906 -0.102636 
2847 2873 0.652129 -0.757864 -0.019210 -8.735551 0.757872 0.652349 -0.008394 -4.873809 0.018893 -0.009085 0.999780 -0.201166 
2874 2890 0.836398 -0.548025 -0.010324 -9.869927 0.548038 0.836451 -0.001753 -1.447757 0.009596 -0.004191 0.999945 -0.021890 
2891 2901 0.999784 -0.020602 -0.002775 -9.442288 0.020615 0.999775 0.004922 -0.128617 0.002673 -0.004978 0.999984 -0.036623 
2902 2911 0.999863 0.016061 -0.004083 -9.133433 -0.016032 0.999847 0.006941 0.016106 0.004194 -0.006875 0.999967 -0.117397 
2912 2921 0.999995 0.002882 -0.001559 -9.047358 -0.002891 0.999980 -0.005571 -0.073423 0.001543 0.005576 0.999983 -0.103243 
2922 2932 0.999949 0.007207 -0.007015 -9.820018 -0.007214 0.999973 -0.000948 -0.018376 0.007007 0.000998 0.999975 -0.152906 
2933 2942 0.999980 0.004987 0.003775 -9.180399 -0.004960 0.999961 -0.007284 -0.095574 -0.003811 0.007265 0.999966 -0.031990 
2943 2952 0.999986 0.004596 -0.002523 -9.546092 -0.004574 0.999953 0.008607 -0.011246 0.002562 -0.008596 0.999960 -0.091175 
2953 2962 0.999976 0.004883 -0.004980 -9.163027 -0.004918 0.999962 -0.007149 -0.090521 0.004945 0.007173 0.999962 -0.177916 
2963 2976 0.984779 -0.173771 0.003787 -10.132037 0.173759 0.984783 0.003101 -1.298071 -0.004269 -0.002395 0.999988 -0.137469 
2977 2996 0.338266 -0.939950 -0.045493 -8.587982 0.940969 0.338478 0.003184 -5.314946 0.012405 -0.043885 0.998960 -0.273763 
2997 3011 0.896676 -0.442680 0.002638 -9.399867 0.442666 0.896675 0.004577 -1.726896 -0.004392 -0.002936 0.999986 0.008841 
3012 3023 0.985346 -0.170207 0.011091 -9.949812 0.170023 0.985313 0.015801 -0.650043 -0.013618 -0.013683 0.999814 0.110166 
3024 3033 0.999551 -0.029378 -0.005814 -9.589748 0.029339 0.999547 -0.006723 -0.163782 0.006008 0.006550 0.999960 -0.056470 
3034 3042 0.999745 -0.021556 -0.006788 -8.988464 0.021500 0.999735 -0.008178 -0.144979 0.006962 0.008030 0.999944 -0.124045 
3043 3051 0.999810 -0.018032 -0.007444 -9.012774 0.017989 0.999821 -0.005779 -0.126229 0.007547 0.005644 0.999956 -0.148099 
3052 3061 0.999954 -0.007951 -0.005292 -9.871808 0.007986 0.999946 0.006622 -0.067560 0.005239 -0.006664 0.999964 -0.151247 
3062 3071 0.999996 -0.002839 0.000489 -9.517248 0.002840 0.999993 -0.002576 -0.071691 -0.000482 0.002578 0.999997 -0.110994 
3072 3082 0.999543 -0.030203 0.000992 -9.709610 0.030195 0.999517 0.007398 -0.186215 -0.001215 -0.007364 0.999972 -0.165654 
3083 3096 0.989460 0.144566 -0.008356 -9.576376 -0.144272 0.989118 0.028832 0.990534 0.012433 -0.027323 0.999549 -0.267938 
3097 3118 0.316957 0.947765 -0.035776 -8.594952 -0.948128 0.315659 -0.037598 4.700973 -0.024341 0.045838 0.998652 -0.013135 
3119 3133 0.992567 0.121327 0.009483 -9.485092 -0.121480 0.992436 0.017693 0.290872 -0.007265 -0.018714 0.999799 0.019591 
3134 3144 0.999501 0.028281 -0.014063 -9.066768 -0.028348 0.999588 -0.004525 0.049498 0.013930 0.004922 0.999891 -0.120915 
3145 3154 0.999963 -0.000082 0.008637 -9.328221 0.000074 1.000000 0.000960 -0.027669 -0.008637 -0.000959 0.999962 -0.022288 
3155 3164 0.999925 0.002607 -0.011963 -9.627488 -0.002549 0.999985 0.004909 -0.047215 0.011975 -0.004878 0.999916 -0.182703 
3165 3174 0.999971 -0.007347 0.001788 -9.581369 0.007361 0.999942 -0.007852 -0.084336 -0.001730 0.007865 0.999968 -0.094553 
3175 3183 0.999972 -0.000047 0.007473 -8.880261 -0.000073 0.999871 0.016036 0.002568 -0.007473 -0.016036 0.999843 -0.015043 
3184 3192 0.999957 -0.003695 -0.008513 -9.315298 0.003726 0.999986 0.003634 -0.045557 0.008499 -0.003665 0.999957 -0.074602 
3193 3201 0.999895 0.009025 0.011317 -9.408631 -0.008897 0.999896 -0.011320 -0.005565 -0.011418 0.011218 0.999872 0.005306 
3202 3210 0.999880 -0.000907 -0.015474 -9.267552 0.000957 0.999994 0.003286 -0.051301 0.015471 -0.003301 0.999875 -0.096807 
3211 3219 0.999977 -0.006491 -0.002140 -9.116174 0.006485 0.999975 -0.002645 -0.065308 0.002157 0.002632 0.999994 -0.018768 
3220 3229 0.999863 -0.001036 -0.016534 -9.964257 0.000923 0.999976 -0.006856 -0.067355 0.016540 0.006840 0.999840 -0.031255 
3230 3239 0.999995 0.001449 -0.002936 -9.380818 -0.001480 0.999941 -0.010785 -0.019668 0.002920 0.010789 0.999938 -0.033942 
3240 3251 0.999800 0.015219 -0.012950 -9.510402 -0.015339 0.999839 -0.009260 0.007521 0.012807 0.009457 0.999873 -0.245566 
3252 3270 0.977362 -0.211518 0.004929 -9.773469 0.211556 0.977321 -0.009396 -1.782271 -0.002830 0.010226 0.999944 -0.144505 
3271 3293 0.445264 -0.895111 -0.022710 -8.898731 0.895396 0.445053 0.013907 -4.426055 -0.002341 -0.026527 0.999645 -0.051873 
3294 3307 0.980305 -0.197178 0.011091 -9.222474 0.196705 0.979872 0.034034 -0.461799 -0.017578 -0.031182 0.999359 0.108984 
3308 3318 0.999935 -0.003391 -0.010863 -9.490936 0.003431 0.999987 0.003700 -0.023611 0.010850 -0.003737 0.999934 -0.019314 
3319 3328 0.999522 0.026102 -0.016567 -8.996080 -0.026024 0.999649 0.004907 0.082997 0.016689 -0.004474 0.999851 -0.153929 
3329 3339 0.999941 -0.006958 0.008395 -9.729854 0.006854 0.999899 0.012430 -0.042748 -0.008480 -0.012371 0.999888 -0.107261 
3340 3350 0.999867 0.008939 -0.013636 -9.212977 -0.008924 0.999960 0.001163 0.012089 0.013645 -0.001041 0.999906 -0.148415 
3351 3367 0.996303 -0.085819 -0.004049 -10.011612 0.085803 0.996304 -0.003935 -0.666480 0.004372 0.003573 0.999984 -0.168819 
3368 3390 0.555594 -0.830299 0.043797 -8.695100 0.831016 0.556240 0.003139 -4.525704 -0.026968 0.034652 0.999035 0.141873 
3391 3410 0.899211 -0.437477 -0.005788 -9.780021 0.437434 0.898710 0.031164 -1.115814 -0.008431 -0.030555 0.999498 -0.122279 
3411 3432 0.560815 0.825319 -0.065843 -8.665856 -0.827749 0.557198 -0.066044 5.130136 -0.017820 0.091540 0.995642 -0.143458 
3433 3450 0.877286 0.479609 0.018540 -9.326023 -0.479231 0.877426 -0.021500 0.795963 -0.026579 0.009976 0.999597 0.047308 
3451 3463 0.999992 0.003796 -0.001562 -9.865456 -0.003764 0.999790 0.020169 0.042764 0.001639 -0.020163 0.999795 -0.058413 
3464 3473 0.999903 0.013648 -0.002760 -9.164135 -0.013640 0.999904 0.002659 -0.010512 0.002796 -0.002622 0.999993 -0.033873 
3474 3483 0.999996 -0.001273 -0.002328 -9.756350 0.001293 0.999960 0.008904 -0.039382 0.002316 -0.008907 0.999958 -0.113399 
3484 3493 0.999856 0.015484 -0.007018 -9.431816 -0.015623 0.999674 -0.020208 -0.034437 0.006703 0.020315 0.999771 -0.158805 
3494 3505 0.999998 0.000638 -0.001634 -9.727554 -0.000669 0.999822 -0.018845 -0.095919 0.001622 0.018846 0.999821 -0.173956 
3506 3531 0.969008 -0.246683 0.013104 -9.616593 0.246437 0.968993 0.017909 -1.749774 -0.017115 -0.014125 0.999754 -0.000722 
3532 3557 0.312354 -0.949656 -0.024239 -8.622587 0.949965 0.312291 0.006469 -4.740940 0.001427 -0.025047 0.999685 -0.014826 
3558 3570 0.998050 -0.062332 -0.003327 -9.792477 0.062382 0.997888 0.018086 -0.014156 0.002193 -0.018259 0.999831 -0.006913 
3571 3580 0.999950 0.009539 0.002888 -9.536374 -0.009542 0.999954 0.000717 -0.023501 -0.002881 -0.000744 0.999996 0.070355 
3581 3589 0.999946 0.005560 -0.008738 -9.565303 -0.005515 0.999972 0.005149 -0.008077 0.008766 -0.005101 0.999949 -0.064970 
3590 3598 0.999995 -0.001160 -0.003004 -9.931222 0.001138 0.999972 -0.007360 -0.086904 0.003013 0.007356 0.999968 -0.139809 
3599 3606 0.999911 -0.006419 -0.011712 -8.820220 0.006371 0.999971 -0.004110 -0.075415 0.011738 0.004035 0.999923 -0.177869 
3607 3614 0.999993 0.002121 0.003079 -8.918963 -0.002093 0.999956 -0.009091 -0.057360 -0.003098 0.009084 0.999954 -0.111775 
3615 3622 0.999992 0.002264 0.003217 -8.942047 -0.002258 0.999995 -0.002068 -0.045520 -0.003222 0.002060 0.999993 -0.055612 
3623 3630 0.999995 -0.001501 -0.002705 -8.822558 0.001530 0.999940 0.010825 -0.033197 0.002689 -0.010829 0.999938 -0.090947 
3631 3639 0.999935 0.006242 -0.009491 -9.698401 -0.006032 0.999739 0.022050 0.012114 0.009626 -0.021991 0.999712 -0.202018 
3640 3649 0.999928 -0.010016 0.006561 -9.608468 0.010056 0.999931 -0.006143 -0.133405 -0.006499 0.006208 0.999960 -0.126927 
3650 3662 0.999807 -0.019527 -0.002350 -9.948956 0.019530 0.999809 0.001063 -0.112953 0.002329 -0.001108 0.999997 -0.164066 
3663 3683 0.586206 0.808216 -0.056127 -8.165470 -0.809501 0.587119 -0.000274 5.349371 0.032731 0.045595 0.998424 -0.422336 
3684 3701 0.773557 0.633545 0.015147 -9.711609 -0.632943 0.773568 -0.031226 1.212571 -0.031500 0.014568 0.999398 0.082103 
3702 3713 0.996529 -0.082237 -0.012949 -9.150145 0.081784 0.996127 -0.032298 -0.491572 0.015555 0.031127 0.999394 -0.072758 
3714 3723 0.999818 -0.018227 -0.005591 -9.086526 0.018201 0.999824 -0.004634 -0.089466 0.005674 0.004532 0.999974 -0.021737 
3724 3733 0.999930 -0.004768 -0.010810 -9.798403 0.004694 0.999965 -0.006874 -0.049684 0.010843 0.006822 0.999918 -0.147956 
3734 3743 0.999983 0.005334 -0.002256 -9.766671 -0.005339 0.999984 -0.002043 -0.071755 0.002245 0.002055 0.999995 -0.146877 
3744 3753 0.999394 -0.034398 -0.005252 -9.391488 0.034385 0.999405 -0.002556 -0.214833 0.005337 0.002373 0.999983 -0.186338 
3754 3765 0.999615 0.027590 0.002765 -9.882158 -0.027663 0.999119 0.031563 0.275319 -0.001892 -0.031627 0.999498 -0.171511 
3766 3777 0.998821 0.048481 0.002391 -9.798204 -0.048409 0.998534 -0.024198 -0.046817 -0.003560 0.024054 0.999704 -0.153918 
3778 3787 0.998788 -0.047649 0.012357 -9.318066 0.047892 0.998649 -0.020170 -0.275527 -0.011379 0.020737 0.999720 0.058446 
3788 3796 0.999067 -0.043175 -0.000883 -9.305437 0.043182 0.998993 0.012205 -0.214321 0.000355 -0.012232 0.999925 -0.122233 
3797 3805 0.999775 0.021135 -0.001682 -9.388241 -0.021076 0.999342 0.029524 0.171235 0.002305 -0.029482 0.999563 -0.110561 
3806 3814 0.999798 0.019209 -0.005958 -9.236196 -0.019274 0.999753 -0.011024 -0.010252 0.005744 0.011136 0.999921 -0.149859 
3815 3823 0.999801 0.018113 -0.008350 -9.043073 -0.018105 0.999836 0.001009 0.044457 0.008367 -0.000858 0.999965 -0.094133 
3824 3833 0.999949 0.005011 -0.008810 -9.883057 -0.004963 0.999973 0.005413 -0.049127 0.008837 -0.005369 0.999947 -0.112822 
3834 3843 0.999808 -0.019586 -0.000713 -9.634821 0.019576 0.999736 -0.012067 -0.216122 0.000949 0.012051 0.999927 -0.100389 
3844 3853 0.999637 -0.025138 -0.009699 -9.813754 0.025364 0.999391 0.023986 -0.099776 0.009090 -0.024224 0.999665 -0.158244 
3854 3862 0.999505 -0.031055 -0.004988 -9.014218 0.031001 0.999463 -0.010580 -0.189985 0.005314 0.010420 0.999932 -0.122332 
3863 3871 0.999892 -0.014654 0.001089 -9.056371 0.014649 0.999881 0.004889 -0.113033 -0.001161 -0.004873 0.999987 -0.071551 
3872 3881 0.998740 -0.049724 -0.006759 -9.608658 0.049734 0.998762 0.001294 -0.284503 0.006686 -0.001629 0.999976 -0.153935 
3882 3893 0.998526 -0.053288 -0.010335 -9.802923 0.053251 0.998574 -0.003836 -0.393178 0.010525 0.003280 0.999939 -0.206814 
3894 3911 0.997668 -0.068197 0.002892 -9.749282 0.067967 0.996426 0.050165 0.184992 -0.006303 -0.049852 0.998737 -0.203554 
3912 3935 0.991853 0.127208 -0.006735 -9.575588 -0.127379 0.989838 -0.063208 -0.402408 -0.001374 0.063551 0.997978 -0.170357 
3936 3964 0.850471 0.525343 0.026713 -9.076748 -0.525550 0.850762 0.000885 4.015625 -0.022261 -0.014791 0.999643 0.031811 
3965 3980 0.717882 0.696092 -0.010091 -8.919374 -0.695685 0.717850 0.026716 2.378946 0.025841 -0.012159 0.999592 -0.086871 
3981 3991 0.989716 0.142979 -0.004310 -9.037443 -0.142978 0.989726 0.000673 0.283298 0.004362 -0.000050 0.999990 0.001466 
3992 4001 0.999867 0.015207 -0.005937 -9.867680 -0.015235 0.999873 -0.004736 0.043481 0.005864 0.004826 0.999971 -0.041134 
4002 4010 0.999662 0.023898 0.010188 -9.486525 -0.023814 0.999682 -0.008293 0.077544 -0.010383 0.008047 0.999914 0.068309 
4011 4019 0.998994 0.041387 -0.017288 -9.436876 -0.041379 0.999143 0.000803 0.175525 0.017306 -0.000087 0.999850 -0.162102 
4020 4028 0.999175 0.040598 0.001037 -9.236442 -0.040609 0.999067 0.014719 0.169867 -0.000439 -0.014749 0.999891 -0.104483 
4029 4037 0.999548 0.030052 0.000165 -9.128147 -0.030052 0.999545 0.002492 0.105160 -0.000090 -0.002496 0.999997 -0.079256 
4038 4046 0.999633 0.027090 -0.000457 -9.252356 -0.027091 0.999629 -0.002745 0.099907 0.000383 0.002756 0.999996 -0.094970 
4047 4055 0.999595 0.028380 -0.001868 -9.466794 -0.028405 0.999490 -0.014608 0.084683 0.001452 0.014655 0.999892 -0.090902 
4056 4064 0.999199 0.039345 -0.007338 -9.680270 -0.039381 0.999213 -0.004824 0.157060 0.007143 0.005109 0.999961 -0.131371 
4065 4073 0.999117 0.041644 -0.005609 -9.933078 -0.041653 0.999131 -0.001644 0.179960 0.005536 0.001876 0.999983 -0.124872 
4074 4081 0.999372 0.035427 -0.000870 -8.699468 -0.035419 0.999341 0.008004 0.130483 0.001153 -0.007969 0.999968 -0.085298 
4082 4089 0.999651 0.025526 -0.006773 -8.713316 -0.025505 0.999670 0.003221 0.099380 0.006853 -0.003047 0.999972 -0.096567 
4090 4097 0.999361 0.034744 -0.008421 -8.756592 -0.034638 0.999323 0.012382 0.143111 0.008845 -0.012083 0.999888 -0.138099 
4098 4106 0.999780 0.020982 -0.000415 -9.880977 -0.020985 0.999715 -0.011397 0.060425 0.000176 0.011403 0.999935 -0.117434 
4107 4115 0.999598 0.027822 -0.005430 -9.791561 -0.027826 0.999613 -0.000546 0.123246 0.005413 0.000697 0.999985 -0.145355 
4116 4124 0.999276 0.037567 -0.005974 -9.742995 -0.037642 0.999205 -0.013111 0.144606 0.005476 0.013327 0.999896 -0.165152 
4125 4133 0.999410 0.033880 -0.005617 -9.583110 -0.033886 0.999425 -0.001082 0.118034 0.005577 0.001271 0.999984 -0.165453 
4134 4142 0.999466 0.032682 -0.000729 -9.546787 -0.032679 0.999459 0.003652 0.124984 0.000848 -0.003626 0.999993 -0.105174 
4143 4150 0.999466 0.032385 0.004260 -8.544909 -0.032439 0.999387 0.013167 0.135361 -0.003831 -0.013298 0.999904 -0.061460 
4151 4158 0.999484 0.031420 -0.006710 -8.687652 -0.031510 0.999409 -0.013738 0.082073 0.006274 0.013943 0.999883 -0.100529 
4159 4167 0.999535 0.030354 -0.002912 -9.771862 -0.030373 0.999515 -0.006803 0.111459 0.002704 0.006888 0.999973 -0.111454 
4168 4176 0.999387 0.032832 -0.012174 -9.618256 -0.032831 0.999461 0.000252 0.136785 0.012176 0.000148 0.999926 -0.172746 
4177 4185 0.999230 0.039139 0.002669 -9.668930 -0.039159 0.999202 0.007882 0.161495 -0.002358 -0.007981 0.999965 -0.066375 
4186 4194 0.999434 0.033567 0.002210 -9.886061 -0.033567 0.999436 -0.000011 0.152304 -0.002209 -0.000063 0.999998 -0.047468 
4195 4202 0.999499 0.031089 -0.005876 -8.866630 -0.031117 0.999505 -0.004662 0.093852 0.005728 0.004842 0.999972 -0.112444 
