0 10 0.895876 -0.444089 0.013863 -9.613055 0.443811 0.895914 0.019217 -2.184019 -0.020954 -0.011064 0.999719 -0.046439 
11 21 0.891863 -0.452264 0.006152 -9.341582 0.452146 0.891827 0.014393 -2.148508 -0.011996 -0.010055 0.999877 -0.047329 
22 32 0.931689 -0.363247 0.002561 -9.654369 0.363199 0.931645 0.011173 -1.601783 -0.006444 -0.009480 0.999934 -0.037262 
33 42 0.978930 -0.204141 -0.004680 -9.799777 0.204193 0.978593 0.025688 -0.794374 -0.000664 -0.026102 0.999659 -0.056351 
43 51 0.997690 -0.066813 0.012239 -9.762920 0.066794 0.997765 0.001912 -0.274627 -0.012339 -0.001090 0.999923 0.045377 
52 59 0.999930 -0.011373 -0.003240 -9.871473 0.011388 0.999925 0.004571 -0.056226 0.003188 -0.004607 0.999984 0.007482 
60 66 0.999984 0.005711 -0.000121 -9.389832 -0.005711 0.999983 0.000882 -0.002750 0.000126 -0.000882 1.000000 0.007511 
67 72 0.999997 0.001812 -0.001590 -8.388081 -0.001804 0.999985 0.005205 -0.011689 0.001599 -0.005203 0.999985 -0.030385 
73 78 0.999998 -0.001702 0.000983 -8.859956 0.001701 0.999997 0.001483 -0.039118 -0.000986 -0.001481 0.999998 -0.012431 
79 84 0.999974 -0.007105 -0.000853 -9.310274 0.007101 0.999962 -0.005105 -0.081327 0.000889 0.005099 0.999987 -0.013697 
85 90 0.999731 -0.023122 0.001976 -9.698246 0.023131 0.999722 -0.004654 -0.167482 -0.001868 0.004698 0.999987 -0.016473 
91 96 0.999605 -0.028100 -0.000992 -10.015753 0.028096 0.999597 -0.003921 -0.208451 0.001101 0.003892 0.999992 -0.046824 
97 101 0.999719 -0.023715 0.000171 -8.235328 0.023716 0.999717 -0.001857 -0.140388 -0.000127 0.001860 0.999998 -0.034545 
102 106 0.999893 -0.014563 -0.001094 -8.401207 0.014566 0.999891 0.002552 -0.088142 0.001057 -0.002567 0.999996 -0.036954 
107 111 0.999837 -0.018010 0.000904 -8.574640 0.018012 0.999835 -0.002506 -0.123901 -0.000858 0.002522 0.999996 -0.034845 
112 116 0.999871 -0.016022 -0.000964 -8.764074 0.016024 0.999870 0.001526 -0.114538 0.000939 -0.001542 0.999998 -0.042114 
117 121 0.999888 -0.014945 0.000775 -8.941297 0.014945 0.999888 0.000345 -0.118998 -0.000780 -0.000334 1.000000 -0.035740 
122 126 0.999908 -0.013488 -0.001600 -9.136402 0.013490 0.999908 0.001413 -0.099159 0.001581 -0.001434 0.999998 -0.049994 
127 131 0.999872 -0.015527 0.003796 -9.282919 0.015535 0.999877 -0.002300 -0.128601 -0.003760 0.002358 0.999990 -0.027610 
132 136 0.999871 -0.016079 -0.000326 -9.439202 0.016078 0.999868 -0.002301 -0.134894 0.000362 0.002296 0.999997 -0.039564 
137 141 0.999943 -0.010490 -0.002063 -9.535472 0.010498 0.999936 0.004134 -0.098764 0.002020 -0.004155 0.999989 -0.072778 
142 146 0.999938 -0.010669 0.003201 -9.588749 0.010679 0.999938 -0.003061 -0.107717 -0.003168 0.003095 0.999990 -0.043961 
147 151 0.999918 -0.012476 -0.002933 -9.634117 0.012474 0.999922 -0.000664 -0.109529 0.002941 0.000627 0.999995 -0.081612 
152 156 0.999846 -0.017514 -0.001285 -9.648804 0.017510 0.999840 -0.003550 -0.140222 0.001347 0.003527 0.999993 -0.082152 
157 161 0.999844 -0.017642 0.000412 -9.658599 0.017643 0.999844 -0.001302 -0.137038 -0.000389 0.001309 0.999999 -0.074844 
162 166 0.999887 -0.015009 0.001109 -9.694791 0.015003 0.999873 0.005306 -0.118795 -0.001188 -0.005289 0.999985 -0.050595 
167 171 0.999909 -0.013264 0.002329 -9.825852 0.013259 0.999911 0.001777 -0.125457 -0.002352 -0.001746 0.999996 -0.018721 
172 175 0.999948 -0.010228 0.000328 -7.526921 0.010228 0.999947 -0.000897 -0.097978 -0.000319 0.000900 1.000000 -0.016097 
176 179 0.999968 -0.007754 -0.001951 -7.678466 0.007755 0.999970 0.000394 -0.079872 0.001948 -0.000409 0.999998 -0.020621 
180 183 0.999964 -0.008105 0.002613 -7.797315 0.008107 0.999967 -0.001006 -0.082916 -0.002605 0.001028 0.999996 -0.006890 
184 187 0.999855 -0.016581 -0.003952 -7.940890 0.016558 0.999847 -0.005701 -0.132611 0.004046 0.005634 0.999976 -0.031665 
188 191 0.999872 -0.015934 -0.001275 -8.040080 0.015938 0.999866 0.003653 -0.117707 0.001217 -0.003673 0.999993 -0.034362 
192 195 0.999892 -0.014468 -0.002414 -8.074126 0.014462 0.999892 -0.002507 -0.119299 0.002450 0.002472 0.999994 -0.058940 
196 199 0.999901 -0.013719 -0.003073 -8.117731 0.013714 0.999905 -0.001459 -0.112231 0.003093 0.001417 0.999994 -0.065723 
200 203 0.999950 -0.009729 0.002411 -8.141425 0.009752 0.999903 -0.009915 -0.103867 -0.002314 0.009938 0.999948 -0.039531 
204 207 0.999931 -0.011539 -0.002044 -8.164818 0.011533 0.999930 -0.002644 -0.097917 0.002074 0.002620 0.999994 -0.071505 
208 211 0.999929 -0.011729 -0.002354 -8.160174 0.011718 0.999922 -0.004436 -0.100045 0.002406 0.004408 0.999987 -0.072514 
212 215 0.999941 -0.010805 0.001498 -8.136420 0.010823 0.999861 -0.012693 -0.106498 -0.001361 0.012709 0.999918 -0.071275 
216 219 0.999897 -0.007634 -0.012151 -8.135126 0.007862 0.999791 0.018865 -0.064169 0.012005 -0.018958 0.999748 -0.175346 
220 223 0.999936 -0.011048 -0.002294 -8.119976 0.011043 0.999937 -0.002098 -0.115272 0.002317 0.002073 0.999995 -0.070202 
224 227 0.999941 -0.010853 0.000348 -8.098438 0.010853 0.999938 0.002358 -0.094948 -0.000374 -0.002354 0.999997 -0.079682 
228 231 0.999981 -0.005958 -0.001515 -8.085745 0.005960 0.999981 0.001325 -0.070201 0.001507 -0.001334 0.999998 -0.084280 
232 235 0.999978 -0.004655 -0.004694 -8.075208 0.004666 0.999987 0.002265 -0.058221 0.004684 -0.002287 0.999986 -0.094725 
236 239 0.999991 -0.004320 -0.000331 -8.054263 0.004318 0.999978 -0.004962 -0.075654 0.000353 0.004960 0.999988 -0.084115 
240 243 0.999970 -0.002766 -0.007193 -8.083682 0.002770 0.999996 0.000576 -0.047964 0.007191 -0.000596 0.999974 -0.120464 
244 247 0.999985 0.005257 0.001274 -8.037534 -0.005245 0.999940 -0.009635 -0.024003 -0.001325 0.009628 0.999953 -0.047610 
248 251 0.999941 0.010743 -0.001676 -8.034735 -0.010743 0.999942 0.000314 0.008057 0.001679 -0.000296 0.999999 -0.083362 
252 255 0.999990 0.004452 -0.000237 -8.035243 -0.004456 0.999762 -0.021344 -0.063017 0.000141 0.021345 0.999772 -0.064434 
256 259 0.999963 0.005053 -0.007013 -8.011975 -0.005033 0.999983 0.002789 -0.019840 0.007027 -0.002753 0.999971 -0.109637 
260 263 0.999992 0.003836 0.001382 -7.988558 -0.003838 0.999992 0.001469 -0.024034 -0.001376 -0.001475 0.999998 -0.078543 
264 267 0.999991 0.003364 -0.002735 -7.994901 -0.003367 0.999994 -0.000974 -0.029245 0.002732 0.000983 0.999996 -0.088063 
268 271 0.999998 0.001901 0.000608 -7.993409 -0.001901 0.999998 -0.000409 -0.042826 -0.000609 0.000408 1.000000 -0.079974 
272 275 0.999999 -0.000468 -0.001625 -7.988547 0.000465 0.999999 -0.001589 -0.062438 0.001626 0.001588 0.999997 -0.078494 
276 279 0.999990 -0.000820 -0.004413 -7.996208 0.000815 0.999999 -0.001036 -0.060930 0.004414 0.001032 0.999990 -0.092419 
280 283 0.999999 0.000641 -0.000977 -7.995639 -0.000641 1.000000 0.000301 -0.051185 0.000977 -0.000301 0.999999 -0.083225 
284 287 0.999997 0.000356 -0.002345 -7.987656 -0.000359 0.999999 -0.001151 -0.050467 0.002345 0.001152 0.999997 -0.093093 
288 291 0.999999 0.000982 -0.000694 -8.009724 -0.000981 0.999998 0.002030 -0.046664 0.000696 -0.002030 0.999998 -0.085517 
292 295 0.999998 -0.000650 -0.001928 -7.992051 0.000648 0.999999 -0.001253 -0.057735 0.001929 0.001251 0.999997 -0.088194 
296 299 0.999997 -0.000436 0.002584 -7.974933 0.000440 0.999999 -0.001580 -0.062826 -0.002584 0.001581 0.999995 -0.051318 
300 303 0.999984 0.000309 -0.005653 -8.022918 -0.000294 0.999997 0.002620 -0.050685 0.005653 -0.002618 0.999981 -0.092626 
304 307 0.999995 0.001168 -0.002901 -8.004676 -0.001162 0.999997 0.002079 -0.048661 0.002904 -0.002075 0.999994 -0.093957 
308 311 0.999995 0.001202 -0.003008 -8.021793 -0.001199 0.999999 0.000915 -0.044402 0.003009 -0.000911 0.999995 -0.100068 
312 315 0.999997 0.002222 -0.000162 -8.004730 -0.002222 0.999997 -0.000886 -0.044965 0.000160 0.000887 1.000000 -0.075506 
316 319 0.999994 0.001955 -0.003020 -7.965419 -0.001957 0.999998 -0.000590 -0.035526 0.003019 0.000596 0.999995 -0.096121 
320 323 0.999997 0.001587 -0.001739 -7.984097 -0.001590 0.999997 -0.002018 -0.040564 0.001736 0.002020 0.999996 -0.090854 
324 327 1.000000 -0.000053 -0.000461 -7.996272 0.000052 0.999999 -0.001517 -0.056322 0.000461 0.001517 0.999999 -0.081251 
328 331 0.999999 -0.000352 0.001087 -7.971500 0.000354 0.999999 -0.001635 -0.056824 -0.001087 0.001635 0.999998 -0.060037 
332 335 0.999993 0.000280 -0.003857 -7.992798 -0.000275 0.999999 0.001331 -0.051839 0.003857 -0.001329 0.999992 -0.098968 
336 339 0.999999 0.001061 -0.000482 -7.989064 -0.001061 0.999999 -0.000233 -0.051543 0.000482 0.000234 1.000000 -0.081231 
340 343 0.999999 0.001368 -0.000441 -7.987165 -0.001368 0.999998 -0.001111 -0.048009 0.000440 0.001112 0.999999 -0.081898 
344 347 0.999997 0.001874 -0.001509 -7.965199 -0.001873 0.999998 0.000874 -0.046730 0.001511 -0.000871 0.999998 -0.082565 
348 351 0.999990 0.002250 -0.003812 -7.974907 -0.002244 0.999996 0.001430 -0.040087 0.003815 -0.001421 0.999992 -0.102973 
352 355 0.999998 0.001845 0.000436 -7.964825 -0.001845 0.999998 -0.000430 -0.043786 -0.000436 0.000429 1.000000 -0.075090 
356 359 0.999999 0.000141 -0.001704 -7.980926 -0.000143 0.999999 -0.001295 -0.055500 0.001704 0.001295 0.999998 -0.090855 
360 363 0.999998 -0.001791 -0.001178 -7.967134 0.001789 0.999998 -0.001148 -0.062861 0.001181 0.001146 0.999999 -0.086400 
364 367 0.999999 -0.000614 -0.001626 -7.970062 0.000615 1.000000 0.000595 -0.063285 0.001625 -0.000596 0.999998 -0.082225 
368 371 0.999998 0.001513 -0.001541 -7.939797 -0.001508 0.999992 0.003628 -0.038392 0.001547 -0.003626 0.999992 -0.091575 
372 375 0.999998 0.002027 0.000779 -7.958797 -0.002025 0.999996 -0.001808 -0.045189 -0.000783 0.001807 0.999998 -0.078992 
376 379 0.999989 0.002207 -0.004056 -7.977016 -0.002198 0.999995 0.002163 -0.038145 0.004061 -0.002154 0.999989 -0.099945 
380 383 0.999993 0.003531 0.001480 -8.002237 -0.003532 0.999994 0.000488 -0.036305 -0.001478 -0.000493 0.999999 -0.072503 
384 387 0.999995 0.002743 -0.001551 -7.961195 -0.002748 0.999993 -0.002725 -0.042860 0.001543 0.002730 0.999995 -0.084297 
388 391 0.999997 0.002242 -0.000006 -7.952542 -0.002241 0.999995 0.002186 -0.037214 0.000011 -0.002186 0.999998 -0.080458 
392 395 0.999999 -0.000369 0.001021 -7.984759 0.000373 0.999992 -0.003956 -0.057128 -0.001019 0.003957 0.999992 -0.063662 
396 399 0.999994 0.002567 -0.002354 -7.964412 -0.002553 0.999979 0.005981 -0.029928 0.002370 -0.005975 0.999979 -0.073990 
400 403 0.999994 0.003374 -0.000219 -7.968195 -0.003373 0.999993 0.001468 -0.032767 0.000224 -0.001467 0.999999 -0.084626 
404 407 0.999995 0.003267 -0.000529 -7.974183 -0.003268 0.999993 -0.001875 -0.041273 0.000523 0.001876 0.999998 -0.075859 
408 411 0.999998 0.002157 -0.000370 -7.974777 -0.002157 0.999998 0.000282 -0.046945 0.000371 -0.000282 1.000000 -0.079655 
412 415 0.999999 -0.001012 0.000511 -7.959158 0.001014 0.999992 -0.003790 -0.073067 -0.000507 0.003790 0.999993 -0.071625 
416 419 0.999996 -0.002210 -0.001872 -7.987211 0.002216 0.999992 0.003218 -0.070999 0.001865 -0.003222 0.999993 -0.088671 
420 423 0.999995 -0.001507 0.002823 -7.926293 0.001514 0.999996 -0.002503 -0.071320 -0.002820 0.002507 0.999993 -0.056224 
424 427 0.999993 0.001783 -0.003213 -7.984114 -0.001781 0.999998 0.000795 -0.049721 0.003214 -0.000790 0.999995 -0.087487 
428 431 0.999988 0.004442 -0.001849 -7.947066 -0.004439 0.999989 0.001483 -0.030940 0.001856 -0.001474 0.999997 -0.078735 
432 435 0.999979 0.005100 -0.003925 -7.983645 -0.005104 0.999986 -0.001036 -0.032843 0.003920 0.001056 0.999992 -0.091575 
436 439 0.999995 0.002424 -0.001845 -7.950420 -0.002422 0.999996 0.001159 -0.044484 0.001847 -0.001155 0.999998 -0.079204 
440 443 0.999993 -0.000669 -0.003590 -8.031183 0.000655 0.999992 -0.003830 -0.065245 0.003593 0.003827 0.999986 -0.084150 
444 447 0.999997 0.001531 -0.001877 -7.978324 -0.001534 0.999998 -0.001328 -0.042634 0.001875 0.001331 0.999997 -0.074818 
448 451 0.999980 0.000851 -0.006261 -7.998289 -0.000833 0.999995 0.002875 -0.045218 0.006264 -0.002870 0.999976 -0.108992 
452 455 0.999994 0.003387 -0.000851 -7.968936 -0.003385 0.999993 0.001365 -0.029473 0.000855 -0.001362 0.999999 -0.084995 
456 459 0.999978 0.004957 -0.004360 -7.955225 -0.004951 0.999987 0.001472 -0.016896 0.004367 -0.001450 0.999989 -0.113863 
460 463 0.999991 0.004036 -0.001114 -7.918587 -0.004039 0.999988 -0.002666 -0.031024 0.001103 0.002670 0.999996 -0.095638 
464 467 0.999990 0.003929 -0.002215 -7.875902 -0.003926 0.999991 0.001765 -0.024569 0.002222 -0.001757 0.999996 -0.103113 
468 471 0.999995 0.002817 -0.001522 -7.847481 -0.002819 0.999996 -0.000885 -0.034022 0.001519 0.000889 0.999998 -0.089360 
472 475 0.999999 0.001283 0.000940 -7.790602 -0.001284 0.999998 0.001246 -0.040387 -0.000938 -0.001247 0.999999 -0.078743 
476 479 0.999999 0.000298 0.001144 -7.771971 -0.000293 0.999992 -0.004038 -0.057087 -0.001145 0.004038 0.999991 -0.050935 
480 483 0.999894 0.000663 -0.014558 -7.790089 -0.000642 0.999999 0.001437 -0.047940 0.014559 -0.001428 0.999893 -0.124223 
484 487 0.999990 0.002364 -0.003678 -7.793586 -0.002364 0.999997 0.000067 -0.038111 0.003679 -0.000058 0.999993 -0.097294 
488 491 0.999994 0.003454 -0.000083 -7.801078 -0.003454 0.999993 0.001344 -0.029490 0.000088 -0.001344 0.999999 -0.085777 
492 495 0.999994 0.002927 -0.002058 -7.748464 -0.002928 0.999996 -0.000231 -0.035067 0.002057 0.000237 0.999998 -0.088952 
496 499 0.999950 0.002132 -0.009814 -7.814898 -0.002145 0.999997 -0.001282 -0.040995 0.009811 0.001303 0.999951 -0.115132 
500 503 0.999997 0.000193 0.002276 -7.794574 -0.000206 0.999983 0.005839 -0.038514 -0.002275 -0.005839 0.999980 -0.085994 
504 507 1.000000 -0.000561 0.000503 -7.834485 0.000563 0.999990 -0.004488 -0.061037 -0.000501 0.004488 0.999990 -0.073865 
508 511 0.999999 0.000712 -0.000804 -7.825942 -0.000709 0.999993 0.003536 -0.031185 0.000807 -0.003535 0.999993 -0.085689 
512 515 0.999998 0.001895 0.000557 -7.818155 -0.001894 0.999997 -0.001566 -0.039720 -0.000560 0.001565 0.999999 -0.085209 
516 519 0.999982 0.001187 -0.005846 -7.802121 -0.001200 0.999997 -0.002216 -0.038181 0.005843 0.002223 0.999980 -0.114586 
520 523 0.999999 0.001381 -0.000237 -7.781127 -0.001380 0.999999 0.000916 -0.040029 0.000238 -0.000916 1.000000 -0.097420 
524 527 0.999998 0.000963 -0.001865 -7.729784 -0.000953 0.999987 0.005092 -0.024290 0.001869 -0.005090 0.999985 -0.107434 
528 531 0.999997 0.001944 -0.001640 -7.687989 -0.001960 0.999955 -0.009305 -0.044522 0.001622 0.009308 0.999955 -0.097158 
532 535 0.999996 0.002821 0.000207 -7.654223 -0.002821 0.999995 0.001275 -0.022750 -0.000204 -0.001275 0.999999 -0.089594 
536 539 0.999992 0.003198 0.002430 -7.661952 -0.003197 0.999995 -0.000297 -0.021158 -0.002431 0.000289 0.999997 -0.066747 
540 543 0.999957 0.002349 -0.008970 -7.621091 -0.002333 0.999996 0.001754 -0.019045 0.008974 -0.001733 0.999958 -0.118767 
544 547 0.999996 0.001037 0.002735 -7.613200 -0.001023 0.999988 -0.004778 -0.046315 -0.002740 0.004775 0.999985 -0.069672 
548 551 0.999999 0.000749 -0.001596 -7.622250 -0.000739 0.999978 0.006511 -0.023880 0.001601 -0.006510 0.999978 -0.098804 
552 555 0.999984 0.002520 0.005007 -7.631613 -0.002540 0.999989 0.003844 -0.017042 -0.004997 -0.003856 0.999980 -0.050973 
556 559 0.999976 0.002936 -0.006290 -7.617468 -0.002944 0.999995 -0.001253 -0.025088 0.006286 0.001271 0.999979 -0.101366 
560 563 0.999991 0.003324 0.002475 -7.622725 -0.003325 0.999994 0.000312 -0.019926 -0.002474 -0.000320 0.999997 -0.059532 
564 567 0.999984 0.003352 -0.004543 -7.625534 -0.003348 0.999994 0.000886 -0.015582 0.004546 -0.000871 0.999989 -0.095281 
568 571 0.999994 0.003161 0.001406 -7.635785 -0.003160 0.999994 -0.001111 -0.020510 -0.001409 0.001107 0.999998 -0.074910 
572 575 0.999993 0.003360 0.001863 -7.647742 -0.003360 0.999994 -0.000247 -0.019349 -0.001863 0.000241 0.999998 -0.067744 
576 579 0.999995 0.003050 0.000390 -7.663411 -0.003050 0.999995 0.000871 -0.025947 -0.000387 -0.000872 1.000000 -0.080053 
580 583 0.999997 0.001408 -0.001849 -7.696357 -0.001413 0.999995 -0.002720 -0.042099 0.001845 0.002723 0.999995 -0.084737 
584 587 0.999998 -0.000778 -0.001768 -7.725978 0.000777 1.000000 -0.000180 -0.048574 0.001769 0.000178 0.999998 -0.082000 
588 591 0.999999 -0.000692 0.001162 -7.742448 0.000689 0.999996 0.002574 -0.044861 -0.001164 -0.002573 0.999996 -0.067772 
592 595 0.999997 0.000030 0.002544 -7.780953 -0.000033 0.999999 0.001196 -0.037955 -0.002544 -0.001196 0.999996 -0.049217 
596 599 0.999960 0.001081 -0.008847 -7.838555 -0.001081 0.999999 -0.000035 -0.042750 0.008847 0.000044 0.999961 -0.102232 
600 603 0.999999 0.001335 0.000786 -7.874699 -0.001335 0.999999 -0.000409 -0.036333 -0.000787 0.000408 1.000000 -0.061093 
604 607 0.999992 0.003661 0.001385 -7.920404 -0.003663 0.999993 0.000951 -0.023901 -0.001382 -0.000956 0.999999 -0.072149 
608 611 0.999993 0.002145 -0.003122 -7.928953 -0.002144 0.999998 0.000293 -0.032790 0.003123 -0.000286 0.999995 -0.087872 
612 615 0.999990 0.004299 0.000907 -7.956650 -0.004300 0.999990 0.001164 -0.019906 -0.000902 -0.001168 0.999999 -0.070126 
616 619 0.999988 0.004829 0.000351 -7.975938 -0.004830 0.999988 0.000997 -0.014999 -0.000346 -0.000998 0.999999 -0.076435 
620 623 0.999993 0.001847 0.003162 -8.021370 -0.001843 0.999998 -0.001214 -0.040781 -0.003164 0.001208 0.999994 -0.048629 
624 627 0.999995 0.002100 -0.002478 -8.068364 -0.002098 0.999997 0.000920 -0.036106 0.002480 -0.000914 0.999997 -0.081993 
628 631 0.999988 0.001148 -0.004830 -8.112264 -0.001146 0.999999 0.000360 -0.032573 0.004830 -0.000355 0.999988 -0.093533 
632 635 0.999908 0.002473 0.013339 -8.143068 -0.002455 0.999996 -0.001401 -0.035123 -0.013342 0.001368 0.999910 0.005518 
636 639 0.999970 0.000870 -0.007726 -8.178948 -0.000867 1.000000 0.000307 -0.030933 0.007726 -0.000300 0.999970 -0.094963 
640 643 0.999998 0.001599 -0.000953 -8.212490 -0.001599 0.999998 0.000765 -0.035738 0.000954 -0.000763 0.999999 -0.075965 
644 647 0.999998 0.002066 0.000813 -8.202718 -0.002067 0.999997 0.001190 -0.032171 -0.000811 -0.001192 0.999999 -0.081541 
648 651 0.999997 0.002283 -0.000231 -8.229590 -0.002282 0.999997 0.000603 -0.032940 0.000232 -0.000602 1.000000 -0.076874 
652 655 0.999998 0.001703 0.000380 -8.196919 -0.001703 0.999998 0.000941 -0.036639 -0.000379 -0.000941 0.999999 -0.082744 
656 659 0.999998 0.001808 -0.000037 -8.199704 -0.001808 0.999998 0.001167 -0.033756 0.000040 -0.001167 0.999999 -0.080088 
660 663 0.999989 0.001675 0.004425 -8.183224 -0.001672 0.999998 -0.000730 -0.039920 -0.004426 0.000723 0.999990 -0.058787 
664 667 0.999997 0.001328 -0.002175 -8.203123 -0.001327 0.999999 0.000329 -0.035314 0.002176 -0.000327 0.999998 -0.083405 
668 671 0.999998 0.001698 0.000894 -8.193754 -0.001699 0.999998 0.000636 -0.039631 -0.000893 -0.000638 0.999999 -0.075283 
672 675 0.999998 0.000524 -0.001738 -8.152064 -0.000525 1.000000 -0.000734 -0.038945 0.001737 0.000735 0.999998 -0.095560 
676 679 0.999998 0.001763 -0.000805 -8.129057 -0.001763 0.999998 -0.000346 -0.038010 0.000804 0.000347 1.000000 -0.089898 
680 683 0.999995 0.002730 0.001844 -8.118546 -0.002733 0.999995 0.001555 -0.031934 -0.001840 -0.001560 0.999997 -0.074385 
684 687 0.999994 0.003503 0.000720 -8.122820 -0.003501 0.999989 -0.003072 -0.038761 -0.000731 0.003069 0.999995 -0.079851 
688 691 0.999995 0.002696 -0.001717 -8.105171 -0.002695 0.999996 0.000475 -0.033753 0.001719 -0.000470 0.999998 -0.086416 
692 695 0.999992 0.003877 0.000282 -8.082170 -0.003877 0.999991 0.001578 -0.032297 -0.000276 -0.001579 0.999999 -0.082461 
696 699 0.999995 0.002683 0.001491 -8.036868 -0.002685 0.999995 0.001479 -0.030517 -0.001487 -0.001483 0.999998 -0.078792 
700 703 0.999995 0.002781 0.001177 -8.034003 -0.002780 0.999996 -0.000928 -0.041718 -0.001179 0.000925 0.999999 -0.060317 
704 707 0.999996 0.002026 -0.002008 -8.015330 -0.002025 0.999998 0.000496 -0.035097 0.002009 -0.000492 0.999998 -0.086619 
708 711 0.999997 0.002155 -0.000581 -7.988271 -0.002155 0.999998 0.000514 -0.029489 0.000582 -0.000513 1.000000 -0.078714 
712 715 0.999994 0.002093 -0.002891 -7.957239 -0.002090 0.999997 0.000987 -0.035390 0.002893 -0.000981 0.999995 -0.089898 
716 719 0.999998 0.001876 -0.000496 -7.915006 -0.001876 0.999998 0.000818 -0.035298 0.000497 -0.000817 1.000000 -0.086421 
720 723 0.999998 0.001796 -0.000805 -7.850115 -0.001796 0.999998 0.000242 -0.032792 0.000805 -0.000241 1.000000 -0.088891 
724 727 0.999995 -0.000394 -0.003173 -7.787744 0.000392 1.000000 -0.000398 -0.047363 0.003173 0.000397 0.999995 -0.104941 
728 731 1.000000 0.000446 -0.000609 -7.725982 -0.000447 0.999999 -0.001325 -0.050793 0.000608 0.001325 0.999999 -0.090747 
732 735 0.999999 0.001381 0.000966 -7.665513 -0.001383 0.999997 0.001825 -0.036625 -0.000964 -0.001827 0.999998 -0.082829 
736 739 0.999998 0.001793 -0.000617 -7.609079 -0.001793 0.999998 0.000945 -0.027041 0.000619 -0.000944 0.999999 -0.077905 
740 743 0.999989 0.000652 -0.004726 -7.564781 -0.000656 1.000000 -0.000712 -0.032658 0.004725 0.000715 0.999989 -0.102215 
744 747 0.999989 0.002007 0.004339 -7.515734 -0.002007 0.999998 -0.000047 -0.033796 -0.004339 0.000038 0.999991 -0.062954 
748 752 0.999977 0.000976 -0.006713 -9.939800 -0.000986 0.999998 -0.001420 -0.049578 0.006712 0.001426 0.999976 -0.123012 
753 757 0.999992 0.000375 -0.004031 -9.848514 -0.000378 1.000000 -0.000628 -0.054282 0.004030 0.000629 0.999992 -0.146696 
758 762 0.999991 -0.003726 -0.001795 -9.754437 0.003725 0.999993 -0.000765 -0.087305 0.001798 0.000759 0.999998 -0.117725 
763 767 0.999997 -0.001997 -0.001436 -9.682971 0.001997 0.999998 0.000312 -0.081805 0.001436 -0.000314 0.999999 -0.110099 
768 772 0.999975 -0.005989 -0.003822 -9.629622 0.005984 0.999981 -0.001361 -0.106017 0.003831 0.001338 0.999992 -0.130704 
773 777 0.999935 -0.011141 -0.002393 -9.543778 0.011138 0.999937 -0.001142 -0.126828 0.002405 0.001115 0.999996 -0.121459 
778 782 0.999909 -0.012538 -0.004912 -9.441466 0.012545 0.999920 0.001306 -0.127562 0.004895 -0.001368 0.999987 -0.146017 
783 787 0.999963 -0.008411 -0.001748 -9.336465 0.008412 0.999965 0.000318 -0.103190 0.001745 -0.000333 0.999998 -0.124118 
788 792 0.999993 -0.002670 0.002510 -9.222100 0.002671 0.999996 -0.000319 -0.078553 -0.002509 0.000326 0.999997 -0.105269 
793 797 0.999999 0.000094 -0.001667 -9.113987 -0.000094 1.000000 -0.000174 -0.065826 0.001667 0.000174 0.999999 -0.124949 
798 802 0.999918 0.006575 -0.011005 -9.005177 -0.006551 0.999976 0.002197 -0.021183 0.011019 -0.002125 0.999937 -0.171008 
803 807 0.999912 0.010961 0.007467 -8.881891 -0.010994 0.999930 0.004380 0.003611 -0.007418 -0.004462 0.999963 -0.097550 
808 812 0.999952 0.008419 -0.005088 -8.838919 -0.008423 0.999964 -0.000597 -0.018878 0.005083 0.000640 0.999987 -0.108265 
813 817 0.999996 0.002646 -0.000837 -8.786359 -0.002653 0.999960 -0.008547 -0.062997 0.000814 0.008550 0.999963 -0.097615 
818 822 0.999997 0.000435 -0.002256 -8.711776 -0.000435 1.000000 0.000205 -0.060674 0.002257 -0.000204 0.999997 -0.111263 
823 827 0.999985 0.002396 -0.004829 -8.637424 -0.002384 0.999994 0.002403 -0.048452 0.004835 -0.002391 0.999985 -0.126378 
828 832 0.999983 0.005413 -0.002036 -8.554170 -0.005411 0.999985 0.001122 -0.032089 0.002042 -0.001111 0.999997 -0.105950 
833 837 0.999958 0.006146 -0.006798 -8.502652 -0.006177 0.999971 -0.004511 -0.034333 0.006770 0.004553 0.999967 -0.131544 
838 842 0.999985 0.005026 -0.002045 -8.355861 -0.005026 0.999987 -0.000372 -0.038220 0.002043 0.000382 0.999998 -0.108910 
843 847 0.999994 0.001007 -0.003375 -8.254259 -0.000979 0.999967 0.008033 -0.043466 0.003383 -0.008030 0.999962 -0.139052 
848 852 0.999995 -0.003029 0.000761 -8.026270 0.003035 0.999960 -0.008462 -0.077646 -0.000735 0.008464 0.999964 -0.100339 
853 858 0.999949 -0.006313 -0.007943 -9.854962 0.006287 0.999975 -0.003300 -0.113645 0.007964 0.003250 0.999963 -0.176659 
859 864 0.999980 -0.005660 -0.002687 -9.489678 0.005705 0.999842 0.016863 -0.064887 0.002591 -0.016878 0.999854 -0.147694 
865 870 0.999950 -0.009988 -0.000976 -9.050216 0.010001 0.999849 0.014228 -0.084349 0.000834 -0.014237 0.999898 -0.151888 
871 876 0.999700 -0.024304 -0.002993 -8.541386 0.024328 0.999670 0.008194 -0.162509 0.002793 -0.008264 0.999962 -0.156273 
877 883 0.996632 -0.081989 0.001699 -9.620561 0.081979 0.996621 0.005154 -0.497792 -0.002116 -0.004997 0.999985 -0.146505 
884 890 0.992804 -0.119732 -0.001986 -9.178621 0.119747 0.992740 0.011331 -0.614780 0.000614 -0.011488 0.999934 -0.142343 
891 897 0.988798 -0.149237 -0.002815 -9.031250 0.149246 0.988793 0.003706 -0.763643 0.002231 -0.004084 0.999989 -0.147581 
898 904 0.986983 -0.160733 0.005393 -8.951417 0.160678 0.986962 0.009382 -0.796712 -0.006831 -0.008393 0.999941 -0.098214 
905 911 0.984954 -0.172811 0.001066 -8.911242 0.172801 0.984935 0.006513 -0.833293 -0.002175 -0.006231 0.999978 -0.112307 
912 918 0.986462 -0.163991 0.000247 -8.887486 0.163985 0.986437 0.007135 -0.794434 -0.001413 -0.006997 0.999974 -0.096240 
919 925 0.987898 -0.155093 0.002013 -8.929694 0.155073 0.987873 0.007740 -0.743125 -0.003189 -0.007334 0.999968 -0.088247 
926 932 0.986525 -0.163590 0.002436 -9.023121 0.163581 0.986523 0.003756 -0.821649 -0.003018 -0.003307 0.999990 -0.105873 
933 939 0.985146 -0.171711 0.001915 -9.104731 0.171698 0.985134 0.005613 -0.872794 -0.002850 -0.005201 0.999982 -0.085468 
940 946 0.983874 -0.178865 0.000053 -9.112323 0.178862 0.983860 0.005287 -0.907654 -0.000998 -0.005193 0.999986 -0.113283 
947 953 0.983826 -0.179093 0.003350 -9.089121 0.179069 0.983814 0.006669 -0.906511 -0.004490 -0.005962 0.999972 -0.085270 
954 960 0.985649 -0.168806 0.000208 -9.208841 0.168803 0.985639 0.004676 -0.854467 -0.000995 -0.004574 0.999989 -0.095496 
961 967 0.989566 -0.144081 0.000531 -9.426390 0.144077 0.989554 0.005025 -0.747884 -0.001249 -0.004896 0.999987 -0.091926 
968 974 0.994907 -0.100771 0.002225 -9.717843 0.100742 0.994856 0.010619 -0.512838 -0.003283 -0.010341 0.999941 -0.061324 
975 980 0.998560 -0.053625 -0.001648 -8.360742 0.053626 0.998561 0.000420 -0.259133 0.001624 -0.000507 0.999999 -0.073962 
981 986 0.999670 -0.025563 -0.002409 -8.516219 0.025563 0.999673 -0.000274 -0.152182 0.002415 0.000213 0.999997 -0.092852 
987 992 0.999942 -0.010801 0.000270 -8.558436 0.010800 0.999941 0.001122 -0.079525 -0.000282 -0.001119 0.999999 -0.095281 
993 998 0.999974 -0.005986 -0.004111 -8.582174 0.005988 0.999982 0.000298 -0.061739 0.004109 -0.000322 0.999991 -0.112685 
999 1004 0.999972 -0.007416 -0.000473 -8.517668 0.007415 0.999971 -0.001848 -0.070058 0.000487 0.001844 0.999998 -0.097620 
1005 1011 0.999775 -0.021198 0.000454 -9.967610 0.021199 0.999774 -0.001323 -0.184765 -0.000426 0.001332 0.999999 -0.145367 
1012 1018 0.997042 -0.076859 -0.000988 -9.502833 0.076857 0.997039 -0.002680 -0.487103 0.001191 0.002596 0.999996 -0.152149 
1019 1025 0.990495 -0.137504 0.003442 -8.948036 0.137485 0.990490 0.005337 -0.722290 -0.004143 -0.004813 0.999980 -0.117374 
1026 1032 0.983293 -0.182024 0.001390 -8.682569 0.181980 0.983176 0.015765 -0.873823 -0.004236 -0.015249 0.999875 -0.113479 
1033 1039 0.977107 -0.212655 0.006278 -8.550214 0.212610 0.977112 0.007042 -1.003987 -0.007631 -0.005546 0.999955 -0.077468 
1040 1046 0.976589 -0.214913 0.009322 -8.449622 0.214836 0.976612 0.008627 -0.992109 -0.010959 -0.006423 0.999919 -0.042347 
1047 1054 0.974382 -0.224698 0.009510 -9.815382 0.224542 0.974346 0.015190 -1.139760 -0.012679 -0.012666 0.999839 -0.051012 
1055 1061 0.980508 -0.195693 0.017536 -8.502825 0.195846 0.980606 -0.007484 -0.953898 -0.015731 0.010772 0.999818 0.036968 
1062 1068 0.979679 -0.200570 -0.000032 -8.628447 0.200566 0.979657 0.006713 -0.945709 -0.001315 -0.006583 0.999977 -0.002976 
1069 1075 0.980975 -0.194079 0.004673 -8.737943 0.194121 0.980910 -0.011468 -0.931560 -0.002358 0.012156 0.999923 -0.053017 
1076 1082 0.991024 -0.133678 0.001208 -9.042416 0.133669 0.991010 0.005600 -0.615785 -0.001945 -0.005388 0.999984 -0.028741 
1083 1089 0.997534 -0.070138 -0.002591 -9.449415 0.070144 0.997534 0.002294 -0.319056 0.002424 -0.002470 0.999994 -0.065942 
1090 1096 0.999900 -0.012892 -0.005729 -9.838753 0.012885 0.999916 -0.001201 -0.102989 0.005744 0.001127 0.999983 -0.072821 
