0 6 0.999950 0.008516 -0.005166 -9.124346 -0.008507 0.999962 0.001771 -0.019316 0.005181 -0.001727 0.999985 -0.122669 
7 13 0.999981 0.005087 -0.003436 -8.917601 -0.005096 0.999983 -0.002673 -0.039352 0.003423 0.002690 0.999990 -0.123225 
14 20 1.000000 -0.000461 0.000015 -8.681255 0.000461 0.999999 -0.001287 -0.066275 -0.000014 0.001287 0.999999 -0.100168 
21 28 0.999987 -0.004686 -0.001922 -9.603221 0.004686 0.999989 -0.000162 -0.099072 0.001922 0.000153 0.999998 -0.153656 
29 37 0.999336 -0.036391 0.001916 -9.855976 0.036396 0.999333 -0.003083 -0.286500 -0.001803 0.003151 0.999993 -0.139584 
38 47 0.987826 -0.155416 -0.006712 -9.994425 0.155412 0.987849 -0.001061 -0.939071 0.006795 0.000005 0.999977 -0.187931 
48 58 0.956757 -0.290888 0.000582 -9.802009 0.290710 0.956236 0.033167 -1.490444 -0.010204 -0.031564 0.999450 -0.072292 
59 70 0.920508 -0.389937 0.024775 -9.821035 0.390167 0.920730 -0.005062 -1.959748 -0.020837 0.014326 0.999680 0.027411 
71 81 0.930658 -0.365865 0.004344 -9.132120 0.365786 0.930040 -0.035022 -1.749153 0.008774 0.034183 0.999377 -0.122683 
82 92 0.970433 -0.241128 0.010820 -9.690607 0.240814 0.970265 0.024400 -0.902637 -0.016382 -0.021073 0.999644 0.031628 
93 102 0.999428 -0.026198 0.021396 -9.087222 0.025938 0.999587 0.012342 -0.118833 -0.021711 -0.011780 0.999695 0.028562 
103 112 0.999719 -0.022131 0.008454 -9.436630 0.022267 0.999620 -0.016271 -0.168193 -0.008090 0.016455 0.999832 -0.021067 
113 122 0.999942 -0.001389 -0.010647 -9.834089 0.001217 0.999870 -0.016082 -0.085948 0.010668 0.016068 0.999814 -0.144064 
123 131 0.999974 0.003319 0.006430 -9.058286 -0.003387 0.999938 0.010603 -0.004996 -0.006395 -0.010625 0.999923 -0.030805 
132 140 0.999986 0.002051 -0.004920 -9.388569 -0.002064 0.999994 -0.002610 -0.048475 0.004914 0.002621 0.999984 -0.047772 
141 149 0.999949 0.009450 -0.003597 -9.708531 -0.009435 0.999947 0.004150 0.001591 0.003636 -0.004116 0.999985 -0.047997 
150 158 0.999974 -0.003390 -0.006285 -10.043128 0.003279 0.999839 -0.017650 -0.130001 0.006344 0.017629 0.999825 -0.067624 
159 167 0.997725 -0.067375 -0.002313 -9.990931 0.067356 0.997699 -0.007706 -0.490432 0.002827 0.007533 0.999968 -0.082153 
168 176 0.991893 -0.127016 0.004026 -9.709936 0.127071 0.991693 -0.019960 -0.683270 -0.001457 0.020309 0.999793 -0.078619 
177 185 0.991779 -0.127715 0.007991 -9.542976 0.127751 0.991797 -0.004201 -0.654276 -0.007389 0.005188 0.999959 0.017571 
186 194 0.989169 -0.146729 -0.003828 -9.781737 0.146614 0.988958 -0.021605 -0.791570 0.006955 0.020810 0.999759 -0.051783 
195 202 0.989760 -0.142653 -0.004996 -8.807372 0.142520 0.989568 -0.021056 -0.723961 0.007947 0.020129 0.999766 -0.079852 
203 210 0.984807 -0.173639 0.002331 -8.937419 0.173649 0.984793 -0.005410 -0.827104 -0.001357 0.005732 0.999983 -0.011161 
211 218 0.991129 -0.132903 0.000525 -8.941605 0.132903 0.991098 -0.007834 -0.600675 0.000521 0.007835 0.999969 -0.048027 
219 226 0.997734 -0.066743 -0.008476 -8.997412 0.066779 0.997759 0.004123 -0.270325 0.008181 -0.004680 0.999956 -0.057162 
227 234 0.999832 -0.016398 0.008181 -9.024084 0.016516 0.999756 -0.014673 -0.101774 -0.007938 0.014806 0.999859 0.008110 
235 242 0.999358 0.034395 -0.010043 -8.933258 -0.034394 0.999408 0.000216 0.156366 0.010045 0.000129 0.999950 -0.116581 
243 250 0.995787 0.091681 0.001532 -8.864391 -0.091693 0.995693 0.013698 0.415511 -0.000270 -0.013781 0.999905 -0.056926 
251 258 0.992149 0.124591 -0.010802 -8.722887 -0.124233 0.991824 0.029164 0.573219 0.014347 -0.027593 0.999516 -0.137288 
259 267 0.980191 0.198027 -0.003165 -9.609875 -0.197926 0.980010 0.020133 0.990769 0.007088 -0.019108 0.999792 -0.116121 
268 276 0.971918 0.235267 -0.004920 -9.316991 -0.235195 0.971874 0.012026 1.099030 0.007611 -0.010532 0.999916 -0.115497 
277 285 0.961497 0.274786 -0.003997 -9.248380 -0.274604 0.961226 0.025237 1.278218 0.010777 -0.023168 0.999673 -0.133107 
286 294 0.964214 0.265115 -0.002267 -9.203905 -0.265047 0.964102 0.016039 1.161582 0.006438 -0.014864 0.999869 -0.098197 
295 303 0.970158 0.242465 0.002054 -9.361514 -0.242419 0.969725 0.029429 1.133676 0.005143 -0.029049 0.999565 -0.064844 
304 312 0.975193 0.221348 -0.001689 -9.552623 -0.221301 0.975096 0.014618 0.962494 0.004883 -0.013882 0.999892 -0.085133 
313 321 0.986197 0.165458 -0.006326 -9.846388 -0.165348 0.986118 0.015179 0.776923 0.008750 -0.013924 0.999865 -0.092638 
322 329 0.993294 0.115528 -0.004628 -8.895517 -0.115439 0.993181 0.016280 0.459531 0.006477 -0.015636 0.999857 -0.054425 
330 337 0.999037 0.042771 -0.009760 -9.215088 -0.042694 0.999056 0.007982 0.131130 0.010092 -0.007558 0.999921 -0.081211 
338 345 0.999741 0.022543 -0.003123 -9.354660 -0.022554 0.999739 -0.003529 0.045533 0.003042 0.003599 0.999989 -0.061060 
346 353 0.999993 0.002783 -0.002298 -9.343546 -0.002780 0.999996 0.001058 -0.038486 0.002301 -0.001052 0.999997 -0.078312 
354 361 0.999996 0.000019 -0.002971 -9.471870 -0.000019 1.000000 -0.000009 -0.053136 0.002971 0.000009 0.999996 -0.067192 
362 369 0.999932 0.001248 -0.011576 -9.626125 -0.001309 0.999985 -0.005276 -0.046317 0.011569 0.005291 0.999919 -0.115409 
370 377 0.999807 0.016891 -0.010017 -9.457145 -0.016860 0.999853 0.003104 0.038713 0.010068 -0.002935 0.999945 -0.148274 
378 385 0.999877 0.014621 0.005748 -8.953282 -0.014622 0.999893 0.000254 0.009408 -0.005743 -0.000338 0.999983 -0.059422 
386 394 0.997831 -0.065833 -0.000178 -9.718122 0.065818 0.997655 -0.018785 -0.468901 0.001414 0.018733 0.999824 -0.115513 
395 403 0.985944 -0.167072 0.000860 -9.535828 0.167054 0.985736 -0.020450 -0.933981 0.002569 0.020306 0.999791 -0.100237 
404 412 0.967797 -0.251731 -0.000945 -9.107548 0.251652 0.967578 -0.021555 -1.286464 0.006340 0.020623 0.999767 -0.135623 
413 422 0.950198 -0.311623 -0.003856 -9.736223 0.311522 0.950094 -0.016570 -1.596126 0.008827 0.014543 0.999855 -0.141257 
423 432 0.948200 -0.317634 0.004943 -9.436437 0.317664 0.947941 -0.022323 -1.574404 0.002405 0.022737 0.999739 -0.109859 
433 442 0.945828 -0.324337 -0.014683 -9.264124 0.323962 0.945785 -0.023225 -1.555457 0.021420 0.017210 0.999622 -0.157431 
443 452 0.940967 -0.338449 0.005793 -9.572019 0.338481 0.940605 -0.026322 -1.704418 0.003460 0.026729 0.999637 -0.044890 
453 462 0.946499 -0.322538 -0.010476 -9.720152 0.322412 0.946522 -0.012109 -1.590336 0.013822 0.008083 0.999872 -0.120942 
463 472 0.991279 -0.131535 -0.008068 -9.647690 0.131625 0.991230 0.011793 -0.466296 0.006446 -0.012752 0.999898 -0.090907 
473 482 0.998658 -0.051240 -0.007484 -9.598892 0.051311 0.998637 0.009512 -0.195471 0.006987 -0.009884 0.999927 -0.143032 
483 493 0.989927 0.141550 -0.002883 -9.392475 -0.141509 0.989874 0.011200 0.837337 0.004440 -0.010679 0.999933 -0.174359 
494 507 0.751618 0.658499 -0.038076 -8.898038 -0.659271 0.751811 -0.011890 3.353324 0.020797 0.034039 0.999204 -0.286146 
508 519 0.841480 0.540190 0.010347 -8.859946 -0.540286 0.841256 0.019474 1.934173 0.001815 -0.021977 0.999757 0.132781 
520 530 0.952147 0.305410 0.011885 -9.491525 -0.305440 0.952211 0.000819 1.290413 -0.011067 -0.004410 0.999929 -0.016994 
531 541 0.931006 0.364490 0.019373 -9.626916 -0.364642 0.931135 0.004885 1.631644 -0.016258 -0.011612 0.999800 0.007016 
542 552 0.976067 0.217180 0.011220 -9.675999 -0.217365 0.975898 0.019400 0.914313 -0.006736 -0.021374 0.999749 -0.076202 
553 563 0.969198 0.246269 -0.002492 -9.575221 -0.246123 0.968889 0.026039 1.160757 0.008827 -0.024623 0.999658 -0.111086 
564 573 0.978258 0.207344 0.004412 -9.083299 -0.207385 0.978167 0.013440 0.703320 -0.001529 -0.014063 0.999900 -0.022632 
574 583 0.999293 0.037578 -0.001531 -9.971057 -0.037572 0.999287 0.003802 0.094908 0.001672 -0.003742 0.999992 -0.049275 
584 592 0.999864 0.016433 -0.001373 -9.548962 -0.016420 0.999829 0.008487 0.027651 0.001512 -0.008463 0.999963 -0.056733 
593 600 0.999869 0.016172 0.000987 -8.812413 -0.016172 0.999869 -0.000479 0.029341 -0.000995 0.000463 0.999999 -0.037297 
601 608 0.999649 0.026463 -0.001217 -8.809568 -0.026465 0.999648 -0.001887 0.062498 0.001167 0.001918 0.999998 -0.105742 
609 617 0.999740 0.020775 0.009400 -9.979845 -0.020620 0.999656 -0.016231 0.001978 -0.009734 0.016033 0.999824 -0.009655 
618 626 0.999989 -0.004670 0.001147 -9.912455 0.004674 0.999983 -0.003479 -0.100022 -0.001131 0.003484 0.999993 -0.064770 
627 635 0.999913 -0.012866 0.002964 -9.820801 0.012875 0.999913 -0.002906 -0.113832 -0.002926 0.002944 0.999991 -0.028903 
636 644 0.999993 -0.003745 0.000363 -9.884107 0.003743 0.999976 0.005770 -0.046418 -0.000385 -0.005769 0.999983 -0.028660 
645 653 0.999991 -0.004238 0.000536 -9.952317 0.004235 0.999977 0.005369 -0.056524 -0.000559 -0.005367 0.999985 -0.022222 
654 662 0.999924 -0.011904 -0.003126 -10.007042 0.011896 0.999926 -0.002728 -0.121360 0.003159 0.002690 0.999991 -0.026263 
663 670 0.999206 -0.038968 -0.008279 -8.818550 0.039005 0.999230 0.004289 -0.205575 0.008106 -0.004608 0.999957 -0.069356 
671 678 0.999272 -0.037767 -0.005333 -8.878936 0.037712 0.999238 -0.010104 -0.228310 0.005710 0.009895 0.999935 -0.093939 
679 686 0.999232 -0.039040 0.003280 -8.907225 0.039017 0.999215 0.006869 -0.206022 -0.003546 -0.006736 0.999971 -0.053580 
687 694 0.999232 -0.038955 -0.004160 -8.944152 0.038891 0.999140 -0.014409 -0.251070 0.004717 0.014236 0.999887 -0.078233 
695 702 0.998884 -0.046827 -0.006234 -9.007300 0.046769 0.998864 -0.009157 -0.263464 0.006656 0.008855 0.999939 -0.069201 
703 710 0.999215 -0.038011 -0.011122 -9.135749 0.037965 0.999270 -0.004318 -0.232194 0.011278 0.003892 0.999929 -0.097032 
711 718 0.998526 -0.053904 -0.006376 -9.245054 0.053927 0.998539 0.003463 -0.301251 0.006180 -0.003802 0.999974 -0.071943 
719 726 0.998187 -0.058093 -0.015767 -9.396269 0.058088 0.998311 -0.000731 -0.301635 0.015783 -0.000186 0.999875 -0.136538 
727 734 0.998995 -0.043757 -0.009718 -9.225291 0.043726 0.999038 -0.003332 -0.244777 0.009855 0.002904 0.999947 -0.141434 
735 742 0.999586 -0.028770 -0.000121 -9.059922 0.028770 0.999564 0.006589 -0.161717 -0.000068 -0.006590 0.999978 -0.090083 
743 750 0.999904 -0.012525 -0.005995 -8.883726 0.012532 0.999921 0.001191 -0.090794 0.005980 -0.001266 0.999981 -0.122507 
751 759 0.999950 -0.009940 -0.001416 -9.701611 0.009920 0.999857 -0.013672 -0.122999 0.001552 0.013657 0.999906 -0.130267 
760 768 0.999980 0.002607 -0.005680 -9.504454 -0.002606 0.999997 0.000204 -0.033273 0.005680 -0.000189 0.999984 -0.115699 
769 777 0.998953 -0.045325 -0.006275 -9.819325 0.045239 0.998889 -0.013206 -0.365086 0.006867 0.012909 0.999893 -0.097982 
778 785 0.998272 -0.058714 -0.002428 -8.937553 0.058716 0.998274 0.000832 -0.299805 0.002375 -0.000973 0.999997 -0.085204 
786 793 0.999149 -0.039430 -0.012085 -9.220822 0.039559 0.999161 0.010623 -0.204545 0.011656 -0.011092 0.999871 -0.127255 
794 801 0.999867 -0.015365 -0.005480 -9.110322 0.015423 0.999823 0.010771 -0.087951 0.005314 -0.010854 0.999927 -0.109984 
802 809 0.999971 0.001880 -0.007451 -9.205784 -0.001873 0.999998 0.001054 -0.028103 0.007453 -0.001040 0.999972 -0.095724 
810 817 0.999968 0.004833 -0.006319 -9.212569 -0.004806 0.999979 0.004302 -0.030845 0.006340 -0.004271 0.999971 -0.176237 
818 825 0.999991 -0.000638 -0.004237 -9.167517 0.000619 0.999989 -0.004551 -0.075707 0.004240 0.004548 0.999981 -0.114551 
826 833 0.999918 -0.012302 -0.003536 -9.130889 0.012322 0.999908 0.005599 -0.093323 0.003467 -0.005642 0.999978 -0.097180 
834 841 0.999651 -0.026283 -0.002482 -9.095286 0.026259 0.999612 -0.009240 -0.177661 0.002724 0.009172 0.999954 -0.128556 
842 850 0.999811 -0.019318 0.002036 -9.731278 0.019321 0.999812 -0.001530 -0.141325 -0.002006 0.001569 0.999997 -0.149769 
851 859 0.999944 -0.009632 0.004430 -9.149651 0.009653 0.999942 -0.004699 -0.099946 -0.004385 0.004742 0.999979 -0.111440 
860 869 0.999948 -0.010149 -0.000471 -9.613092 0.010154 0.999865 0.012896 -0.107641 0.000340 -0.012900 0.999917 -0.136460 
870 880 0.999297 -0.037363 0.003044 -9.320333 0.037364 0.999302 -0.000356 -0.188112 -0.003029 0.000470 0.999995 -0.106665 
881 894 0.999884 0.015119 0.001606 -9.419297 -0.015109 0.999866 -0.006253 0.012789 -0.001700 0.006228 0.999979 -0.079705 
895 913 0.846153 0.532695 -0.016187 -9.361584 -0.532630 0.846306 0.008420 3.228315 0.018185 0.001497 0.999834 -0.291247 
914 929 0.858066 0.513255 -0.017079 -9.459662 -0.513401 0.858132 -0.005334 1.638645 0.011918 0.013345 0.999840 -0.159369 
930 942 0.999941 0.010419 -0.003116 -9.346119 -0.010411 0.999943 0.002593 -0.037040 0.003143 -0.002560 0.999992 -0.079693 
943 954 0.999879 -0.000501 -0.015532 -9.929633 0.000557 0.999993 0.003586 -0.045939 0.015530 -0.003594 0.999873 -0.158021 
955 965 0.999957 -0.002500 -0.008967 -9.571055 0.002557 0.999977 0.006344 -0.041262 0.008951 -0.006366 0.999940 -0.208025 
966 976 0.999981 0.003259 0.005213 -9.748015 -0.003176 0.999871 -0.015763 -0.057159 -0.005264 0.015747 0.999862 -0.123982 
977 987 0.999980 0.004558 -0.004468 -9.425143 -0.004572 0.999985 -0.003034 -0.047156 0.004455 0.003054 0.999985 -0.123826 
988 1000 0.999963 -0.004294 -0.007393 -9.385010 0.004283 0.999990 -0.001510 -0.100090 0.007399 0.001478 0.999972 -0.189585 
1001 1017 0.999993 -0.003717 0.000914 -9.552296 0.003708 0.999953 0.008913 -0.025831 -0.000947 -0.008910 0.999960 -0.119304 
1018 1039 0.571800 0.820372 -0.005858 -8.583154 -0.820250 0.571819 0.014612 4.889235 0.015337 -0.003551 0.999876 -0.268912 
1040 1054 0.843589 0.536744 -0.016208 -9.234325 -0.536956 0.843487 -0.014402 1.615709 0.005941 0.020853 0.999765 -0.129015 
1055 1067 0.990888 0.133978 -0.013824 -9.495210 -0.134081 0.990947 -0.006798 0.560917 0.012788 0.008589 0.999881 -0.140902 
1068 1080 0.988322 0.152378 -0.000107 -9.324809 -0.152340 0.988057 -0.023141 0.571470 -0.003420 0.022887 0.999732 -0.101192 
1081 1094 0.987197 0.158602 -0.016957 -9.841148 -0.158629 0.987338 -0.000296 0.622074 0.016695 0.002982 0.999856 -0.134049 
1095 1107 0.995664 0.092647 -0.008397 -9.611499 -0.092743 0.995620 -0.011802 0.302784 0.007266 0.012530 0.999895 -0.156459 
1108 1120 0.998765 0.049372 -0.005632 -9.944766 -0.049320 0.998741 0.009129 0.211891 0.006076 -0.008840 0.999942 -0.181645 
1121 1133 0.999201 0.038975 -0.008894 -9.813411 -0.039052 0.999200 -0.008653 0.084855 0.008549 0.008994 0.999923 -0.157959 
1134 1148 0.999854 -0.010121 -0.013742 -9.860433 0.010075 0.999943 -0.003415 -0.148393 0.013776 0.003276 0.999900 -0.202158 
1149 1164 0.999905 -0.013573 -0.002343 -9.517075 0.013518 0.999670 -0.021855 -0.123334 0.002639 0.021821 0.999758 -0.136656 
1165 1178 0.999431 -0.033680 0.002017 -9.499111 0.033611 0.999046 0.027879 -0.150875 -0.002954 -0.027795 0.999609 -0.091329 
1179 1191 0.999904 -0.012144 -0.006733 -9.754838 0.012137 0.999926 -0.001171 -0.106176 0.006746 0.001089 0.999977 -0.092237 
1192 1203 0.998997 -0.042557 -0.013966 -9.832949 0.042640 0.999074 0.005684 -0.233370 0.013711 -0.006274 0.999886 -0.106544 
1204 1214 0.999691 -0.024860 -0.000355 -9.458829 0.024859 0.999688 -0.002277 -0.140437 0.000412 0.002268 0.999997 -0.097117 
1215 1225 0.999671 -0.025524 -0.002310 -9.757128 0.025525 0.999674 0.000027 -0.159917 0.002309 -0.000086 0.999997 -0.118438 
1226 1235 0.999289 -0.036377 -0.009940 -9.020128 0.036483 0.999278 0.010656 -0.179564 0.009545 -0.011011 0.999894 -0.163313 
1236 1245 0.999668 -0.024729 0.007168 -9.218315 0.024664 0.999655 0.009067 -0.123572 -0.007389 -0.008887 0.999933 -0.094628 
1246 1255 0.999627 -0.024476 -0.012112 -9.353543 0.024293 0.999591 -0.015071 -0.190031 0.012476 0.014771 0.999813 -0.148493 
1256 1266 0.999385 -0.034474 0.006478 -9.604159 0.034509 0.999390 -0.005339 -0.185826 -0.006290 0.005559 0.999965 -0.124578 
1267 1278 0.999931 0.006605 -0.009717 -9.730179 -0.006554 0.999965 0.005258 -0.009766 0.009751 -0.005194 0.999939 -0.217802 
1279 1293 0.990093 -0.139210 -0.018370 -9.567312 0.139040 0.990234 -0.010228 -0.893484 0.019614 0.007573 0.999779 -0.333266 
1294 1312 0.637778 -0.769785 -0.025906 -8.675862 0.770199 0.637147 0.028942 -4.289062 -0.005773 -0.038411 0.999245 -0.096626 
1313 1328 0.869966 -0.491463 0.040288 -9.273379 0.488462 0.870076 0.066126 -1.159509 -0.067552 -0.037848 0.996998 0.243000 
1329 1341 0.977531 0.210445 -0.012091 -9.282785 -0.210195 0.977471 0.019204 1.074809 0.015860 -0.016231 0.999742 -0.082263 
1342 1353 0.959917 0.279739 -0.017505 -9.066728 -0.279842 0.960039 -0.003667 1.076103 0.015779 0.008418 0.999840 -0.157872 
1354 1365 0.980929 0.194266 0.006240 -9.782225 -0.194218 0.980929 -0.007643 0.658581 -0.007606 0.006285 0.999951 -0.041881 
1366 1376 0.998907 0.046740 0.001023 -9.378347 -0.046741 0.998907 0.000408 0.113143 -0.001003 -0.000455 0.999999 -0.117830 
1377 1387 0.999076 -0.039758 0.016332 -9.167293 0.039601 0.999167 0.009827 -0.270691 -0.016710 -0.009171 0.999818 -0.032387 
1388 1399 0.988954 -0.148222 0.000031 -9.930673 0.148220 0.988940 0.005389 -0.782423 -0.000830 -0.005325 0.999985 -0.107016 
1400 1410 0.986897 -0.161027 0.010190 -9.031478 0.161057 0.986943 -0.002170 -0.732373 -0.009707 0.003783 0.999946 -0.042457 
1411 1421 0.979328 -0.202268 0.002102 -9.315543 0.202276 0.979195 -0.016156 -0.963129 0.001210 0.016247 0.999867 -0.063002 
1422 1432 0.979253 -0.202525 -0.006834 -9.551168 0.202596 0.979187 0.012123 -0.929402 0.004236 -0.013256 0.999903 -0.100541 
1433 1443 0.981595 -0.190954 -0.003008 -9.544457 0.190921 0.981567 -0.008731 -0.918864 0.004620 0.007996 0.999957 -0.109153 
1444 1454 0.977812 -0.209354 -0.007411 -9.648730 0.209343 0.977840 -0.002315 -1.014671 0.007732 0.000712 0.999970 -0.101006 
1455 1464 0.980503 -0.196486 0.002558 -9.099952 0.196503 0.980410 -0.013497 -0.911093 0.000144 0.013736 0.999906 -0.038732 
1465 1474 0.984792 -0.173422 -0.010440 -9.869211 0.173217 0.984718 -0.018037 -0.883755 0.013408 0.015954 0.999783 -0.109011 
1475 1483 0.995023 -0.099103 -0.010327 -9.086896 0.099360 0.994648 0.028344 -0.363679 0.007463 -0.029229 0.999545 -0.138647 
1484 1492 0.999047 -0.043432 -0.004402 -9.276775 0.043483 0.998980 0.012193 -0.178726 0.003867 -0.012372 0.999916 -0.103894 
1493 1501 0.999954 -0.009589 0.000253 -9.535071 0.009590 0.999952 -0.001809 -0.090904 -0.000236 0.001811 0.999998 -0.078516 
1502 1510 0.999992 -0.002584 -0.002887 -9.886647 0.002576 0.999993 -0.002904 -0.067138 0.002894 0.002896 0.999992 -0.101162 
1511 1518 0.999911 -0.013333 0.000472 -8.789844 0.013333 0.999910 0.001730 -0.093390 -0.000495 -0.001723 0.999998 -0.065521 
1519 1526 0.999918 -0.010137 -0.007813 -8.806324 0.010164 0.999943 0.003375 -0.072513 0.007778 -0.003454 0.999964 -0.131928 
1527 1534 0.999963 0.003113 0.007965 -8.767900 -0.003033 0.999944 -0.010151 -0.052307 -0.007996 0.010126 0.999917 -0.067832 
1535 1543 0.999967 -0.005846 -0.005664 -9.957396 0.005848 0.999983 0.000436 -0.095458 0.005661 -0.000469 0.999984 -0.135404 
1544 1552 0.999962 -0.008165 0.002998 -9.876249 0.008190 0.999933 -0.008173 -0.103607 -0.002931 0.008197 0.999962 -0.084257 
1553 1561 0.999986 0.000537 -0.005361 -9.760890 -0.000552 0.999996 -0.002748 -0.039237 0.005360 0.002751 0.999982 -0.132824 
1562 1570 0.999919 0.011828 -0.004632 -9.577493 -0.011846 0.999922 -0.003885 0.007366 0.004586 0.003940 0.999982 -0.136510 
1571 1579 0.999933 0.011411 0.001828 -9.362838 -0.011417 0.999930 0.003164 -0.003650 -0.001792 -0.003185 0.999993 -0.117938 
1580 1588 0.999877 -0.015506 -0.002515 -9.158226 0.015513 0.999876 0.002705 -0.125934 0.002473 -0.002743 0.999993 -0.125401 
1589 1597 0.999718 -0.023289 -0.004761 -8.916402 0.023321 0.999704 0.006918 -0.148084 0.004598 -0.007027 0.999965 -0.145197 
1598 1607 0.998752 -0.048970 -0.009866 -9.747979 0.048851 0.998734 -0.011965 -0.333011 0.010439 0.011468 0.999880 -0.189449 
1608 1617 0.998361 -0.057007 -0.005018 -9.451441 0.057050 0.998333 0.008763 -0.278974 0.004510 -0.009035 0.999949 -0.150554 
1618 1627 0.999944 -0.006464 -0.008413 -9.334069 0.006659 0.999704 0.023379 0.022208 0.008259 -0.023434 0.999691 -0.171159 
1628 1637 0.999518 0.029694 0.009112 -9.325609 -0.029703 0.999558 0.000860 0.077108 -0.009082 -0.001130 0.999958 -0.058633 
1638 1647 0.999178 -0.040093 -0.005954 -9.215347 0.040075 0.999192 -0.003086 -0.316603 0.006073 0.002845 0.999978 -0.122283 
1648 1657 0.988643 -0.150284 -0.000588 -9.097868 0.150281 0.988636 -0.003915 -0.724881 0.001170 0.003782 0.999992 -0.090190 
1658 1667 0.987012 -0.160304 -0.010482 -9.260199 0.160341 0.987058 0.002726 -0.713079 0.009909 -0.004371 0.999941 -0.137526 
1668 1677 0.985738 -0.168268 -0.002468 -9.222845 0.168283 0.985700 0.008673 -0.791375 0.000974 -0.008965 0.999959 -0.095624 
1678 1687 0.985971 -0.166550 -0.011020 -9.292908 0.166630 0.985997 0.006712 -0.699971 0.009748 -0.008454 0.999917 -0.147501 
1688 1697 0.996471 -0.083926 0.001236 -9.958112 0.083913 0.996440 0.008054 -0.355495 -0.001908 -0.007921 0.999967 -0.106867 
1698 1706 0.999697 -0.024528 -0.002197 -9.323421 0.024519 0.999690 -0.004266 -0.150610 0.002301 0.004211 0.999989 -0.092202 
1707 1715 0.999986 -0.003669 -0.003858 -9.406439 0.003712 0.999931 0.011116 -0.013404 0.003817 -0.011130 0.999931 -0.146993 
1716 1724 0.998329 0.057779 -0.001254 -9.358950 -0.057780 0.998329 -0.000878 0.222779 0.001201 0.000949 0.999999 -0.118507 
1725 1734 0.999101 0.042381 -0.000932 -9.949755 -0.042389 0.999046 -0.010509 0.119872 0.000486 0.010539 0.999944 -0.138876 
1735 1745 0.999816 0.019140 -0.001539 -9.521578 -0.019160 0.999712 -0.014471 -0.010227 0.001262 0.014497 0.999894 -0.150056 
1746 1760 0.998217 -0.045716 0.038390 -10.031880 0.046573 0.998678 -0.021742 -0.379575 -0.037345 0.023491 0.999026 0.093430 
1761 1790 0.794236 0.607274 -0.020197 -8.744171 -0.607595 0.794011 -0.019354 4.224374 0.004284 0.027643 0.999609 -0.153782 
1791 1807 0.714762 0.698681 -0.030981 -9.362855 -0.697813 0.715425 0.034990 2.267866 0.046611 -0.003391 0.998907 -0.222657 
1808 1819 0.992313 0.123705 0.003395 -9.352009 -0.123619 0.992145 -0.019137 0.214136 -0.005736 0.018570 0.999811 -0.004448 
1820 1829 0.999850 0.005882 -0.016304 -9.243349 -0.005973 0.999967 -0.005535 -0.018959 0.016271 0.005632 0.999852 -0.110321 
1830 1838 0.999993 0.003240 0.001867 -9.119266 -0.003250 0.999981 0.005157 -0.006829 -0.001851 -0.005163 0.999985 -0.084607 
1839 1847 0.999998 0.000175 -0.002069 -9.790385 -0.000187 0.999981 -0.006140 -0.051391 0.002068 0.006141 0.999979 -0.134949 
1848 1855 0.999923 -0.005463 -0.011123 -9.027062 0.005439 0.999983 -0.002237 -0.054623 0.011135 0.002176 0.999936 -0.169073 
1856 1863 0.999964 -0.005863 -0.006142 -9.396583 0.005801 0.999932 -0.010099 -0.086252 0.006201 0.010063 0.999930 -0.135165 
1864 1871 0.999973 -0.000872 -0.007286 -9.623488 0.000862 0.999999 -0.001464 -0.052537 0.007287 0.001458 0.999972 -0.154921 
1872 1879 0.999935 0.003531 0.010853 -9.346270 -0.003440 0.999959 -0.008390 -0.047502 -0.010882 0.008352 0.999906 -0.051668 
1880 1887 0.999910 -0.000712 -0.013421 -9.324561 0.000404 0.999737 -0.022919 -0.108859 0.013434 0.022912 0.999647 -0.120833 
1888 1895 0.999897 0.013920 -0.003439 -9.239211 -0.013910 0.999899 0.002981 0.021910 0.003480 -0.002933 0.999990 -0.150506 
1896 1903 0.998901 0.046871 0.000398 -9.420856 -0.046867 0.998873 -0.007475 0.177359 -0.000748 0.007449 0.999972 -0.126223 
1904 1911 0.996590 0.081798 -0.010800 -9.630078 -0.081870 0.996622 -0.006442 0.336337 0.010237 0.007305 0.999921 -0.210708 
1912 1919 0.998479 0.054714 0.006837 -9.684165 -0.054595 0.998372 -0.016534 0.130109 -0.007731 0.016136 0.999840 -0.092549 
1920 1927 0.998498 0.054766 -0.001260 -9.738653 -0.054763 0.998497 0.002266 0.225419 0.001382 -0.002193 0.999997 -0.142908 
1928 1935 0.997398 0.072067 -0.002027 -9.744219 -0.072085 0.997340 -0.010842 0.276985 0.001240 0.010960 0.999939 -0.171387 
1936 1943 0.997461 0.071188 -0.001863 -9.471005 -0.071206 0.997379 -0.012803 0.252251 0.000946 0.012903 0.999916 -0.178869 
1944 1951 0.999206 0.038985 -0.008178 -9.086584 -0.039065 0.999189 -0.009806 0.100545 0.007789 0.010117 0.999918 -0.209040 
1952 1960 0.999170 0.039899 -0.008210 -9.743750 -0.039845 0.999184 0.006547 0.148694 0.008464 -0.006215 0.999945 -0.238284 
1961 1969 0.999736 0.022953 -0.000729 -9.087867 -0.022953 0.999737 0.000074 0.031663 0.000731 -0.000057 1.000000 -0.195982 
1970 1980 0.999965 -0.008336 -0.000067 -9.197437 0.008336 0.999965 0.000947 -0.097602 0.000059 -0.000948 1.000000 -0.188423 
1981 1996 0.962272 0.271951 0.008676 -9.658689 -0.271893 0.962300 -0.007274 1.793312 -0.010327 0.004640 0.999936 -0.111227 
1997 2014 0.533940 0.845426 0.012750 -8.899534 -0.845340 0.534077 -0.012709 4.087230 -0.017554 -0.003992 0.999838 0.121553 
2015 2028 0.927828 0.370942 0.039203 -9.439678 -0.367682 0.927213 -0.071318 1.064701 -0.062804 0.051757 0.996683 0.341511 
2029 2039 0.999094 0.040686 -0.012517 -9.046454 -0.040808 0.999121 -0.009614 -0.006180 0.012115 0.010116 0.999875 -0.016903 
2040 2049 0.999994 0.000283 -0.003502 -9.100858 -0.000312 0.999964 -0.008424 -0.061180 0.003499 0.008425 0.999958 -0.018496 
2050 2059 0.999933 -0.001076 -0.011485 -9.896892 0.000921 0.999908 -0.013544 -0.092950 0.011499 0.013532 0.999842 -0.109036 
2060 2068 0.999986 0.003146 -0.004307 -9.199179 -0.003152 0.999994 -0.001415 -0.040192 0.004303 0.001429 0.999990 -0.058624 
2069 2077 0.999880 -0.013284 -0.007945 -9.475267 0.013296 0.999911 0.001486 -0.137343 0.007924 -0.001591 0.999967 -0.088335 
2078 2086 0.999121 -0.040349 -0.011391 -9.752292 0.040330 0.999185 -0.001942 -0.245241 0.011460 0.001481 0.999933 -0.135593 
2087 2094 0.999970 0.004011 -0.006673 -8.810638 -0.003820 0.999588 0.028459 0.052369 0.006785 -0.028433 0.999573 -0.098638 
2095 2102 0.998923 0.044504 -0.013112 -9.014625 -0.044240 0.998824 0.019818 0.190631 0.013979 -0.019216 0.999718 -0.136723 
2103 2110 0.999310 0.035927 -0.009379 -9.122844 -0.035823 0.999297 0.011070 0.123149 0.009771 -0.010726 0.999895 -0.118667 
2111 2118 0.999853 0.016662 0.003939 -9.207997 -0.016657 0.999861 -0.001182 0.034029 -0.003958 0.001117 0.999992 -0.055272 
2119 2126 0.999957 0.009227 -0.000171 -9.268944 -0.009227 0.999946 -0.004720 -0.008968 0.000127 0.004721 0.999989 -0.093883 
2127 2134 0.999855 0.017011 0.000415 -9.372515 -0.017008 0.999840 -0.005586 0.023402 -0.000510 0.005578 0.999984 -0.056591 
2135 2142 0.999914 0.012825 -0.002588 -9.399372 -0.012787 0.999819 0.014077 0.043306 0.002768 -0.014043 0.999898 -0.115800 
2143 2150 0.999944 0.007983 -0.007003 -9.140170 -0.008082 0.999867 -0.014178 -0.024402 0.006889 0.014234 0.999875 -0.109659 
2151 2158 0.999989 0.000211 -0.004751 -8.858518 -0.000166 0.999955 0.009499 -0.025889 0.004753 -0.009498 0.999944 -0.121476 
2159 2167 0.999953 -0.004658 -0.008512 -9.898240 0.004537 0.999889 -0.014207 -0.086046 0.008578 0.014167 0.999863 -0.118382 
2168 2176 0.999993 -0.000766 0.003734 -9.847481 0.000734 0.999963 0.008576 -0.033434 -0.003740 -0.008573 0.999956 -0.044912 
2177 2185 0.999930 0.005924 -0.010243 -9.977163 -0.005932 0.999982 -0.000716 0.007759 0.010238 0.000777 0.999947 -0.121539 
2186 2193 0.999980 -0.002231 -0.005936 -8.792416 0.002246 0.999994 0.002542 -0.045446 0.005930 -0.002556 0.999979 -0.103223 
2194 2201 0.999964 -0.008385 -0.001082 -8.906236 0.008379 0.999951 -0.005344 -0.078296 0.001127 0.005335 0.999985 -0.101438 
2202 2209 0.999994 0.001168 -0.003151 -9.051153 -0.001125 0.999908 0.013534 -0.007337 0.003166 -0.013530 0.999904 -0.076820 
2210 2217 0.999999 0.000328 -0.001384 -9.103751 -0.000320 0.999981 0.006100 -0.028022 0.001386 -0.006099 0.999980 -0.103473 
2218 2225 0.999977 -0.000665 0.006713 -9.174188 0.000707 0.999979 -0.006378 -0.022581 -0.006708 0.006383 0.999957 -0.030290 
2226 2233 0.999993 0.002791 -0.002312 -9.261865 -0.002798 0.999991 -0.003214 -0.014076 0.002303 0.003221 0.999992 -0.059996 
2234 2241 0.999979 0.000417 -0.006452 -9.376091 -0.000433 0.999997 -0.002501 -0.038863 0.006451 0.002504 0.999976 -0.112150 
2242 2249 0.999999 0.001335 -0.000555 -9.408657 -0.001341 0.999939 -0.010981 -0.059951 0.000540 0.010982 0.999940 -0.091036 
2250 2257 0.999991 -0.002340 -0.003577 -9.382297 0.002393 0.999884 0.015055 -0.033704 0.003541 -0.015063 0.999880 -0.094202 
2258 2265 0.999998 -0.001952 -0.000496 -9.364042 0.001947 0.999950 -0.009816 -0.058281 0.000515 0.009815 0.999952 -0.102141 
2266 2273 0.999979 0.006120 -0.002033 -9.374731 -0.006099 0.999932 0.009967 0.013127 0.002094 -0.009955 0.999948 -0.101021 
2274 2281 0.999988 0.004850 -0.000650 -9.397279 -0.004852 0.999978 -0.004427 -0.021184 0.000629 0.004430 0.999990 -0.103320 
2282 2289 0.999986 -0.004681 0.002460 -9.384587 0.004689 0.999984 -0.003132 -0.073429 -0.002445 0.003144 0.999992 -0.075001 
2290 2297 0.999948 -0.007510 -0.006970 -9.392772 0.007468 0.999954 -0.006066 -0.081893 0.007015 0.006014 0.999957 -0.122656 
2298 2305 0.999982 -0.003315 0.004925 -9.366280 0.003284 0.999974 0.006346 -0.037212 -0.004945 -0.006330 0.999968 -0.077595 
2306 2313 0.999951 0.001432 0.009838 -9.378444 -0.001368 0.999978 -0.006528 -0.033145 -0.009847 0.006514 0.999930 -0.055585 
2314 2321 0.999992 0.003768 0.000990 -9.394526 -0.003757 0.999935 -0.010789 -0.031920 -0.001031 0.010785 0.999941 -0.082057 
2322 2329 0.999987 0.001740 0.004884 -9.273477 -0.001690 0.999946 -0.010294 -0.046743 -0.004901 0.010286 0.999935 -0.072659 
2330 2337 0.999978 0.005159 0.004068 -9.036429 -0.005163 0.999986 0.000867 -0.008879 -0.004063 -0.000888 0.999991 -0.053595 
2338 2345 0.999908 0.012679 -0.004812 -8.983986 -0.012674 0.999919 0.000901 0.015955 0.004823 -0.000840 0.999988 -0.095737 
2346 2353 0.999824 0.017366 0.007104 -9.002727 -0.017353 0.999848 -0.001853 0.027179 -0.007135 0.001729 0.999973 -0.033586 
2354 2361 0.999576 0.028916 0.003509 -9.010908 -0.028881 0.999536 -0.009637 0.052261 -0.003786 0.009531 0.999947 -0.005692 
2362 2369 0.999686 0.024333 -0.006008 -9.035502 -0.024330 0.999704 0.000685 0.055093 0.006023 -0.000538 0.999982 -0.063391 
2370 2377 0.999774 0.020450 0.005849 -8.790067 -0.020369 0.999701 -0.013532 0.008386 -0.006124 0.013410 0.999891 -0.042963 
2378 2386 0.999772 0.021279 -0.001868 -9.594994 -0.021271 0.999764 0.004314 0.051614 0.001960 -0.004274 0.999989 -0.106238 
2387 2395 0.999803 0.019818 0.000587 -9.092328 -0.019822 0.999774 0.007648 0.048874 -0.000436 -0.007658 0.999971 -0.085281 
2396 2405 0.998921 0.046237 -0.004250 -9.536350 -0.046206 0.998907 0.007057 0.199731 0.004571 -0.006853 0.999966 -0.165248 
2406 2416 0.989427 0.144780 0.008570 -9.760803 -0.144771 0.989464 -0.001647 0.626607 -0.008718 0.000389 0.999962 -0.060904 
2417 2427 0.994370 0.105653 -0.008055 -9.585354 -0.105764 0.994279 -0.014960 0.383466 0.006428 0.015728 0.999856 -0.134576 
2428 2438 0.987226 0.159320 -0.001721 -9.086077 -0.159213 0.986860 0.027540 0.719758 0.006086 -0.026914 0.999619 -0.111015 
2439 2449 0.974471 0.224413 -0.006718 -9.199002 -0.224078 0.974008 0.033137 0.987645 0.013980 -0.030786 0.999428 -0.131795 
2450 2460 0.967596 0.251849 -0.018187 -9.688403 -0.251862 0.967762 0.001607 1.162541 0.018006 0.003026 0.999833 -0.226669 
2461 2470 0.972350 0.233180 -0.012734 -9.124873 -0.233188 0.972431 0.000830 0.854316 0.012577 0.002162 0.999919 -0.142765 
2471 2480 0.996841 0.078716 -0.010604 -9.825237 -0.078701 0.996897 0.001787 0.229833 0.010712 -0.000947 0.999942 -0.127198 
2481 2489 0.999817 0.000012 -0.019146 -9.373681 -0.000161 0.999970 -0.007741 -0.081309 0.019145 0.007742 0.999787 -0.140256 
2490 2498 0.998868 -0.036191 -0.030882 -9.586600 0.036591 0.999252 0.012492 -0.204908 0.030407 -0.013608 0.999445 -0.239922 
2499 2507 0.997446 -0.068504 -0.020200 -9.709323 0.068686 0.997602 0.008466 -0.371883 0.019572 -0.009832 0.999760 -0.199978 
2508 2516 0.994443 -0.105104 0.005976 -9.320380 0.105036 0.994410 0.010767 -0.548244 -0.007074 -0.010080 0.999924 -0.124439 
2517 2526 0.989184 -0.146594 0.005011 -9.872167 0.146562 0.989182 0.006291 -0.741037 -0.005879 -0.005488 0.999968 -0.108191 
2527 2536 0.991081 -0.132811 0.010948 -9.193452 0.132667 0.991075 0.013021 -0.589434 -0.012579 -0.011453 0.999855 -0.100158 
2537 2549 0.981297 -0.192499 -0.000206 -9.879532 0.192466 0.981104 0.019817 -1.000502 -0.003613 -0.019486 0.999804 -0.227249 
2550 2567 0.780498 -0.624652 0.025140 -8.998257 0.621468 0.779627 0.077200 -3.339258 -0.067823 -0.044631 0.996699 0.201477 
2568 2583 0.689948 -0.723346 -0.027240 -9.394930 0.722827 0.690485 -0.027405 -2.910041 0.038632 -0.000782 0.999253 -0.201531 
2584 2594 0.999851 0.015515 -0.007615 -9.086336 -0.015248 0.999309 0.033885 0.225304 0.008135 -0.033764 0.999397 -0.104572 
2595 2604 0.996944 0.078114 -0.000776 -9.621045 -0.078117 0.996928 -0.005717 0.296980 0.000327 0.005761 0.999983 -0.098926 
2605 2613 0.998300 0.058268 -0.001575 -9.130367 -0.058263 0.998296 0.003335 0.205481 0.001767 -0.003238 0.999993 -0.130883 
2614 2623 0.998458 0.053888 -0.013360 -9.884632 -0.053997 0.998510 -0.007952 0.207164 0.012911 0.008661 0.999879 -0.255301 
2624 2635 0.999812 -0.019240 0.002342 -9.940036 0.019310 0.999206 -0.034856 -0.432256 -0.001669 0.034894 0.999390 -0.196114 
2636 2651 0.785346 -0.618974 -0.010137 -9.281157 0.618675 0.785331 -0.022269 -3.550706 0.021745 0.011218 0.999701 -0.374287 
2652 2666 0.784769 -0.619552 -0.017131 -9.372407 0.616987 0.778298 0.116526 -2.243151 -0.058861 -0.102016 0.993040 0.152771 
2667 2678 0.997851 0.061787 0.021825 -9.369328 -0.062262 0.997821 0.021815 0.467997 -0.020429 -0.023127 0.999524 0.018961 
2679 2688 0.990818 0.134059 -0.017575 -9.113667 -0.134205 0.990926 -0.007406 0.489339 0.016423 0.009696 0.999818 -0.138517 
2689 2698 0.996197 0.086583 -0.009778 -9.746145 -0.086487 0.996205 0.009786 0.279240 0.010588 -0.008903 0.999904 -0.158543 
2699 2707 0.999454 0.032307 -0.006944 -8.910614 -0.032279 0.999471 0.004020 0.094268 0.007070 -0.003793 0.999968 -0.160369 
2708 2716 0.999820 0.018923 -0.001624 -8.919540 -0.018935 0.999791 -0.007745 -0.001239 0.001477 0.007774 0.999969 -0.093106 
2717 2726 0.999832 -0.016583 -0.007857 -9.796517 0.016558 0.999857 -0.003313 -0.183079 0.007911 0.003182 0.999964 -0.181841 
2727 2736 0.998166 -0.060187 -0.006517 -9.495861 0.060285 0.998054 0.015908 -0.331597 0.005547 -0.016272 0.999852 -0.142321 
2737 2746 0.990816 -0.134771 0.010967 -9.258586 0.134921 0.990753 -0.014308 -0.726593 -0.008937 0.015656 0.999837 -0.029798 
2747 2756 0.983256 -0.180355 -0.026059 -9.397916 0.180840 0.983355 0.017619 -0.828155 0.022448 -0.022036 0.999505 -0.222692 
2757 2766 0.985246 -0.171108 0.003512 -9.544053 0.171136 0.985194 -0.010274 -0.819340 -0.001702 0.010724 0.999941 -0.121296 
2767 2776 0.986947 -0.160989 0.004289 -9.928969 0.160911 0.986860 0.014664 -0.795258 -0.006593 -0.013782 0.999883 -0.050466 
2777 2785 0.990292 -0.138812 -0.007221 -9.200099 0.138720 0.990260 -0.011921 -0.661537 0.008806 0.010803 0.999903 -0.150930 
2786 2794 0.994067 -0.108653 0.005057 -9.473950 0.108411 0.993490 0.035004 -0.480137 -0.008827 -0.034248 0.999374 -0.190175 
2795 2803 0.994009 -0.108812 -0.010346 -9.616776 0.108875 0.994039 0.005790 -0.565460 0.009654 -0.006881 0.999930 -0.142715 
2804 2812 0.994532 -0.104338 0.004486 -9.723549 0.104336 0.994542 0.000795 -0.531738 -0.004544 -0.000323 0.999990 -0.094137 
2813 2821 0.998314 -0.058028 0.001081 -9.786874 0.058013 0.998259 0.010680 -0.279440 -0.001698 -0.010599 0.999942 -0.112819 
2822 2830 0.999538 -0.030042 0.004614 -9.698923 0.030077 0.999518 -0.007754 -0.188052 -0.004378 0.007889 0.999959 -0.087341 
2831 2839 0.999945 0.009535 -0.004466 -9.682853 -0.009296 0.998665 0.050812 0.109752 0.004944 -0.050767 0.998698 -0.145047 
2840 2848 0.999991 0.003579 0.002192 -9.583145 -0.003518 0.999625 -0.027152 -0.063928 -0.002288 0.027144 0.999629 -0.126630 
2849 2857 0.999403 0.034542 -0.000356 -9.541696 -0.034544 0.999387 -0.005790 0.136995 0.000155 0.005799 0.999983 -0.128713 
2858 2866 0.999045 0.043466 -0.004405 -9.542973 -0.043443 0.999043 0.005116 0.146614 0.004623 -0.004920 0.999977 -0.131064 
2867 2875 0.998886 0.047189 0.000369 -9.514121 -0.047187 0.998876 -0.004580 0.181046 -0.000585 0.004558 0.999989 -0.050217 
2876 2884 0.999038 0.041843 -0.013151 -9.526512 -0.041906 0.999111 -0.004535 0.130060 0.012950 0.005081 0.999903 -0.152762 
2885 2893 0.999758 0.019619 0.009913 -9.535830 -0.019780 0.999669 0.016456 0.047594 -0.009586 -0.016648 0.999815 -0.066356 
2894 2902 0.999978 -0.006586 -0.001142 -9.528494 0.006577 0.999951 -0.007380 -0.080880 0.001191 0.007372 0.999972 -0.049168 
2903 2911 0.999515 -0.030552 -0.006045 -9.574199 0.030560 0.999532 0.001161 -0.224207 0.006007 -0.001345 0.999981 -0.139107 
2912 2920 0.998278 -0.058632 0.002052 -9.665701 0.058657 0.998152 -0.015847 -0.360159 -0.001119 0.015940 0.999872 -0.123502 
2921 2929 0.998728 -0.050413 -0.000104 -9.578700 0.050406 0.998632 -0.013929 -0.283575 0.000806 0.013907 0.999903 -0.136124 
2930 2938 0.999775 -0.019963 0.007165 -9.542792 0.019981 0.999797 -0.002517 -0.141385 -0.007113 0.002660 0.999971 -0.069670 
2939 2947 0.999605 -0.028005 0.002208 -9.536561 0.027996 0.999599 0.004171 -0.178183 -0.002323 -0.004108 0.999989 -0.082928 
2948 2956 0.999831 -0.018308 0.001751 -9.605320 0.018281 0.999727 0.014524 -0.105097 -0.002017 -0.014489 0.999893 -0.076048 
2957 2965 0.999928 0.004937 -0.010932 -9.734776 -0.004798 0.999908 0.012709 -0.023876 0.010994 -0.012655 0.999859 -0.186422 
2966 2973 0.999673 -0.025452 0.002274 -8.675303 0.025505 0.999292 -0.027676 -0.226797 -0.001568 0.027725 0.999614 -0.066555 
2974 2981 0.999788 -0.020212 -0.003892 -8.909832 0.020298 0.999520 0.023389 -0.076174 0.003418 -0.023463 0.999719 -0.070563 
2982 2989 0.999902 0.011403 -0.008120 -8.875379 -0.011282 0.999828 0.014715 0.033346 0.008286 -0.014622 0.999859 -0.180858 
2990 2997 0.999889 0.014206 -0.004437 -8.848466 -0.014036 0.999244 0.036259 0.062037 0.004949 -0.036193 0.999333 -0.178609 
2998 3005 0.999977 0.006498 0.001822 -8.771644 -0.006476 0.999909 -0.011838 -0.039601 -0.001899 0.011826 0.999928 -0.157218 
3006 3014 0.999857 -0.014797 -0.008190 -9.901869 0.014644 0.999722 -0.018475 -0.188724 0.008461 0.018352 0.999796 -0.204538 
3015 3023 0.999966 -0.004832 -0.006702 -9.789966 0.004992 0.999698 0.024076 -0.016800 0.006583 -0.024109 0.999688 -0.211930 
3024 3032 0.999917 0.002650 0.012577 -9.783307 -0.002571 0.999977 -0.006294 -0.031027 -0.012594 0.006261 0.999901 -0.102721 
3033 3041 0.999890 0.014805 0.001154 -9.738789 -0.014793 0.999840 -0.010013 0.002467 -0.001302 0.009995 0.999949 -0.094111 
3042 3050 0.999973 -0.005411 -0.004947 -9.632061 0.005369 0.999950 -0.008460 -0.097453 0.004992 0.008433 0.999952 -0.151208 
3051 3059 0.999881 -0.015269 -0.002213 -9.484404 0.015220 0.999673 -0.020563 -0.185860 0.002527 0.020527 0.999786 -0.083156 
3060 3068 0.999394 -0.032660 -0.012076 -9.359744 0.032579 0.999446 -0.006826 -0.202664 0.012292 0.006429 0.999904 -0.165421 
3069 3077 0.999501 -0.028184 0.014256 -9.202817 0.028249 0.999591 -0.004392 -0.161152 -0.014126 0.004793 0.999889 -0.009407 
3078 3086 0.999881 0.006042 -0.014209 -9.005575 -0.005626 0.999559 0.029146 0.067729 0.014379 -0.029062 0.999474 -0.191066 
3087 3096 0.999625 0.023156 0.014642 -9.870101 -0.023052 0.999708 -0.007281 0.028397 -0.014806 0.006941 0.999866 -0.106792 
3097 3106 0.999822 0.017906 -0.005973 -9.757803 -0.017937 0.999825 -0.005234 -0.031052 0.005878 0.005341 0.999968 -0.167968 
3107 3116 0.998930 -0.044728 0.011771 -9.756534 0.044874 0.998915 -0.012470 -0.316512 -0.011201 0.012985 0.999853 -0.002110 
3117 3125 0.999662 -0.025808 -0.003185 -8.904865 0.025831 0.999636 0.007732 -0.133508 0.002984 -0.007812 0.999965 -0.067436 
3126 3134 0.999891 -0.014380 -0.003313 -9.250895 0.014459 0.999583 0.024989 -0.035575 0.002952 -0.025034 0.999682 -0.099718 
3135 3143 0.999961 0.008115 -0.003461 -9.666828 -0.008149 0.999918 -0.009861 -0.046019 0.003381 0.009889 0.999945 -0.028172 
3144 3152 0.999901 -0.006643 -0.012376 -9.977672 0.006655 0.999977 0.000944 -0.082829 0.012370 -0.001026 0.999923 -0.201725 
3153 3160 0.999683 -0.024925 0.003500 -8.815247 0.024912 0.999683 0.003634 -0.147900 -0.003589 -0.003545 0.999987 -0.114128 
3161 3168 0.999619 -0.026365 -0.008141 -8.812155 0.026409 0.999637 0.005285 -0.150307 0.007999 -0.005498 0.999953 -0.144035 
