0 10 0.999988 0.003483 -0.003333 -9.388598 -0.003444 0.999929 0.011446 0.003587 0.003372 -0.011435 0.999929 -0.137968 
11 22 0.999905 0.013658 0.001676 -9.860174 -0.013656 0.999906 -0.000734 0.024911 -0.001686 0.000711 0.999998 -0.127456 
23 35 0.999917 0.012880 -0.000398 -9.821637 -0.012882 0.999909 -0.003981 0.016848 0.000346 0.003986 0.999992 -0.119535 
36 50 0.999966 -0.003692 -0.007321 -9.530117 0.003506 0.999677 -0.025164 -0.180420 0.007412 0.025137 0.999656 -0.171051 
51 79 0.936625 -0.350129 0.011974 -9.582929 0.350303 0.935538 -0.045344 -2.418156 0.004674 0.046665 0.998900 -0.156353 
80 106 0.399050 -0.916640 -0.023035 -8.902884 0.916895 0.398691 0.018703 -4.027921 -0.007960 -0.028584 0.999560 -0.046081 
107 122 0.997976 -0.063589 0.000902 -9.902902 0.063571 0.997882 0.013780 -0.044774 -0.001776 -0.013695 0.999905 -0.003193 
123 136 0.999069 0.042683 0.006293 -9.593870 -0.042769 0.998983 0.014298 0.161893 -0.005676 -0.014554 0.999878 -0.068275 
137 150 0.999189 0.039569 0.007407 -9.834477 -0.039443 0.999087 -0.016412 0.103214 -0.008050 0.016107 0.999838 0.019823 
151 163 0.997319 0.073050 0.004303 -9.673155 -0.072965 0.997181 -0.017496 0.275885 -0.005569 0.017135 0.999838 -0.074988 
164 176 0.998268 0.058300 -0.007941 -9.321412 -0.058346 0.998280 -0.005707 0.133695 0.007595 0.006161 0.999952 -0.191873 
177 192 0.999959 -0.008596 0.002898 -9.712389 0.008599 0.999962 -0.001177 -0.178884 -0.002888 0.001202 0.999995 -0.136872 
193 210 0.997798 0.065866 0.007803 -9.730718 -0.065932 0.997787 0.008594 0.435901 -0.007220 -0.009090 0.999933 -0.031791 
211 224 0.991293 0.129257 -0.025114 -9.282208 -0.128307 0.991069 0.036333 0.460480 0.029586 -0.032794 0.999024 -0.187334 
225 238 0.998122 0.060720 0.008156 -9.604471 -0.060561 0.997992 -0.018562 0.152962 -0.009267 0.018033 0.999794 -0.097950 
239 255 0.997978 0.060881 0.018264 -9.667536 -0.061031 0.998105 0.007807 0.297890 -0.017755 -0.008906 0.999803 0.050020 
256 271 0.992770 0.118320 -0.020206 -9.669970 -0.119112 0.991907 -0.043955 0.351364 0.014841 0.046043 0.998829 -0.083411 
272 284 0.997824 0.065703 -0.005479 -9.847821 -0.065551 0.997550 0.024457 0.182911 0.007072 -0.024044 0.999686 -0.055801 
285 296 0.997545 0.069812 -0.005553 -9.942730 -0.069528 0.996743 0.040867 0.347059 0.008388 -0.040381 0.999149 -0.024304 
297 307 0.999898 0.011575 -0.008367 -9.351780 -0.011564 0.999932 0.001442 -0.074440 0.008383 -0.001345 0.999964 -0.084021 
308 318 0.999069 -0.043069 -0.002658 -9.210789 0.043018 0.998932 -0.016859 -0.287490 0.003381 0.016729 0.999854 -0.104560 
319 330 0.997402 -0.069838 0.017640 -9.899637 0.069975 0.997522 -0.007296 -0.438761 -0.017087 0.008512 0.999818 0.051626 
331 341 0.995829 -0.090741 -0.009560 -9.322378 0.090769 0.995869 0.002550 -0.450685 0.009289 -0.003407 0.999951 -0.047080 
342 353 0.998517 -0.052521 -0.014298 -9.613477 0.052713 0.998521 0.013341 -0.232696 0.013576 -0.014075 0.999809 -0.197629 
354 367 0.999322 -0.036699 -0.002880 -9.914296 0.036654 0.999229 -0.014072 -0.250536 0.003395 0.013957 0.999897 -0.181247 
368 382 0.995204 -0.093871 0.027533 -9.573017 0.094421 0.995344 -0.019386 -0.536294 -0.025585 0.021893 0.999433 0.071828 
383 395 0.996663 -0.081606 -0.001869 -9.487988 0.081624 0.996569 0.013736 -0.335759 0.000742 -0.013842 0.999904 0.049578 
396 407 0.998341 -0.057372 -0.004869 -9.939668 0.057343 0.998337 -0.005860 -0.309784 0.005198 0.005571 0.999971 0.001897 
408 418 0.999626 -0.026652 -0.006193 -9.623265 0.026618 0.999630 -0.005566 -0.168213 0.006339 0.005399 0.999965 -0.073032 
419 429 0.999554 -0.029406 -0.005235 -9.542216 0.029383 0.999558 -0.004506 -0.214418 0.005365 0.004350 0.999976 -0.125544 
430 440 0.999228 -0.038703 0.006761 -9.386374 0.038854 0.998959 -0.023915 -0.263915 -0.005829 0.024159 0.999691 0.000923 
441 451 0.999102 -0.042347 -0.001472 -9.177182 0.042361 0.999041 0.011094 -0.235710 0.001001 -0.011146 0.999937 -0.020411 
452 463 0.997539 -0.068049 -0.016869 -9.782654 0.067676 0.997470 -0.021772 -0.428752 0.018308 0.020576 0.999621 -0.107031 
464 475 0.999331 -0.036553 -0.001387 -9.559417 0.036572 0.999163 0.018318 -0.123558 0.000717 -0.018357 0.999831 -0.054756 
476 488 0.999346 0.034121 -0.011939 -9.581862 -0.034136 0.999417 -0.001002 0.139464 0.011898 0.001409 0.999928 -0.175007 
489 505 0.998596 0.052238 0.008725 -9.893639 -0.052077 0.998485 -0.017764 0.132517 -0.009640 0.017285 0.999804 -0.064963 
506 524 0.999817 -0.013434 0.013632 -9.421732 0.013118 0.999648 0.023058 -0.151816 -0.013937 -0.022875 0.999641 0.005383 
525 539 0.999516 -0.024731 0.018857 -9.509953 0.024818 0.999682 -0.004379 -0.167411 -0.018743 0.004844 0.999813 0.158812 
540 552 0.999889 0.002013 -0.014737 -9.664041 -0.001771 0.999864 0.016389 0.019044 0.014768 -0.016361 0.999757 -0.080505 
553 564 0.999583 0.028873 0.000100 -9.849145 -0.028873 0.999583 0.000680 0.070923 -0.000080 -0.000683 1.000000 -0.011229 
565 575 0.999981 0.005259 -0.003322 -9.256652 -0.005278 0.999970 -0.005701 -0.058438 0.003292 0.005719 0.999978 -0.048083 
576 587 0.999869 0.014747 0.006639 -9.950935 -0.014904 0.999596 0.024203 0.083860 -0.006279 -0.024299 0.999685 0.008427 
588 598 0.998606 0.052138 -0.008282 -9.064516 -0.052205 0.998604 -0.008053 0.194256 0.007851 0.008474 0.999933 -0.074544 
599 610 0.996908 0.078552 -0.001948 -10.012074 -0.078564 0.996886 -0.006738 0.225314 0.001413 0.006870 0.999975 -0.061946 
611 622 0.998774 0.048742 -0.008707 -10.003790 -0.048790 0.998794 -0.005450 0.151997 0.008431 0.005868 0.999947 -0.095915 
623 634 0.999987 0.002352 -0.004623 -9.468336 -0.002405 0.999932 -0.011394 -0.099376 0.004596 0.011405 0.999924 -0.114173 
635 646 0.999961 -0.001435 0.008652 -9.509059 0.001395 0.999988 0.004650 -0.054190 -0.008659 -0.004638 0.999952 -0.013490 
647 658 0.999941 0.008206 -0.007177 -10.062049 -0.008075 0.999805 0.018023 0.006873 0.007324 -0.017964 0.999812 -0.082866 
659 670 0.999970 -0.007678 0.000820 -9.312769 0.007677 0.999970 0.000439 -0.103586 -0.000824 -0.000432 1.000000 -0.038673 
671 684 0.999976 -0.006413 -0.002536 -10.010423 0.006427 0.999963 0.005655 -0.066801 0.002500 -0.005671 0.999981 -0.051845 
685 699 0.999740 0.021184 -0.008391 -9.880346 -0.021210 0.999770 -0.003015 0.023183 0.008325 0.003192 0.999960 -0.135828 
700 719 0.999981 0.006169 0.000924 -9.745445 -0.006165 0.999972 -0.004351 -0.072526 -0.000951 0.004345 0.999990 -0.111673 
720 752 0.978027 0.207916 0.015326 -9.757249 -0.207502 0.977917 -0.024925 1.378794 -0.020170 0.021197 0.999572 0.107906 
