0 7 0.999990 -0.000306 -0.004557 -9.223419 0.000329 0.999986 0.005190 -0.031356 0.004555 -0.005192 0.999976 -0.147324 
8 15 0.999999 -0.000610 -0.001597 -9.414154 0.000610 1.000000 -0.000487 -0.049082 0.001597 0.000486 0.999999 -0.147416 
16 23 0.999995 -0.002928 -0.001506 -9.585410 0.002930 0.999994 0.001571 -0.056514 0.001501 -0.001575 0.999998 -0.115156 
24 31 0.999995 -0.001083 -0.002999 -9.743693 0.001055 0.999954 -0.009492 -0.059054 0.003009 0.009489 0.999950 -0.150984 
32 39 0.999977 0.005987 -0.003310 -9.917668 -0.005984 0.999982 0.000774 -0.015230 0.003315 -0.000754 0.999994 -0.158710 
40 47 0.999998 -0.000439 -0.001727 -9.972749 0.000455 0.999953 0.009648 -0.031508 0.001723 -0.009648 0.999952 -0.163626 
48 55 0.999982 -0.005050 -0.003088 -9.841415 0.004982 0.999756 -0.021515 -0.102013 0.003196 0.021499 0.999764 -0.168503 
56 63 0.999995 0.003035 -0.001082 -9.693724 -0.003031 0.999989 0.003715 -0.017604 0.001093 -0.003712 0.999993 -0.167548 
64 71 0.999997 0.002462 0.000641 -9.533813 -0.002465 0.999985 0.004815 -0.030006 -0.000629 -0.004817 0.999988 -0.149487 
72 79 0.999996 -0.001343 -0.002366 -9.362419 0.001353 0.999990 0.004339 -0.049535 0.002360 -0.004342 0.999988 -0.162115 
80 87 0.999973 -0.007364 -0.000435 -9.302071 0.007360 0.999946 -0.007293 -0.091061 0.000489 0.007289 0.999973 -0.162463 
88 95 0.999973 -0.007342 -0.000532 -9.350083 0.007341 0.999969 -0.002917 -0.091505 0.000553 0.002913 0.999996 -0.137749 
96 103 0.999982 0.005216 -0.002929 -9.385776 -0.005184 0.999930 0.010619 0.008032 0.002985 -0.010604 0.999939 -0.153160 
104 111 0.999974 0.005883 0.004140 -9.388958 -0.005979 0.999702 0.023648 0.037048 -0.004000 -0.023672 0.999712 -0.109498 
112 119 0.999953 -0.004168 -0.008784 -9.440605 0.004248 0.999949 0.009132 -0.026450 0.008745 -0.009169 0.999920 -0.165650 
120 127 0.999992 0.000307 0.004033 -9.546808 -0.000219 0.999759 -0.021968 -0.062606 -0.004039 0.021967 0.999751 -0.101255 
128 135 0.999973 0.006498 0.003447 -9.674750 -0.006475 0.999957 -0.006720 -0.036958 -0.003490 0.006697 0.999972 -0.093025 
136 143 0.999965 -0.001635 -0.008219 -9.873101 0.001758 0.999886 0.014963 -0.030429 0.008194 -0.014977 0.999854 -0.167585 
144 150 0.999992 -0.003382 0.002122 -8.624441 0.003435 0.999672 -0.025389 -0.093265 -0.002035 0.025396 0.999675 -0.130424 
151 157 0.999997 0.002277 -0.000060 -8.700779 -0.002277 0.999997 0.000397 -0.028623 0.000061 -0.000397 1.000000 -0.115764 
158 164 0.999998 0.001922 -0.000309 -8.857473 -0.001923 0.999994 -0.002968 -0.029155 0.000303 0.002969 0.999996 -0.115687 
165 171 0.999999 -0.000821 -0.001558 -8.972227 0.000825 0.999997 0.002146 -0.029969 0.001556 -0.002147 0.999996 -0.127416 
172 178 0.999994 -0.002459 -0.002571 -9.085923 0.002457 0.999997 -0.000693 -0.045623 0.002572 0.000686 0.999996 -0.127038 
179 185 0.999996 0.000345 -0.002963 -9.209594 -0.000344 1.000000 0.000197 -0.036825 0.002963 -0.000196 0.999996 -0.138147 
186 192 0.999999 -0.000368 -0.001625 -9.240480 0.000381 0.999964 0.008424 -0.031038 0.001622 -0.008424 0.999963 -0.138294 
193 199 0.999987 -0.005086 0.000312 -9.250499 0.005088 0.999977 -0.004547 -0.080620 -0.000289 0.004549 0.999990 -0.126016 
200 206 0.999999 -0.000172 0.001565 -9.263933 0.000164 0.999986 0.005381 -0.022339 -0.001566 -0.005380 0.999984 -0.114342 
207 213 0.999989 0.001751 -0.004285 -9.403244 -0.001755 0.999998 -0.000994 -0.037013 0.004283 0.001001 0.999990 -0.141904 
214 220 0.999992 0.002885 0.002956 -9.590989 -0.002894 0.999991 0.002946 -0.004006 -0.002947 -0.002955 0.999991 -0.105895 
221 227 0.999989 -0.001604 -0.004341 -9.764596 0.001623 0.999989 0.004492 -0.043694 0.004334 -0.004499 0.999981 -0.145555 
228 234 1.000000 -0.001011 0.000048 -9.714571 0.001011 0.999999 0.000573 -0.048847 -0.000049 -0.000573 1.000000 -0.128814 
235 241 0.999950 0.007903 -0.006199 -9.624992 -0.007912 0.999968 -0.001435 -0.014980 0.006188 0.001484 0.999980 -0.158939 
242 248 0.999999 -0.000122 0.001514 -9.541803 0.000118 0.999996 0.002648 -0.036982 -0.001514 -0.002648 0.999995 -0.139185 
249 255 0.999999 -0.001523 -0.000370 -9.545333 0.001524 0.999993 0.003503 -0.041334 0.000365 -0.003503 0.999994 -0.134679 
256 262 0.999995 -0.003145 -0.000822 -9.614612 0.003142 0.999989 -0.003609 -0.064076 0.000834 0.003606 0.999993 -0.136685 
263 269 0.999997 -0.002220 -0.001071 -9.703840 0.002213 0.999978 -0.006268 -0.065492 0.001085 0.006266 0.999980 -0.141644 
