0 16 0.999751 0.021314 -0.006591 -9.592574 -0.021316 0.999773 -0.000251 0.020420 0.006585 0.000392 0.999978 -0.238429 
17 29 0.999960 0.000363 0.008992 -9.739532 -0.000418 0.999981 0.006155 -0.048709 -0.008989 -0.006158 0.999941 0.072872 
30 40 0.999999 0.001093 -0.000943 -9.829559 -0.001105 0.999917 -0.012860 -0.038443 0.000929 0.012861 0.999917 -0.126432 
41 50 0.999904 0.005059 -0.012905 -9.541941 -0.005045 0.999987 0.001158 -0.003938 0.012911 -0.001093 0.999916 -0.171697 
51 60 0.999995 -0.000338 0.003028 -9.688482 0.000351 0.999991 -0.004146 -0.062029 -0.003026 0.004147 0.999987 -0.141247 
61 70 0.999995 -0.002020 -0.002488 -9.715132 0.002057 0.999887 0.014883 -0.031385 0.002457 -0.014888 0.999886 -0.164571 
71 80 0.999961 0.000006 -0.008826 -9.805766 -0.000021 0.999998 -0.001766 -0.047234 0.008826 0.001766 0.999960 -0.215426 
81 90 0.999983 0.004866 -0.003201 -9.591374 -0.004886 0.999968 -0.006414 -0.038671 0.003169 0.006429 0.999974 -0.181368 
91 102 0.999633 0.025146 -0.010120 -9.971859 -0.025137 0.999683 0.001010 0.097648 0.010143 -0.000755 0.999948 -0.265005 
103 122 0.977955 -0.208171 0.016380 -9.597064 0.208252 0.978069 -0.003420 -1.668110 -0.015309 0.006756 0.999860 -0.124656 
123 150 0.276060 -0.961140 -0.000110 -8.279191 0.961121 0.276055 -0.006400 -4.747789 0.006182 0.001661 0.999979 -0.144031 
151 166 0.996060 -0.088673 0.001153 -9.702222 0.088644 0.995937 0.015835 -0.050123 -0.002552 -0.015670 0.999874 -0.074418 
167 179 0.999803 -0.012566 -0.015366 -9.849573 0.012368 0.999840 -0.012915 -0.118829 0.015526 0.012723 0.999798 -0.214448 
180 192 0.999963 -0.004867 0.007033 -9.861299 0.004842 0.999982 0.003580 -0.114810 -0.007051 -0.003546 0.999969 -0.167353 
193 206 0.999899 -0.014185 0.000678 -9.729792 0.014187 0.999895 -0.002969 -0.119078 -0.000636 0.002978 0.999995 -0.139962 
207 221 0.998923 -0.046360 0.001954 -9.481401 0.046378 0.998864 -0.010910 -0.384856 -0.001446 0.010988 0.999939 -0.113649 
222 235 0.999882 -0.013422 -0.007431 -9.564563 0.013562 0.999724 0.019187 -0.081832 0.007171 -0.019285 0.999788 -0.139071 
236 248 0.999807 -0.018940 -0.005125 -9.197960 0.018902 0.999794 -0.007458 -0.154377 0.005265 0.007360 0.999959 -0.149801 
249 260 0.999980 0.005263 -0.003556 -9.166090 -0.005227 0.999937 0.009918 0.021328 0.003608 -0.009899 0.999944 -0.177985 
261 272 0.999941 0.010715 0.001553 -9.514220 -0.010723 0.999927 0.005607 -0.018484 -0.001492 -0.005623 0.999983 -0.132516 
273 285 0.999945 -0.008617 0.005984 -9.948582 0.008702 0.999859 -0.014357 -0.156825 -0.005859 0.014409 0.999879 -0.105129 
286 298 0.999429 -0.033010 0.007138 -9.301238 0.033040 0.999445 -0.004169 -0.181283 -0.006997 0.004403 0.999966 -0.126378 
299 312 0.996358 -0.085228 0.002477 -9.595419 0.085207 0.996332 0.007839 -0.560814 -0.003136 -0.007600 0.999966 -0.135767 
313 327 0.999166 -0.037640 -0.015857 -9.830725 0.038243 0.998482 0.039633 0.006386 0.014341 -0.040206 0.999088 -0.210089 
328 344 0.995712 0.092104 -0.008672 -9.903999 -0.092054 0.995736 0.005958 0.469430 0.009184 -0.005134 0.999945 -0.190855 
345 363 0.997761 0.065747 -0.012259 -9.910706 -0.066364 0.996016 -0.059571 -0.609273 0.008294 0.060251 0.998149 -0.266685 
364 384 0.990906 -0.134514 -0.003487 -9.952093 0.134553 0.990773 0.016262 -0.459792 0.001268 -0.016583 0.999862 -0.130618 
385 402 0.999800 -0.018413 -0.007768 -9.636531 0.018540 0.999691 0.016582 0.029993 0.007460 -0.016723 0.999832 -0.140255 
403 427 0.857730 0.513603 -0.022620 -9.224613 -0.513941 0.857729 -0.012842 3.042537 0.012806 0.022640 0.999662 -0.223287 
428 447 0.688337 0.725391 -0.000145 -9.281488 -0.725336 0.688283 -0.012392 2.589196 -0.008889 0.008635 0.999923 -0.132193 
448 460 0.992822 0.119584 -0.001857 -9.502653 -0.119561 0.992780 0.009644 0.206236 0.002997 -0.009353 0.999952 -0.095257 
461 471 0.999902 -0.005547 -0.012890 -9.091710 0.005691 0.999922 0.011141 -0.032061 0.012828 -0.011213 0.999855 -0.184907 
472 482 0.999936 0.011319 -0.000205 -9.165488 -0.011319 0.999936 -0.000614 0.019265 0.000198 0.000617 1.000000 -0.163823 
483 494 0.999722 0.023571 0.000110 -9.521782 -0.023571 0.999716 0.003458 0.070988 -0.000029 -0.003460 0.999994 -0.145165 
495 511 0.999166 0.040829 0.000327 -9.589125 -0.040826 0.999146 -0.006324 0.109997 -0.000585 0.006306 0.999980 -0.160245 
512 538 0.414556 0.908506 -0.052545 -7.939352 -0.909892 0.414788 -0.006915 5.719469 0.015513 0.050677 0.998595 -0.369794 
539 561 0.808342 0.588712 -0.000780 -9.600794 -0.588348 0.807794 -0.036259 1.348292 -0.020716 0.029769 0.999342 -0.053527 
562 575 0.996743 -0.080589 -0.002896 -9.716171 0.080416 0.996003 -0.038880 -0.613414 0.006018 0.038520 0.999240 -0.097449 
576 587 0.998586 -0.052828 -0.005873 -9.731443 0.052856 0.998591 0.004770 -0.199114 0.005613 -0.005074 0.999971 -0.121381 
588 599 0.999986 0.003091 -0.004395 -9.858773 -0.003111 0.999985 -0.004428 -0.039762 0.004381 0.004441 0.999981 -0.175405 
600 611 0.999929 -0.011727 -0.002062 -9.757389 0.011730 0.999930 0.001572 -0.100365 0.002043 -0.001596 0.999997 -0.164569 
612 623 0.999962 -0.008582 -0.001780 -9.779470 0.008601 0.999905 0.010728 -0.081090 0.001688 -0.010743 0.999941 -0.170440 
624 634 0.999747 0.022229 0.003553 -9.299506 -0.022236 0.999751 0.001788 0.101477 -0.003513 -0.001866 0.999992 -0.123663 
635 645 0.999871 0.015626 -0.003640 -9.746615 -0.015603 0.999859 0.006197 -0.016979 0.003737 -0.006140 0.999974 -0.203508 
646 656 0.999990 0.003394 0.003022 -9.751011 -0.003384 0.999989 -0.003246 -0.078076 -0.003033 0.003236 0.999990 -0.132943 
657 667 0.999985 0.000076 -0.005486 -9.725445 -0.000099 0.999991 -0.004201 -0.065270 0.005485 0.004201 0.999976 -0.170384 
668 678 0.999919 -0.012604 -0.001985 -9.698171 0.012584 0.999873 -0.009756 -0.176322 0.002108 0.009730 0.999950 -0.178942 
679 689 0.999950 -0.009215 0.003931 -9.736934 0.009195 0.999945 0.005087 -0.075933 -0.003978 -0.005051 0.999979 -0.133463 
690 700 0.999989 0.001410 -0.004380 -9.860508 -0.001384 0.999982 0.005857 -0.037922 0.004389 -0.005851 0.999973 -0.158110 
701 711 0.999690 0.024758 -0.002590 -9.982423 -0.024752 0.999691 0.002234 0.044182 0.002645 -0.002169 0.999994 -0.167107 
712 721 0.999966 0.008263 0.000296 -9.026436 -0.008263 0.999961 0.003107 -0.009806 -0.000270 -0.003110 0.999995 -0.141278 
722 732 0.999860 0.016587 0.002136 -9.749452 -0.016595 0.999856 0.003558 0.003294 -0.002077 -0.003593 0.999991 -0.177849 
733 743 0.999926 0.010840 -0.005559 -9.274049 -0.010883 0.999911 -0.007744 0.003265 0.005474 0.007804 0.999955 -0.175292 
744 756 0.999992 -0.003986 0.000607 -9.770417 0.003990 0.999970 -0.006665 -0.160420 -0.000580 0.006668 0.999978 -0.163375 
757 771 0.999601 -0.027455 -0.006592 -9.511670 0.027484 0.999613 0.004285 -0.173508 0.006472 -0.004465 0.999969 -0.206642 
772 795 0.945985 -0.324201 -0.002539 -9.621343 0.324088 0.945381 0.034946 -2.080327 -0.008929 -0.033881 0.999386 -0.127043 
796 820 0.552966 -0.833129 0.011143 -8.720379 0.833095 0.553061 0.008797 -3.591242 -0.013492 0.004419 0.999899 -0.027467 
821 835 0.994752 -0.102263 -0.003263 -9.846105 0.102315 0.994299 0.030006 -0.032696 0.000175 -0.030183 0.999544 -0.076098 
836 848 0.999825 0.013245 -0.013247 -9.816630 -0.013363 0.999872 -0.008841 -0.011125 0.013129 0.009016 0.999873 -0.175925 
849 861 0.999898 0.012555 -0.006773 -9.573923 -0.012559 0.999921 -0.000556 -0.023860 0.006766 0.000641 0.999977 -0.193660 
862 879 0.999959 -0.008915 0.001281 -9.705301 0.008926 0.999920 -0.008974 -0.238127 -0.001201 0.008985 0.999959 -0.193543 
880 906 0.485600 -0.873985 0.018546 -8.508264 0.873975 0.485836 0.011398 -5.190700 -0.018972 0.010674 0.999763 0.031661 
907 924 0.878870 -0.476688 -0.018846 -9.575101 0.476631 0.879070 -0.007690 -1.433352 0.020233 -0.002224 0.999793 -0.165922 
925 937 0.999935 -0.001067 -0.011315 -9.373514 0.001176 0.999953 0.009570 0.043807 0.011305 -0.009583 0.999890 -0.138986 
938 950 0.999837 0.018044 -0.000910 -9.861453 -0.018056 0.999720 -0.015314 -0.051727 0.000634 0.015328 0.999882 -0.155809 
951 963 0.999827 -0.017338 -0.006801 -9.805023 0.017245 0.999760 -0.013476 -0.164315 0.007033 0.013356 0.999886 -0.184840 
964 976 0.999945 -0.007926 -0.006875 -9.342720 0.007907 0.999965 -0.002835 -0.088753 0.006898 0.002780 0.999972 -0.194397 
977 990 0.999929 0.005306 0.010668 -9.570121 -0.005368 0.999969 0.005831 -0.026633 -0.010637 -0.005888 0.999926 -0.098694 
991 1005 0.999996 -0.002730 0.000583 -9.554093 0.002739 0.999856 -0.016758 -0.123182 -0.000537 0.016759 0.999859 -0.134273 
1006 1021 0.999109 -0.042183 0.001262 -9.542285 0.042180 0.999108 0.002119 -0.338960 -0.001350 -0.002064 0.999997 -0.100140 
1022 1035 0.998192 -0.058934 -0.011775 -9.794175 0.059097 0.998153 0.014086 -0.227798 0.010923 -0.014757 0.999831 -0.156782 
1036 1046 0.999570 0.029273 0.001392 -9.193898 -0.029297 0.999324 0.022228 0.144634 -0.000741 -0.022260 0.999752 -0.086838 
1047 1056 0.999779 0.020393 -0.005109 -9.009996 -0.020368 0.999781 0.004812 0.010735 0.005206 -0.004707 0.999975 -0.176945 
1057 1067 0.999861 0.016588 0.001350 -9.981430 -0.016583 0.999855 -0.003904 0.030471 -0.001414 0.003881 0.999991 -0.179938 
1068 1078 0.999936 0.007746 0.008194 -9.659073 -0.007581 0.999771 -0.019998 -0.093086 -0.008347 0.019935 0.999766 -0.081738 
1079 1089 0.999407 -0.034231 -0.003708 -9.337594 0.034179 0.999329 -0.013162 -0.275828 0.004156 0.013028 0.999906 -0.137658 
1090 1100 0.995841 -0.090798 -0.007454 -9.316058 0.090821 0.995863 0.002840 -0.464508 0.007166 -0.003505 0.999968 -0.129525 
1101 1111 0.999450 -0.033126 0.001540 -9.458890 0.033031 0.998545 0.042630 0.033770 -0.002950 -0.042556 0.999090 -0.118948 
1112 1122 0.998122 0.061172 -0.003200 -9.361500 -0.061136 0.998075 0.010389 0.234748 0.003829 -0.010173 0.999941 -0.165236 
1123 1134 0.999987 0.005016 -0.001014 -9.328639 -0.005011 0.999975 0.005043 -0.034350 0.001039 -0.005038 0.999987 -0.137403 
1135 1147 0.999839 0.016738 -0.006412 -9.550838 -0.016695 0.999837 0.006792 0.138574 0.006525 -0.006684 0.999956 -0.174713 
1148 1161 0.999878 0.011048 -0.011002 -9.443996 -0.011283 0.999705 -0.021521 -0.060815 0.010761 0.021642 0.999708 -0.236517 
1162 1186 0.996749 -0.079266 0.014416 -9.683625 0.079204 0.996847 0.004864 -0.567482 -0.014756 -0.003707 0.999884 -0.144496 
1187 1213 0.795769 -0.605365 0.016880 -9.315204 0.605600 0.795475 -0.021633 -3.199904 -0.000332 0.027437 0.999624 -0.136969 
1214 1230 0.820834 -0.571115 -0.007730 -9.342536 0.571167 0.820748 0.011866 -2.515369 -0.000433 -0.014155 0.999900 -0.053681 
1231 1244 0.954440 -0.297497 -0.023246 -9.557333 0.297351 0.954720 -0.009574 -1.136033 0.025042 0.002226 0.999684 -0.256049 
1245 1256 0.997894 -0.064235 0.009077 -9.102587 0.064066 0.997787 0.017789 -0.160714 -0.010200 -0.017170 0.999801 -0.074405 
1257 1269 0.997691 0.067006 -0.011073 -9.877734 -0.066948 0.997741 0.005518 0.263831 0.011418 -0.004764 0.999924 -0.225152 
1270 1286 0.993264 -0.115817 0.003546 -9.869721 0.115838 0.993248 -0.006359 -0.921626 -0.002786 0.006727 0.999973 -0.176098 
1287 1308 0.544323 -0.838874 -0.001700 -8.690599 0.838868 0.544325 -0.003175 -4.318841 0.003589 0.000302 0.999994 -0.226145 
1309 1324 0.976411 -0.215902 0.002844 -9.364033 0.215920 0.976359 -0.010102 -0.557032 -0.000595 0.010478 0.999945 -0.073042 
1325 1337 0.999859 -0.016431 -0.003438 -9.830581 0.016393 0.999808 -0.010695 -0.194865 0.003613 0.010637 0.999937 -0.109349 
1338 1348 0.999985 -0.004046 -0.003565 -9.379536 0.004049 0.999991 0.000878 -0.052261 0.003562 -0.000892 0.999993 -0.126645 
1349 1359 0.999978 -0.004388 -0.004971 -9.466939 0.004383 0.999990 -0.001013 -0.077045 0.004976 0.000991 0.999987 -0.172717 
1360 1370 0.999999 -0.000821 0.001196 -9.279699 0.000822 0.999999 -0.001260 -0.063308 -0.001195 0.001261 0.999998 -0.153409 
1371 1381 0.999910 -0.013255 -0.001844 -9.426075 0.013273 0.999861 0.010086 -0.066554 0.001710 -0.010109 0.999947 -0.139997 
1382 1392 0.999194 0.040097 -0.001953 -9.915025 -0.040105 0.999187 -0.004124 0.132195 0.001786 0.004199 0.999990 -0.130012 
1393 1402 0.999946 0.007671 -0.007060 -9.470877 -0.007637 0.999959 0.004926 -0.041598 0.007097 -0.004872 0.999963 -0.184282 
1403 1412 0.999989 -0.004362 0.001544 -9.629335 0.004367 0.999986 -0.003091 -0.095847 -0.001531 0.003098 0.999994 -0.137289 
1413 1422 0.999989 0.001122 -0.004495 -9.597065 -0.001149 0.999982 -0.005897 -0.070795 0.004489 0.005903 0.999972 -0.166234 
1423 1432 0.999557 -0.029606 -0.003100 -9.662600 0.029601 0.999561 -0.001486 -0.215243 0.003143 0.001394 0.999994 -0.184421 
1433 1442 0.999998 0.000142 -0.001823 -9.846179 -0.000108 0.999830 0.018451 -0.002197 0.001825 -0.018450 0.999828 -0.189756 
1443 1451 0.999668 0.025127 0.005630 -8.998200 -0.025134 0.999683 0.001203 0.048259 -0.005598 -0.001344 0.999983 -0.123755 
1452 1460 0.999839 0.017641 -0.003403 -9.295394 -0.017636 0.999843 0.001625 0.040789 0.003431 -0.001565 0.999993 -0.157294 
1461 1469 0.999940 0.010970 0.000287 -9.271653 -0.010970 0.999940 0.000281 -0.018226 -0.000284 -0.000284 1.000000 -0.145011 
1470 1478 0.999935 0.010649 -0.004061 -9.019460 -0.010642 0.999942 0.001771 -0.005957 0.004080 -0.001727 0.999990 -0.195162 
1479 1488 0.999894 0.013945 -0.004126 -9.232715 -0.013987 0.999847 -0.010503 -0.006576 0.003979 0.010560 0.999936 -0.195401 
1489 1501 0.998904 -0.046758 0.001986 -10.125318 0.046775 0.998863 -0.009159 -0.471759 -0.001555 0.009242 0.999956 -0.181682 
1502 1516 0.997904 -0.063638 -0.011715 -9.568411 0.064087 0.997014 0.043069 -0.052555 0.008939 -0.043730 0.999003 -0.230724 
1517 1551 0.994694 0.099476 0.026218 -9.816862 -0.099179 0.994993 -0.012384 0.388511 -0.027319 0.009718 0.999580 0.012049 
1552 1571 0.999709 0.014506 -0.019284 -9.476494 -0.014129 0.999709 0.019535 0.037662 0.019561 -0.019257 0.999623 -0.176265 
1572 1584 0.999867 0.013966 0.008436 -9.649046 -0.013866 0.999834 -0.011832 -0.024174 -0.008600 0.011714 0.999894 -0.087380 
1585 1595 0.999916 -0.012429 -0.003749 -9.617708 0.012425 0.999922 -0.001268 -0.108680 0.003765 0.001221 0.999992 -0.110732 
1596 1605 0.999977 0.005263 -0.004369 -9.313613 -0.005284 0.999975 -0.004733 -0.022646 0.004344 0.004756 0.999979 -0.136582 
1606 1615 0.999947 -0.000158 -0.010255 -9.575426 0.000061 0.999956 -0.009388 -0.054206 0.010256 0.009387 0.999903 -0.216925 
1616 1625 0.999897 -0.001212 0.014296 -9.557932 0.001150 0.999990 0.004304 -0.036891 -0.014301 -0.004288 0.999889 -0.093379 
1626 1635 0.999965 0.006152 -0.005589 -9.644865 -0.006163 0.999979 -0.002087 -0.009873 0.005577 0.002121 0.999982 -0.156794 
1636 1645 0.999792 0.018014 0.009536 -9.716632 -0.017963 0.999824 -0.005383 0.042868 -0.009631 0.005211 0.999940 -0.078747 
1646 1655 0.999753 0.022096 -0.002414 -9.816112 -0.022097 0.999756 -0.000326 0.047045 0.002407 0.000380 0.999997 -0.094496 
1656 1665 0.999767 0.021588 -0.000134 -9.907106 -0.021587 0.999762 0.003223 0.047907 0.000203 -0.003219 0.999995 -0.122606 
1666 1675 0.999922 0.012430 -0.001606 -9.992835 -0.012420 0.999904 0.006107 0.020485 0.001681 -0.006086 0.999980 -0.116891 
1676 1684 0.999998 0.000193 -0.002227 -8.986520 -0.000197 0.999998 -0.001937 -0.043707 0.002227 0.001937 0.999996 -0.147787 
1685 1693 0.999995 0.003211 0.000136 -9.102523 -0.003210 0.999980 -0.005369 -0.053972 -0.000153 0.005369 0.999986 -0.127379 
1694 1702 0.999999 0.001029 -0.000472 -9.115439 -0.001026 0.999976 0.006807 -0.018924 0.000479 -0.006806 0.999977 -0.120187 
1703 1711 0.999996 0.000138 0.002660 -9.047318 -0.000139 1.000000 0.000619 -0.040629 -0.002660 -0.000619 0.999996 -0.083485 
1712 1721 0.999862 0.001363 -0.016530 -9.915459 -0.001071 0.999843 0.017704 -0.002123 0.016552 -0.017684 0.999707 -0.190706 
1722 1731 0.999999 0.001302 0.000692 -9.318910 -0.001289 0.999833 -0.018216 -0.063155 -0.000715 0.018215 0.999834 -0.231656 
1732 1742 0.999924 -0.005433 0.011097 -9.674714 0.005474 0.999978 -0.003656 -0.080327 -0.011077 0.003717 0.999932 -0.126243 
1743 1754 0.998828 0.048369 0.001849 -9.960599 -0.048367 0.998829 -0.001260 0.226193 -0.001908 0.001169 0.999997 -0.139354 
1755 1766 0.999696 0.023244 -0.008172 -9.396647 -0.023447 0.999394 -0.025728 -0.091629 0.007569 0.025912 0.999636 -0.206919 
1767 1780 0.987349 -0.158429 -0.006442 -9.458642 0.158340 0.987304 -0.012581 -0.863545 0.008353 0.011402 0.999900 -0.211599 
1781 1799 0.990997 -0.133776 -0.005351 -9.729891 0.133878 0.990496 0.031532 -0.253817 0.001082 -0.031964 0.999488 -0.209132 
1800 1832 0.621968 0.783019 0.006091 -8.967796 -0.782046 0.621550 -0.045602 3.672361 -0.039493 0.023599 0.998941 0.045368 
1833 1856 0.840107 0.542420 0.000871 -9.196214 -0.542326 0.839930 0.020003 1.784113 0.010119 -0.017277 0.999800 -0.092337 
1857 1869 0.991915 0.126884 -0.002322 -9.524388 -0.126868 0.991900 0.006253 0.289491 0.003097 -0.005908 0.999978 -0.026346 
1870 1879 0.999902 0.013938 -0.001002 -9.612406 -0.013932 0.999890 0.005146 0.009888 0.001074 -0.005132 0.999986 -0.022224 
1880 1888 0.999822 0.016235 -0.009642 -9.414664 -0.016245 0.999868 -0.000969 0.028545 0.009625 0.001125 0.999953 -0.137416 
1889 1897 0.999870 0.015455 -0.004543 -9.394266 -0.015476 0.999869 -0.004682 -0.011059 0.004470 0.004752 0.999979 -0.163338 
1898 1906 0.999950 0.009781 -0.002232 -9.226681 -0.009784 0.999951 -0.001317 -0.013184 0.002219 0.001339 0.999997 -0.164556 
1907 1915 0.999984 0.005543 0.001409 -9.033004 -0.005538 0.999979 -0.003314 -0.054410 -0.001427 0.003306 0.999994 -0.149813 
1916 1925 0.999435 -0.029351 -0.016366 -9.952708 0.029365 0.999568 0.000618 -0.183354 0.016341 -0.001098 0.999866 -0.287022 
1926 1935 0.999985 -0.003763 0.003997 -9.832095 0.003770 0.999991 -0.001716 -0.083094 -0.003990 0.001731 0.999991 -0.196894 
1936 1945 0.999905 0.013653 -0.001984 -9.682727 -0.013653 0.999907 -0.000343 0.010023 0.001979 0.000370 0.999998 -0.172523 
1946 1955 0.999990 0.004447 -0.000126 -9.432705 -0.004447 0.999947 -0.009262 -0.077414 0.000085 0.009263 0.999957 -0.156151 
1956 1965 0.999729 -0.023166 -0.002338 -9.205428 0.023163 0.999731 -0.001183 -0.156230 0.002365 0.001128 0.999997 -0.153619 
1966 1976 0.999842 0.017645 -0.001956 -9.916339 -0.017631 0.999820 0.007017 0.119126 0.002079 -0.006982 0.999973 -0.178870 
1977 1987 0.991391 0.130936 0.000351 -9.597485 -0.130934 0.991357 0.008162 0.610590 0.000720 -0.008137 0.999967 -0.151372 
1988 1998 0.975527 0.219875 0.001484 -9.581725 -0.219864 0.975516 -0.005437 0.944032 -0.002643 0.004978 0.999984 -0.107543 
1999 2008 0.979322 0.202291 0.002564 -9.053356 -0.202275 0.979314 -0.005279 0.738726 -0.003578 0.004651 0.999983 -0.077843 
2009 2018 0.998081 0.061793 0.004009 -9.726268 -0.061739 0.998016 -0.012380 0.092159 -0.004766 0.012109 0.999915 -0.084296 
2019 2027 0.999659 -0.025643 -0.005029 -8.934303 0.025608 0.999648 -0.006906 -0.227540 0.005204 0.006775 0.999963 -0.154345 
2028 2037 0.998490 -0.054808 -0.003684 -9.841665 0.054865 0.998336 0.017734 -0.222777 0.002706 -0.017909 0.999836 -0.174650 
2038 2047 0.999974 -0.006670 -0.002750 -9.482027 0.006724 0.999772 0.020248 -0.037256 0.002614 -0.020266 0.999791 -0.187144 
2048 2058 0.999175 0.040237 -0.005502 -9.235062 -0.040196 0.999165 0.007317 0.220492 0.005791 -0.007090 0.999958 -0.209079 
2059 2075 0.986664 0.162727 0.003675 -9.493035 -0.162729 0.986671 0.000079 0.863751 -0.003613 -0.000676 0.999993 -0.174759 
2076 2106 0.667000 0.745031 -0.006312 -9.069350 -0.744560 0.666221 -0.042180 3.511555 -0.027220 0.032833 0.999090 0.015567 
2107 2122 0.925151 0.379584 -0.003379 -9.441845 -0.378902 0.923955 0.052340 1.597239 0.022990 -0.047142 0.998624 -0.071152 
2123 2133 0.995671 0.092618 -0.007824 -9.174032 -0.092776 0.995420 -0.023072 0.078419 0.005651 0.023698 0.999703 -0.061271 
2134 2143 0.999799 -0.019638 -0.004074 -9.687965 0.019581 0.999713 -0.013789 -0.176738 0.004344 0.013706 0.999897 -0.072002 
2144 2152 0.998702 -0.050278 -0.008144 -9.467030 0.050308 0.998728 0.003535 -0.272582 0.007955 -0.003940 0.999961 -0.130373 
2153 2161 0.998508 -0.053404 -0.011371 -9.660768 0.053377 0.998571 -0.002639 -0.259838 0.011495 0.002028 0.999932 -0.201149 
2162 2170 0.999959 -0.004069 0.008082 -9.515628 0.004032 0.999981 0.004658 -0.065591 -0.008101 -0.004626 0.999957 -0.086101 
2171 2179 0.999984 -0.004691 -0.003318 -9.576891 0.004704 0.999982 0.003698 -0.058730 0.003301 -0.003713 0.999988 -0.143041 
2180 2188 0.999945 0.010163 -0.002681 -9.400687 -0.010156 0.999945 0.002452 0.014244 0.002705 -0.002425 0.999993 -0.165360 
2189 2197 0.998196 -0.059781 -0.005511 -9.124311 0.059585 0.997751 -0.030694 -0.420059 0.007334 0.030310 0.999514 -0.160114 
2198 2206 0.998846 -0.047065 0.009572 -8.992459 0.047046 0.998890 0.002296 -0.203749 -0.009670 -0.001843 0.999951 -0.058633 
2207 2215 0.999625 -0.026935 0.004949 -8.980313 0.027020 0.999471 -0.018129 -0.235619 -0.004458 0.018256 0.999823 -0.024421 
2216 2224 0.997796 -0.065356 -0.011510 -8.987162 0.065463 0.997812 0.009242 -0.311051 0.010881 -0.009975 0.999891 -0.156455 
2225 2233 0.999502 -0.030501 -0.008071 -8.985539 0.030620 0.999418 0.015035 -0.131038 0.007608 -0.015275 0.999854 -0.195346 
2234 2243 0.999795 -0.020163 -0.002100 -9.913033 0.020166 0.999796 0.001292 -0.127162 0.002074 -0.001334 0.999997 -0.172992 
2244 2253 0.999855 -0.017037 -0.000271 -9.704122 0.017038 0.999839 0.005561 -0.112668 0.000176 -0.005565 0.999984 -0.163930 
2254 2263 0.999708 -0.023656 0.004982 -9.420960 0.023687 0.999701 -0.006112 -0.163242 -0.004836 0.006228 0.999969 -0.117390 
2264 2273 0.999860 -0.016503 -0.002601 -9.069343 0.016521 0.999839 0.006937 -0.116379 0.002486 -0.006979 0.999973 -0.146353 
2274 2285 0.999809 -0.014027 -0.013615 -9.741163 0.014069 0.999897 0.002994 -0.109900 0.013572 -0.003185 0.999903 -0.250840 
2286 2301 0.999940 -0.010936 0.000823 -9.640710 0.010927 0.999894 0.009673 -0.112108 -0.000929 -0.009663 0.999953 -0.187107 
2328 2426 0.550404 0.834629 -0.021213 -9.015077 -0.834876 0.550397 -0.006724 3.572692 0.006064 0.021411 0.999752 -0.154078 
2427 2439 0.952517 0.304132 0.014637 -9.814780 -0.304180 0.952614 0.001105 0.972067 -0.013607 -0.005504 0.999892 0.025393 
2440 2449 0.999795 0.011239 -0.016869 -9.728095 -0.011288 0.999932 -0.002817 0.006279 0.016836 0.003007 0.999854 -0.158733 
2450 2458 0.999905 0.013377 -0.003364 -9.187890 -0.013390 0.999903 -0.003850 -0.002785 0.003312 0.003895 0.999987 -0.143915 
2459 2467 0.999987 0.001324 0.004977 -9.030689 -0.001354 0.999981 0.005931 -0.038156 -0.004969 -0.005937 0.999970 -0.131967 
2468 2477 0.999984 -0.002819 0.004944 -9.934248 0.002838 0.999989 -0.003842 -0.065154 -0.004933 0.003856 0.999980 -0.149142 
2478 2487 0.999964 0.005314 -0.006638 -9.688281 -0.005296 0.999982 0.002756 -0.021778 0.006652 -0.002721 0.999974 -0.210326 
2488 2497 0.999997 0.002024 0.001632 -9.423569 -0.002026 0.999997 0.001492 -0.053524 -0.001629 -0.001495 0.999998 -0.160409 
2498 2507 0.999866 -0.013126 0.009755 -9.224276 0.013162 0.999907 -0.003577 -0.118028 -0.009708 0.003705 0.999946 -0.055802 
2508 2517 0.999828 -0.016835 0.007831 -9.001354 0.016814 0.999855 0.002770 -0.078677 -0.007876 -0.002638 0.999966 -0.060810 
2518 2527 0.999959 0.009089 -0.000094 -9.526938 -0.009087 0.999916 0.009217 0.013707 0.000177 -0.009215 0.999958 0.037014 
2528 2536 0.999798 0.008683 -0.018131 -9.099073 -0.008685 0.999962 -0.000002 0.000023 0.018130 0.000159 0.999836 -0.164200 
2537 2545 0.999973 0.007414 -0.000088 -9.131486 -0.007414 0.999969 -0.002451 -0.028922 0.000070 0.002452 0.999997 -0.131002 
2546 2555 0.999975 0.003120 -0.006302 -9.937590 -0.003106 0.999993 0.002161 -0.060184 0.006309 -0.002141 0.999978 -0.176446 
2556 2565 0.999858 -0.014679 0.008290 -9.310897 0.014717 0.999881 -0.004581 -0.117790 -0.008222 0.004702 0.999955 -0.098876 
2566 2575 0.999992 0.002810 0.002850 -9.141054 -0.002781 0.999943 -0.010272 -0.026807 -0.002879 0.010264 0.999943 -0.121951 
2576 2585 0.999973 0.007372 -0.000400 -9.561919 -0.007369 0.999954 0.006068 -0.027884 0.000445 -0.006065 0.999982 -0.012971 
2586 2594 0.999988 -0.004758 -0.001277 -8.936327 0.004761 0.999986 0.002524 -0.063556 0.001265 -0.002530 0.999996 -0.100471 
2595 2604 0.999902 -0.003051 -0.013656 -9.985145 0.002917 0.999947 -0.009864 -0.065819 0.013685 0.009823 0.999858 -0.212991 
2605 2614 0.999971 -0.007613 0.001028 -9.025973 0.007613 0.999971 0.000096 -0.066446 -0.001028 -0.000088 0.999999 -0.162839 
2615 2625 0.999919 -0.012746 -0.000760 -9.286797 0.012752 0.999883 0.008444 -0.086275 0.000652 -0.008453 0.999964 -0.133946 
2626 2636 0.998740 0.048117 -0.014228 -9.421591 -0.048239 0.998801 -0.008323 0.226334 0.013810 0.008999 0.999864 -0.324751 
2637 2646 0.999732 -0.013923 0.018486 -9.294735 0.013857 0.999897 0.003714 -0.098010 -0.018536 -0.003456 0.999822 0.010402 
2647 2655 0.999980 -0.005191 -0.003603 -9.174664 0.005207 0.999976 0.004449 -0.055749 0.003580 -0.004468 0.999984 -0.104159 
2656 2664 0.999993 -0.001944 0.003142 -9.295405 0.001947 0.999997 -0.001069 -0.056589 -0.003140 0.001075 0.999994 -0.109490 
2665 2673 0.999980 -0.000421 -0.006233 -9.014872 0.000364 0.999958 -0.009208 -0.041581 0.006236 0.009206 0.999938 -0.197227 
2674 2684 0.999949 0.010127 -0.000405 -9.971705 -0.010129 0.999930 -0.006118 -0.004014 0.000343 0.006122 0.999981 -0.185452 
2685 2695 0.999779 -0.018526 0.009941 -9.279827 0.018702 0.999665 -0.017876 -0.174123 -0.009606 0.018058 0.999791 -0.089939 
2696 2706 0.999263 -0.037051 -0.010049 -9.720231 0.037092 0.999304 0.003856 -0.201173 0.009899 -0.004226 0.999942 -0.139346 
2707 2716 0.999148 -0.038675 0.014402 -9.534376 0.038712 0.999248 -0.002244 -0.218853 -0.014305 0.002800 0.999894 -0.029878 
2717 2725 0.999690 -0.024305 -0.005377 -9.066146 0.024332 0.999691 0.005007 -0.093640 0.005254 -0.005137 0.999973 -0.054395 
2726 2734 0.999916 0.001117 -0.012941 -9.523428 -0.000984 0.999947 0.010275 -0.017825 0.012952 -0.010261 0.999864 -0.206480 
2735 2743 0.999952 0.009070 0.003688 -9.415438 -0.009047 0.999939 -0.006254 -0.021960 -0.003745 0.006221 0.999974 -0.150048 
2744 2752 0.999734 0.012812 -0.019164 -9.152254 -0.012683 0.999896 0.006844 0.014588 0.019250 -0.006599 0.999793 -0.307364 
