0 8 0.999965 -0.008184 -0.001739 -9.568085 0.008182 0.999966 -0.001096 -0.065036 0.001748 0.001082 0.999998 -0.150700 
9 17 0.999970 0.007686 0.000066 -9.547917 -0.007686 0.999970 0.000211 -0.015339 -0.000064 -0.000212 1.000000 -0.139052 
18 26 0.999978 0.006382 -0.001792 -9.583426 -0.006381 0.999979 0.001020 -0.007329 0.001798 -0.001009 0.999998 -0.140805 
27 35 0.999990 0.001808 -0.004157 -9.596188 -0.001804 0.999998 0.000902 -0.039201 0.004159 -0.000895 0.999991 -0.160820 
36 44 0.999895 -0.010671 -0.009854 -9.621432 0.010642 0.999939 -0.002996 -0.096786 0.009885 0.002891 0.999947 -0.143088 
45 53 0.999982 0.005995 -0.000438 -9.635332 -0.005995 0.999982 0.000024 -0.016743 0.000438 -0.000021 1.000000 -0.142562 
54 62 0.999991 -0.003293 -0.002695 -9.534241 0.003269 0.999954 -0.009050 -0.098706 0.002725 0.009042 0.999955 -0.162616 
63 71 0.999643 -0.025443 0.008210 -9.348461 0.025411 0.999669 0.003955 -0.166945 -0.008308 -0.003745 0.999958 -0.099781 
72 80 0.999672 -0.025462 -0.002773 -9.240997 0.025471 0.999670 0.003311 -0.156496 0.002688 -0.003381 0.999991 -0.171313 
81 89 0.999999 -0.000513 0.000959 -9.409747 0.000512 0.999999 0.001084 -0.008094 -0.000960 -0.001083 0.999999 -0.140189 
90 98 0.999384 0.034927 -0.003315 -9.727019 -0.034940 0.999381 -0.004029 0.119913 0.003172 0.004142 0.999986 -0.142855 
99 107 0.999913 0.010987 -0.007354 -9.931453 -0.011083 0.999851 -0.013227 -0.029769 0.007207 0.013308 0.999885 -0.185668 
108 115 0.999994 0.002412 -0.002593 -8.840429 -0.002370 0.999871 0.015889 -0.004878 0.002631 -0.015883 0.999870 -0.126759 
116 123 0.999979 -0.004511 0.004552 -8.899960 0.004522 0.999987 -0.002409 -0.052269 -0.004541 0.002430 0.999987 -0.077161 
124 131 0.999997 0.000575 -0.002398 -8.870840 -0.000581 0.999997 -0.002228 -0.030318 0.002397 0.002229 0.999995 -0.145665 
132 139 0.999987 0.004512 0.002190 -8.848969 -0.004505 0.999985 -0.003212 -0.021655 -0.002205 0.003202 0.999992 -0.112885 
140 147 0.999994 0.003573 -0.000051 -8.855049 -0.003573 0.999991 -0.002326 -0.027157 0.000043 0.002326 0.999997 -0.116305 
148 155 0.999992 0.001170 -0.003716 -8.789049 -0.001168 0.999999 0.000728 -0.034637 0.003716 -0.000723 0.999993 -0.127484 
156 164 0.999959 -0.008698 -0.002658 -9.819767 0.008706 0.999958 0.002811 -0.091516 0.002633 -0.002834 0.999993 -0.170023 
165 173 0.999976 -0.006077 -0.003311 -9.369123 0.006082 0.999980 0.001556 -0.058297 0.003302 -0.001576 0.999993 -0.182091 
174 183 0.999914 0.012783 -0.002832 -9.415415 -0.012781 0.999918 0.000778 0.036141 0.002842 -0.000742 0.999996 -0.205455 
184 196 0.999813 0.019311 0.000948 -9.949991 -0.019306 0.999802 -0.004781 -0.009594 -0.001040 0.004762 0.999988 -0.197960 
197 211 0.999402 -0.034575 0.001060 -9.860212 0.034573 0.999401 0.001618 -0.225600 -0.001115 -0.001580 0.999998 -0.154920 
212 225 0.999890 -0.013026 0.007126 -9.484415 0.012987 0.999901 0.005431 -0.059332 -0.007196 -0.005338 0.999960 -0.088144 
226 238 0.999395 -0.034623 0.003332 -9.857681 0.034623 0.999400 0.000219 -0.219029 -0.003338 -0.000103 0.999994 -0.098068 
239 250 0.999903 -0.013532 -0.003255 -9.350643 0.013547 0.999898 0.004432 -0.060332 0.003194 -0.004476 0.999985 -0.138004 
251 262 0.999269 0.037239 -0.008661 -9.220522 -0.037227 0.999306 0.001524 0.143454 0.008712 -0.001201 0.999961 -0.201976 
263 278 0.979706 0.200401 0.003855 -9.616514 -0.200337 0.979642 -0.012913 1.212868 -0.006364 0.011879 0.999909 -0.159379 
279 302 0.316592 0.948089 -0.029941 -7.846415 -0.948291 0.317098 0.013896 5.798808 0.022669 0.023993 0.999455 -0.379803 
303 320 0.556220 0.829954 -0.042372 -8.781077 -0.829994 0.557352 0.021661 3.115880 0.041594 0.023120 0.998867 -0.220677 
321 332 0.906376 0.422357 -0.009878 -9.727069 -0.422402 0.906404 -0.002921 1.739399 0.007720 0.006820 0.999947 -0.077803 
333 341 0.983019 0.183401 -0.006072 -9.126688 -0.183488 0.982817 -0.020095 0.584897 0.002282 0.020868 0.999780 -0.041843 
342 349 0.999920 -0.011917 -0.004191 -9.077333 0.011869 0.999866 -0.011283 -0.153362 0.004325 0.011233 0.999928 -0.086047 
350 357 0.999339 -0.035925 -0.005645 -9.421582 0.035902 0.999347 -0.004061 -0.217092 0.005788 0.003856 0.999976 -0.159364 
358 365 0.999865 -0.016347 0.001845 -9.510846 0.016343 0.999865 0.001841 -0.107999 -0.001875 -0.001810 0.999997 -0.121006 
366 373 0.999982 0.004981 -0.003342 -9.705969 -0.004970 0.999983 0.003206 -0.012095 0.003358 -0.003190 0.999989 -0.146706 
374 381 0.999996 0.002760 -0.000718 -9.917731 -0.002761 0.999994 -0.002237 -0.049179 0.000712 0.002239 0.999997 -0.140948 
382 388 0.999997 0.002045 0.001660 -8.657723 -0.002047 0.999997 0.001274 -0.040330 -0.001658 -0.001277 0.999998 -0.094158 
389 395 0.999999 -0.000338 -0.001375 -8.773957 0.000336 0.999999 -0.001708 -0.055401 0.001375 0.001708 0.999998 -0.114641 
396 402 0.999980 -0.005944 -0.002176 -8.757654 0.005939 0.999979 -0.002429 -0.069802 0.002191 0.002416 0.999995 -0.128327 
403 409 0.999978 -0.006055 -0.002655 -8.631441 0.006051 0.999980 -0.001633 -0.107930 0.002665 0.001617 0.999995 -0.146602 
410 417 0.999857 -0.015148 -0.007589 -9.744710 0.015178 0.999877 0.003870 -0.098235 0.007530 -0.003984 0.999964 -0.213236 
418 426 0.999993 -0.002607 -0.002559 -9.779717 0.002606 0.999997 -0.000349 -0.047872 0.002560 0.000342 0.999997 -0.218227 
427 437 0.999987 0.004944 -0.000865 -9.656745 -0.004946 0.999986 -0.002059 -0.036060 0.000854 0.002063 0.999998 -0.228320 
438 451 0.999956 -0.001794 0.009211 -9.848826 0.001693 0.999938 0.011018 -0.033793 -0.009230 -0.011002 0.999897 -0.128665 
452 466 0.999960 0.006351 0.006230 -9.889842 -0.006215 0.999748 -0.021558 -0.017429 -0.006366 0.021518 0.999748 -0.116971 
467 478 0.999061 0.041295 -0.013091 -9.572076 -0.041162 0.999099 0.010342 0.143952 0.013506 -0.009793 0.999861 -0.111254 
479 488 0.999795 0.017481 0.010196 -9.518658 -0.017517 0.999841 0.003397 -0.000570 -0.010135 -0.003574 0.999942 -0.019862 
489 497 0.999973 -0.006620 -0.003136 -9.746590 0.006616 0.999977 -0.001470 -0.078815 0.003146 0.001449 0.999994 -0.083524 
498 505 0.999812 -0.019325 -0.001579 -9.450580 0.019321 0.999809 -0.002841 -0.130207 0.001634 0.002810 0.999995 -0.098459 
506 512 0.999885 -0.013282 -0.007334 -8.737697 0.013286 0.999911 0.000595 -0.076570 0.007326 -0.000692 0.999973 -0.120914 
513 519 0.999978 -0.006578 -0.000451 -8.811792 0.006579 0.999978 0.001014 -0.061011 0.000444 -0.001017 0.999999 -0.129720 
520 526 0.999997 0.002071 -0.001581 -8.786446 -0.002073 0.999997 -0.001383 -0.020698 0.001578 0.001386 0.999998 -0.101147 
527 533 0.999998 0.001505 -0.001293 -8.705854 -0.001509 0.999996 -0.002500 -0.038598 0.001289 0.002502 0.999996 -0.106107 
534 541 0.999991 -0.003736 -0.001740 -10.013116 0.003733 0.999992 -0.001722 -0.057627 0.001747 0.001716 0.999997 -0.146752 
542 549 0.999993 -0.002489 -0.002737 -9.810961 0.002479 0.999990 -0.003707 -0.055477 0.002746 0.003700 0.999989 -0.170763 
550 557 0.999999 -0.000889 0.000623 -9.614255 0.000895 0.999959 -0.009041 -0.060653 -0.000615 0.009041 0.999959 -0.162153 
558 565 0.999992 -0.000805 0.003829 -9.578410 0.000792 0.999994 0.003277 -0.033789 -0.003831 -0.003274 0.999987 -0.108958 
566 573 0.999997 -0.002078 -0.000835 -9.754824 0.002071 0.999956 -0.009193 -0.066238 0.000854 0.009191 0.999957 -0.123257 
574 581 0.999998 0.001168 0.001895 -9.888221 -0.001173 0.999996 0.002516 -0.027047 -0.001892 -0.002518 0.999995 -0.124686 
582 589 0.999985 0.002485 -0.004972 -9.977443 -0.002454 0.999977 0.006300 -0.026342 0.004987 -0.006288 0.999968 -0.166548 
590 597 0.999997 0.000970 0.002262 -9.863896 -0.000996 0.999930 0.011755 -0.021638 -0.002251 -0.011757 0.999928 -0.126919 
598 605 0.999993 -0.003773 0.000650 -9.824050 0.003773 0.999992 -0.000884 -0.071538 -0.000646 0.000887 0.999999 -0.137595 
606 613 0.999986 -0.004893 -0.002154 -9.790257 0.004890 0.999987 -0.001684 -0.063645 0.002162 0.001673 0.999996 -0.143235 
614 621 0.999989 0.004687 0.000795 -9.637828 -0.004689 0.999988 0.001574 -0.009485 -0.000787 -0.001578 0.999998 -0.120842 
622 629 0.999985 -0.003071 -0.004579 -9.429237 0.003062 0.999993 -0.001955 -0.066646 0.004585 0.001941 0.999988 -0.142763 
630 637 0.999985 -0.005321 -0.000820 -9.221870 0.005320 0.999986 -0.000640 -0.064966 0.000823 0.000636 0.999999 -0.154707 
638 645 0.999996 -0.002801 -0.000481 -9.020560 0.002801 0.999995 0.001247 -0.051308 0.000478 -0.001249 0.999999 -0.151825 
646 654 0.999996 0.000169 -0.002825 -9.995821 -0.000170 1.000000 -0.000078 -0.048152 0.002825 0.000078 0.999996 -0.175084 
655 663 0.999977 -0.004990 -0.004487 -9.333551 0.004995 0.999987 0.001092 -0.054293 0.004481 -0.001115 0.999989 -0.192326 
664 674 0.999995 0.001371 -0.002975 -9.662386 -0.001357 0.999988 0.004786 0.018960 0.002982 -0.004782 0.999984 -0.197760 
675 691 0.747740 0.663904 -0.010842 -8.688570 -0.663884 0.747813 0.005821 3.896479 0.011973 0.002845 0.999924 -0.271343 
692 713 0.078033 0.993334 -0.084847 -7.745271 -0.996082 0.081234 0.034951 5.682466 0.041610 0.081787 0.995781 -0.583646 
714 728 0.753862 0.656884 -0.014009 -9.546494 -0.657030 0.753621 -0.019149 2.301838 -0.002021 0.023640 0.999718 -0.084776 
729 739 0.999142 0.041190 -0.004287 -9.856116 -0.041233 0.999093 -0.010602 0.024754 0.003847 0.010769 0.999935 -0.079192 
740 748 0.999993 0.002736 0.002531 -9.313119 -0.002733 0.999996 -0.001081 -0.054488 -0.002534 0.001074 0.999996 -0.049552 
749 756 0.999960 -0.000545 0.008920 -9.061469 0.000516 0.999995 0.003219 -0.011572 -0.008922 -0.003214 0.999955 -0.020836 
757 764 0.999970 0.007743 -0.000921 -9.882629 -0.007745 0.999969 -0.001720 -0.017833 0.000907 0.001727 0.999998 -0.071201 
765 771 0.999755 -0.002384 -0.022017 -9.023731 0.002327 0.999994 -0.002617 -0.047881 0.022023 0.002565 0.999754 -0.195416 
772 778 0.999990 -0.003798 0.002208 -9.007353 0.003793 0.999990 0.002229 -0.055137 -0.002216 -0.002221 0.999995 -0.129884 
779 785 0.999999 0.000645 0.001104 -8.985757 -0.000643 0.999997 -0.002342 -0.037022 -0.001105 0.002341 0.999997 -0.099944 
786 792 0.999991 0.004064 0.001362 -8.890463 -0.004069 0.999984 0.003929 -0.008491 -0.001346 -0.003935 0.999991 -0.110778 
793 799 0.999986 0.003651 -0.003808 -8.771084 -0.003662 0.999989 -0.002754 -0.036460 0.003798 0.002767 0.999989 -0.131300 
800 806 0.999992 -0.003502 -0.001935 -8.682503 0.003507 0.999990 0.002719 -0.054622 0.001926 -0.002726 0.999994 -0.140705 
807 814 0.999968 -0.007947 -0.001233 -9.996892 0.007942 0.999962 -0.003584 -0.101403 0.001261 0.003574 0.999993 -0.145296 
815 822 0.999946 -0.005977 0.008515 -9.820246 0.005981 0.999982 -0.000467 -0.069737 -0.008512 0.000518 0.999964 -0.151503 
823 830 0.999975 0.007126 -0.000414 -9.624737 -0.007126 0.999974 0.001109 -0.007869 0.000422 -0.001106 0.999999 -0.156445 
831 838 0.999997 0.001895 -0.001467 -9.534181 -0.001900 0.999992 -0.003493 -0.044342 0.001460 0.003495 0.999993 -0.146006 
839 846 0.999998 0.000010 -0.001824 -9.479182 -0.000014 0.999998 -0.002025 -0.046460 0.001824 0.002025 0.999996 -0.141975 
847 854 0.999996 0.001914 -0.001928 -9.435018 -0.001915 0.999998 -0.000859 -0.031276 0.001926 0.000863 0.999998 -0.152613 
855 862 0.999997 -0.002274 -0.000763 -9.265559 0.002276 0.999995 0.002293 -0.048353 0.000758 -0.002295 0.999997 -0.155925 
863 870 0.999890 0.006271 -0.013446 -9.088230 -0.006326 0.999972 -0.004073 -0.026373 0.013420 0.004157 0.999901 -0.230063 
871 878 0.999972 0.007059 0.002508 -8.926477 -0.007053 0.999972 -0.002538 -0.014806 -0.002526 0.002520 0.999994 -0.140577 
879 886 0.999991 0.004192 0.000884 -8.764078 -0.004192 0.999991 -0.001044 -0.030169 -0.000888 0.001040 0.999999 -0.136734 
887 895 0.999898 -0.013505 -0.004735 -9.606341 0.013503 0.999909 -0.000442 -0.127843 0.004740 0.000378 0.999989 -0.192595 
896 905 0.999726 -0.018947 0.013744 -9.830478 0.018901 0.999815 0.003477 -0.087959 -0.013807 -0.003216 0.999899 -0.124065 
906 915 0.999683 0.024650 0.005075 -9.555053 -0.024684 0.999674 0.006604 0.114670 -0.004911 -0.006727 0.999965 -0.093858 
916 925 0.999959 0.007656 -0.004797 -9.917169 -0.007763 0.999713 -0.022671 -0.189977 0.004622 0.022707 0.999731 -0.137368 
926 934 0.997686 -0.067980 -0.000841 -9.347893 0.067982 0.997682 0.003135 -0.320192 0.000626 -0.003185 0.999995 -0.121377 
935 943 0.999968 -0.007093 -0.003806 -9.957561 0.007134 0.999916 0.010825 -0.003335 0.003729 -0.010852 0.999934 -0.116181 
944 951 0.999147 0.041223 -0.002435 -9.337217 -0.041200 0.999112 0.008823 0.152919 0.002797 -0.008715 0.999958 -0.103812 
952 959 0.999852 0.016118 0.006032 -9.895189 -0.016087 0.999857 -0.005156 0.018306 -0.006114 0.005059 0.999968 -0.097438 
960 966 0.999952 0.009186 -0.003350 -8.648162 -0.009199 0.999950 -0.003893 -0.008270 0.003314 0.003924 0.999987 -0.118860 
967 973 0.999988 -0.002882 -0.003946 -8.602358 0.002868 0.999989 -0.003637 -0.059013 0.003957 0.003626 0.999986 -0.142962 
974 981 0.999943 -0.010497 -0.002019 -9.866184 0.010503 0.999940 0.003079 -0.088742 0.001987 -0.003100 0.999993 -0.160959 
982 989 0.999998 -0.001665 -0.001442 -9.683103 0.001672 0.999984 0.005385 -0.036666 0.001433 -0.005388 0.999984 -0.145601 
990 997 0.999998 0.000232 -0.001902 -9.466150 -0.000235 0.999999 -0.001477 -0.046952 0.001902 0.001477 0.999997 -0.151498 
998 1005 0.999941 0.006241 -0.008936 -9.060225 -0.006225 0.999979 0.001735 -0.000628 0.008947 -0.001679 0.999959 -0.222427 
1006 1015 0.999775 0.021084 -0.002463 -9.560517 -0.021091 0.999773 -0.002938 0.046111 0.002400 0.002989 0.999993 -0.242795 
1016 1028 0.999653 -0.024972 0.008412 -9.459381 0.024978 0.999688 -0.000573 -0.236360 -0.008395 0.000783 0.999965 -0.161071 
1029 1042 0.999879 -0.012848 0.008726 -9.769356 0.012830 0.999916 0.002021 -0.058270 -0.008751 -0.001908 0.999960 -0.065838 
1043 1055 0.999674 -0.024883 -0.005718 -9.695665 0.024877 0.999690 -0.001028 -0.175224 0.005741 0.000885 0.999983 -0.097411 
1056 1067 0.999943 -0.007773 -0.007352 -9.914425 0.007792 0.999967 0.002504 -0.059050 0.007332 -0.002561 0.999970 -0.142984 
1068 1078 0.999738 0.022440 -0.004619 -9.327771 -0.022469 0.999728 -0.006305 0.031748 0.004477 0.006407 0.999969 -0.179839 
1079 1090 0.999956 0.005206 0.007851 -9.433709 -0.005100 0.999897 -0.013409 -0.078336 -0.007920 0.013368 0.999879 -0.107856 
