0 43 -0.026931 0.999566 -0.011977 -7.926431 -0.999602 -0.027028 -0.008044 5.818262 -0.008364 0.011756 0.999896 -0.079859 
44 59 0.999125 0.038965 -0.015210 -9.578021 -0.039011 0.999235 -0.002779 -0.095297 0.015090 0.003370 0.999880 -0.148914 
60 72 0.999927 -0.004695 -0.011120 -9.787893 0.004782 0.999958 0.007853 -0.026683 0.011083 -0.007906 0.999907 -0.199186 
73 84 0.999964 -0.002296 -0.008203 -9.211403 0.002285 0.999997 -0.001311 -0.063679 0.008206 0.001292 0.999965 -0.220471 
85 97 0.999890 0.010481 0.010457 -9.860743 -0.010513 0.999940 0.002983 0.036313 -0.010425 -0.003092 0.999941 -0.148893 
98 110 0.999946 0.006782 -0.007816 -9.305688 -0.006815 0.999968 -0.004182 -0.032069 0.007787 0.004235 0.999961 -0.184227 
111 128 0.936625 -0.350082 -0.013293 -9.415550 0.350185 0.936660 0.006272 -2.416139 0.010255 -0.010530 0.999892 -0.241051 
129 150 0.526974 -0.849878 -0.002558 -9.360207 0.849770 0.526853 0.017820 -3.439161 -0.013797 -0.011564 0.999838 -0.075091 
151 164 0.991176 -0.132238 -0.009080 -9.468653 0.132142 0.991176 -0.010453 -0.481769 0.010382 0.009161 0.999904 -0.168603 
165 178 0.999605 -0.028045 0.002081 -9.887882 0.028040 0.999604 0.002289 -0.181113 -0.002145 -0.002229 0.999995 -0.156848 
179 191 0.999842 0.015605 0.008455 -9.461640 -0.015590 0.999877 -0.001891 0.026581 -0.008483 0.001759 0.999962 -0.047865 
192 203 0.999875 -0.007758 -0.013765 -9.474448 0.007932 0.999889 0.012632 -0.087833 0.013665 -0.012739 0.999825 -0.167124 
204 215 0.999989 0.003754 0.002819 -9.376265 -0.003765 0.999985 0.003970 -0.012257 -0.002804 -0.003981 0.999988 -0.169320 
216 228 0.998474 0.054246 -0.010363 -9.627827 -0.054370 0.998449 -0.012012 0.186385 0.009695 0.012557 0.999874 -0.237947 
229 242 0.993887 0.110136 -0.007609 -9.825073 -0.110087 0.993900 0.006557 0.519863 0.008285 -0.005679 0.999950 -0.217910 
243 256 0.991217 0.132158 -0.004731 -9.725577 -0.132140 0.991223 0.003929 0.447046 0.005209 -0.003269 0.999981 -0.179585 
257 270 0.997588 0.067071 0.017880 -9.984530 -0.066866 0.997692 -0.011814 0.191507 -0.018631 0.010590 0.999770 -0.093358 
271 284 0.998499 0.053390 -0.012205 -9.550180 -0.053211 0.998478 0.014535 0.161969 0.012962 -0.013864 0.999820 -0.276799 
285 309 0.979602 0.200940 0.001883 -9.795403 -0.200947 0.979510 0.013401 1.398435 0.000849 -0.013506 0.999908 -0.214680 
310 343 0.235684 0.971687 -0.016680 -8.439096 -0.971602 0.235965 0.017584 4.850150 0.021022 0.012062 0.999706 -0.176956 
344 358 0.991028 0.133586 -0.004404 -9.793120 -0.133592 0.991036 -0.001156 0.220750 0.004210 0.001734 0.999990 -0.077511 
359 370 0.999922 0.010125 0.007261 -9.911549 -0.010133 0.999948 0.001136 0.029658 -0.007249 -0.001210 0.999973 0.007179 
371 381 0.999877 0.001404 -0.015603 -9.908866 -0.001402 0.999999 0.000151 -0.016207 0.015603 -0.000129 0.999878 -0.197003 
382 392 0.999991 0.003155 0.002693 -9.838557 -0.003136 0.999969 -0.007242 -0.050887 -0.002716 0.007233 0.999970 -0.133623 
393 403 0.999909 -0.005833 -0.012186 -9.807443 0.005955 0.999933 0.009958 -0.039922 0.012127 -0.010030 0.999876 -0.188981 
404 414 0.999987 0.003383 -0.003679 -9.595370 -0.003393 0.999991 -0.002725 -0.032761 0.003670 0.002738 0.999989 -0.151077 
415 425 0.999953 -0.007358 0.006287 -9.262590 0.007341 0.999969 0.002754 -0.046809 -0.006307 -0.002708 0.999977 -0.100603 
426 438 0.999948 0.000318 -0.010175 -9.881905 -0.000308 1.000000 0.000953 -0.033310 0.010175 -0.000950 0.999948 -0.258769 
439 454 0.980133 0.198323 -0.002596 -9.513846 -0.198239 0.979967 0.019130 1.312916 0.006338 -0.018236 0.999814 -0.240153 
455 476 0.527524 0.848596 -0.040041 -8.592422 -0.849526 0.526655 -0.030663 4.283258 -0.004933 0.050191 0.998728 -0.158690 
477 495 0.964195 0.265065 -0.008341 -9.387868 -0.265080 0.964226 -0.000752 0.370837 0.007843 0.002936 0.999965 -0.091124 
496 509 0.999997 -0.001662 0.001814 -9.661315 0.001705 0.999712 -0.023917 -0.078210 -0.001773 0.023920 0.999712 -0.084088 
510 520 0.999977 -0.003354 -0.005965 -9.092351 0.003441 0.999887 0.014615 -0.037015 0.005915 -0.014635 0.999875 -0.118800 
521 531 0.999982 -0.005835 -0.001678 -9.280697 0.005862 0.999844 0.016687 -0.041674 0.001581 -0.016697 0.999859 -0.109544 
532 543 0.979860 -0.199508 -0.008394 -9.706144 0.199599 0.979806 0.011881 -1.220913 0.005854 -0.013317 0.999894 -0.199526 
544 555 0.959546 -0.280419 0.025223 -9.423315 0.280459 0.959864 0.002027 -1.066386 -0.024780 0.005129 0.999680 -0.091321 
556 566 0.999176 -0.038733 -0.012126 -9.552792 0.038656 0.999231 -0.006544 -0.087092 0.012371 0.006070 0.999905 -0.115030 
567 576 0.999996 -0.001819 0.001993 -9.382969 0.001848 0.999895 -0.014380 -0.111537 -0.001967 0.014384 0.999895 -0.117020 
577 586 0.999915 -0.012684 -0.003172 -9.388596 0.012662 0.999896 -0.006860 -0.127967 0.003259 0.006819 0.999971 -0.157550 
587 596 0.999769 -0.021078 -0.004091 -9.141091 0.021065 0.999773 -0.003247 -0.114827 0.004159 0.003161 0.999986 -0.157600 
597 607 0.999984 0.004988 0.002492 -9.832679 -0.004997 0.999981 0.003631 -0.001553 -0.002473 -0.003644 0.999990 -0.154820 
608 618 0.999974 0.006193 -0.003827 -9.286563 -0.006217 0.999962 -0.006124 -0.072006 0.003789 0.006148 0.999974 -0.195162 
619 633 0.996023 -0.088846 -0.006623 -9.748489 0.088983 0.995731 0.024517 -0.396859 0.004417 -0.025008 0.999677 -0.238500 
662 760 0.290226 0.956390 -0.032965 -8.590008 -0.956529 0.290955 0.019919 4.174304 0.028641 0.025751 0.999258 -0.313323 
761 773 0.973966 0.226179 0.015266 -9.838236 -0.226007 0.974049 -0.012218 0.582854 -0.017633 0.008450 0.999809 0.054701 
774 783 0.999410 0.032947 -0.009706 -9.628367 -0.032910 0.999451 0.003914 0.136449 0.009829 -0.003592 0.999945 -0.104949 
784 792 0.999982 -0.003190 -0.005026 -9.545162 0.003204 0.999991 0.002829 -0.058651 0.005017 -0.002845 0.999983 -0.132546 
793 801 0.999991 -0.004162 -0.000368 -9.477363 0.004161 0.999990 -0.001300 -0.057615 0.000373 0.001299 0.999999 -0.144693 
802 810 0.999998 -0.001805 -0.000393 -9.269210 0.001805 0.999998 -0.000781 -0.050606 0.000395 0.000780 1.000000 -0.140596 
811 819 0.999779 0.020814 -0.003026 -9.037750 -0.020814 0.999783 -0.000269 0.052943 0.003019 0.000332 0.999995 -0.155826 
820 829 0.999990 -0.004229 -0.001462 -9.950430 0.004230 0.999991 0.000510 -0.103734 0.001460 -0.000516 0.999999 -0.153029 
830 839 0.999845 -0.017354 0.002927 -9.757663 0.017361 0.999847 -0.002173 -0.115501 -0.002889 0.002224 0.999993 -0.105813 
840 849 0.999989 0.004191 -0.002154 -9.588941 -0.004233 0.999794 -0.019830 -0.052868 0.002071 0.019839 0.999801 -0.132310 
850 859 0.999959 0.004172 0.007976 -9.435018 -0.004269 0.999917 0.012161 -0.008592 -0.007925 -0.012195 0.999894 -0.074865 
860 869 0.999909 -0.009451 -0.009591 -9.159780 0.009481 0.999950 0.003080 -0.072349 0.009561 -0.003170 0.999949 -0.181533 
870 881 0.999930 0.010728 -0.004946 -9.942293 -0.010768 0.999909 -0.008070 0.049646 0.004859 0.008123 0.999955 -0.204254 
882 898 0.955745 0.294139 0.005773 -9.677085 -0.294086 0.955741 -0.008523 1.658995 -0.008025 0.006448 0.999947 -0.158643 
899 920 0.546030 0.836989 -0.036075 -8.881691 -0.837743 0.545190 -0.030889 3.716066 -0.006186 0.047088 0.998872 -0.161795 
921 936 0.985189 0.171267 0.008336 -9.328456 -0.171283 0.985221 0.001163 0.385871 -0.008013 -0.002573 0.999965 -0.035322 
937 950 0.999415 0.032566 -0.010408 -9.912556 -0.032494 0.999447 0.007019 0.052239 0.010631 -0.006676 0.999921 -0.159578 
951 964 0.999927 -0.009368 -0.007579 -9.579534 0.009381 0.999955 0.001697 -0.111094 0.007563 -0.001768 0.999970 -0.204191 
965 980 0.999934 0.003539 0.010968 -9.488046 -0.003502 0.999988 -0.003362 -0.037006 -0.010979 0.003323 0.999934 -0.106530 
981 999 0.999976 0.004596 -0.005131 -9.843236 -0.004597 0.999989 -0.000163 -0.117945 0.005130 0.000187 0.999987 -0.180370 
1000 1036 0.999092 0.042530 0.002690 -9.916435 -0.042529 0.999095 -0.000606 0.274477 -0.002713 0.000491 0.999996 -0.138162 
1037 1068 0.996405 -0.084093 0.010233 -9.620553 0.083893 0.996301 0.018626 -0.134021 -0.011762 -0.017700 0.999774 -0.021022 
