0 14 0.999897 -0.010518 -0.009798 -9.155648 0.010453 0.999923 -0.006651 -0.125055 0.009867 0.006548 0.999930 -0.220291 
15 58 0.900466 0.434922 -0.002275 -5.321088 -0.434900 0.900339 -0.015867 1.748465 -0.004853 0.015277 0.999871 -7.964950 
59 78 0.530150 0.847788 -0.014012 -8.190462 -0.847630 0.530326 0.016672 2.604210 0.021565 0.003039 0.999763 -2.934150 
79 90 0.998342 0.057332 0.005107 -9.093378 -0.057406 0.998226 0.015817 -0.207968 -0.004191 -0.016084 0.999862 -0.704253 
91 100 0.999214 0.021217 -0.033486 -8.932589 -0.022154 0.999366 -0.027863 -0.017601 0.032874 0.028583 0.999051 -0.170943 
101 109 0.999177 0.039069 -0.010907 -8.481950 -0.039248 0.999091 -0.016660 0.058244 0.010246 0.017074 0.999802 -0.168556 
110 118 1.000000 -0.000678 0.000073 -8.781576 0.000679 0.999888 -0.014954 -0.097609 -0.000063 0.014954 0.999888 -0.127733 
119 127 0.999151 -0.041178 -0.001312 -9.021003 0.041164 0.999110 -0.009182 -0.252188 0.001689 0.009120 0.999957 -0.119679 
128 136 0.999501 -0.030876 0.006710 -9.237239 0.030885 0.999522 -0.001241 -0.151544 -0.006669 0.001448 0.999977 -0.077555 
137 145 0.999976 -0.004628 -0.005094 -9.429237 0.004643 0.999985 0.002942 -0.061044 0.005080 -0.002966 0.999983 -0.176805 
146 154 0.999997 -0.001849 -0.001518 -9.366639 0.001855 0.999990 0.004047 -0.053973 0.001511 -0.004050 0.999991 -0.146245 
155 163 0.999993 -0.002662 -0.002731 -9.257607 0.002646 0.999978 -0.005996 -0.074528 0.002747 0.005988 0.999978 -0.111965 
164 172 0.999991 0.001912 0.003776 -9.373529 -0.001883 0.999969 -0.007708 -0.054994 -0.003790 0.007701 0.999963 -0.045029 
173 181 0.999984 0.004806 -0.003012 -9.830578 -0.004814 0.999985 -0.002507 -0.038575 0.003000 0.002521 0.999992 -0.107430 
182 189 0.999995 0.002326 -0.001910 -8.824005 -0.002348 0.999926 -0.011897 -0.066141 0.001882 0.011902 0.999927 -0.155726 
190 197 0.999974 -0.005704 -0.004506 -8.758865 0.005695 0.999982 -0.001876 -0.094950 0.004516 0.001850 0.999988 -0.177314 
198 206 0.999999 0.001024 0.001018 -9.883393 -0.001040 0.999869 0.016129 -0.035635 -0.001001 -0.016130 0.999869 -0.175243 
207 215 0.999976 -0.006842 0.001259 -9.814322 0.006860 0.999867 -0.014774 -0.129613 -0.001158 0.014782 0.999890 -0.078038 
216 224 0.999963 -0.005097 -0.006905 -9.728764 0.005137 0.999970 0.005770 -0.087385 0.006875 -0.005805 0.999960 -0.163933 
225 234 0.999956 -0.006196 -0.007018 -9.378590 0.006183 0.999979 -0.001904 -0.081944 0.007030 0.001861 0.999974 -0.220512 
235 245 0.999737 0.022423 0.004818 -9.146182 -0.022392 0.999728 -0.006524 -0.016223 -0.004963 0.006415 0.999967 -0.134740 
246 256 0.999965 -0.007837 0.002838 -9.351770 0.007820 0.999953 0.005807 -0.088792 -0.002883 -0.005785 0.999979 -0.106892 
257 266 0.999739 -0.021730 -0.007097 -9.104619 0.021685 0.999745 -0.006322 -0.157546 0.007232 0.006167 0.999955 -0.077737 
267 276 0.999988 -0.004977 0.000193 -9.749894 0.004977 0.999986 0.001962 -0.066859 -0.000202 -0.001961 0.999998 -0.107908 
277 285 0.999894 0.011985 0.008270 -9.246142 -0.012090 0.999846 0.012707 0.024854 -0.008116 -0.012806 0.999885 -0.056025 
286 294 0.999845 0.017488 -0.002237 -9.803127 -0.017485 0.999846 0.001279 0.023219 0.002259 -0.001239 0.999997 -0.122110 
295 302 0.999988 0.004501 -0.002090 -8.800963 -0.004506 0.999987 -0.002533 -0.056698 0.002079 0.002543 0.999995 -0.119740 
303 310 0.999955 -0.000041 -0.009519 -8.736042 0.000166 0.999913 0.013170 -0.032915 0.009517 -0.013171 0.999868 -0.187095 
311 319 0.999997 -0.002439 0.000112 -9.850821 0.002439 0.999992 -0.003323 -0.082233 -0.000104 0.003323 0.999994 -0.120936 
320 328 0.999992 -0.003946 -0.000205 -9.808390 0.003946 0.999986 -0.003521 -0.080246 0.000219 0.003520 0.999994 -0.135136 
329 337 0.999989 0.000817 0.004630 -9.827367 -0.000752 0.999900 -0.014095 -0.074054 -0.004641 0.014091 0.999890 -0.135181 
338 346 0.999997 0.002181 0.000702 -9.916868 -0.002187 0.999956 0.009075 -0.049306 -0.000682 -0.009076 0.999959 -0.133550 
347 354 0.999961 -0.006532 -0.005903 -8.757976 0.006537 0.999978 0.000884 -0.078636 0.005898 -0.000922 0.999982 -0.153085 
355 362 0.999953 -0.004037 -0.008854 -8.802057 0.003849 0.999769 -0.021132 -0.110430 0.008937 0.021097 0.999737 -0.131575 
363 371 0.999944 0.000781 -0.010547 -9.841378 -0.000796 0.999999 -0.001371 -0.083217 0.010546 0.001379 0.999943 -0.209305 
372 381 0.999907 0.004329 0.012933 -9.969664 -0.004320 0.999990 -0.000688 -0.054451 -0.012936 0.000632 0.999916 -0.018912 
382 392 0.999774 -0.015224 -0.014817 -9.751392 0.014990 0.999762 -0.015822 -0.231059 0.015055 0.015597 0.999765 -0.188200 
393 408 0.863665 -0.502448 -0.040366 -9.434137 0.503975 0.862261 0.050145 -2.924996 0.009611 -0.063652 0.997926 -0.306150 
409 425 0.765803 -0.642838 -0.017474 -9.601185 0.643009 0.765831 0.006453 -2.729743 0.009234 -0.016178 0.999827 -0.099622 
426 437 0.982830 -0.184495 -0.002621 -9.255293 0.184327 0.982376 -0.031003 -0.707807 0.008295 0.029988 0.999516 -0.103260 
438 447 0.999578 -0.026461 -0.011991 -8.976466 0.026573 0.999603 0.009326 -0.133053 0.011739 -0.009641 0.999885 -0.151029 
448 457 0.999787 -0.020228 -0.004105 -9.102772 0.020239 0.999792 0.002677 -0.125646 0.004050 -0.002760 0.999988 -0.161973 
458 468 0.999795 -0.020258 0.000508 -9.393877 0.020260 0.999789 -0.003398 -0.184345 -0.000439 0.003408 0.999994 -0.170359 
469 481 0.983025 -0.182986 -0.013338 -9.500697 0.183182 0.982959 0.015367 -1.100761 0.010298 -0.017550 0.999793 -0.261659 
482 497 0.796325 -0.604791 -0.009689 -8.968979 0.604727 0.795689 0.034412 -3.056462 -0.013102 -0.033262 0.999361 -0.088486 
498 513 0.864722 -0.502240 -0.003409 -9.538983 0.502146 0.864659 -0.014620 -1.867385 0.010290 0.010930 0.999887 -0.164940 
514 526 0.993915 -0.109837 -0.008237 -9.724651 0.109871 0.993939 0.003763 -0.459086 0.007774 -0.004645 0.999959 -0.115734 
527 538 0.999763 -0.020211 0.008069 -9.878728 0.020014 0.999516 0.023818 -0.016672 -0.008546 -0.023651 0.999684 -0.080475 
539 550 0.998554 0.053740 -0.001452 -9.865929 -0.053738 0.998554 0.001281 0.180771 0.001518 -0.001201 0.999998 -0.153265 
551 562 0.999904 -0.013715 -0.002141 -9.687722 0.013697 0.999872 -0.008328 -0.182988 0.002255 0.008298 0.999963 -0.155047 
563 574 0.999927 0.011609 -0.003252 -9.614508 -0.011581 0.999897 0.008453 0.078553 0.003350 -0.008415 0.999959 -0.170419 
575 586 0.999952 0.007805 -0.005981 -9.445917 -0.007851 0.999940 -0.007659 -0.045967 0.005921 0.007706 0.999953 -0.165858 
587 598 0.999816 0.018738 0.004228 -9.328227 -0.018710 0.999803 -0.006633 0.036344 -0.004352 0.006552 0.999969 -0.108653 
599 610 0.999531 -0.030343 0.004112 -9.995526 0.030408 0.999401 -0.016556 -0.321342 -0.003607 0.016673 0.999854 -0.110781 
611 621 0.999506 -0.030518 -0.007484 -9.521094 0.030555 0.999521 0.004900 -0.138659 0.007331 -0.005126 0.999960 -0.174530 
622 633 0.999800 -0.019908 -0.001895 -9.888649 0.019935 0.999686 0.015194 -0.073748 0.001592 -0.015229 0.999883 -0.172494 
634 645 0.996580 0.082413 -0.005984 -9.681114 -0.082379 0.996585 0.005594 0.352108 0.006424 -0.005082 0.999966 -0.166922 
646 657 0.999868 0.016121 -0.002077 -9.964893 -0.016171 0.999505 -0.026986 -0.143497 0.001641 0.027016 0.999634 -0.160026 
658 669 0.994663 -0.103167 0.001337 -9.787204 0.103159 0.994654 0.004736 -0.553534 -0.001818 -0.004572 0.999988 -0.164285 
670 682 0.999729 -0.021440 -0.009109 -9.584514 0.021770 0.999049 0.037779 0.000724 0.008291 -0.037967 0.999245 -0.222945 
683 704 0.915044 0.403328 -0.004606 -9.493946 -0.403353 0.914949 -0.013204 2.804885 -0.001111 0.013940 0.999902 -0.217911 
705 726 0.593638 0.804616 -0.013668 -9.229335 -0.804367 0.593795 0.020047 3.299158 0.024246 -0.000907 0.999706 -0.245649 
727 739 0.973097 0.229685 -0.018108 -9.671549 -0.229835 0.973207 -0.006637 0.597073 0.016099 0.010620 0.999814 -0.158084 
740 750 0.998918 -0.045568 -0.009337 -9.613794 0.045675 0.998889 0.011627 -0.255656 0.008797 -0.012041 0.999889 -0.255089 
751 761 0.999989 -0.000520 0.004640 -9.590753 0.000549 0.999980 -0.006274 -0.004739 -0.004637 0.006276 0.999970 -0.166041 
762 774 0.999169 0.040609 -0.003471 -10.023493 -0.040601 0.999173 0.002208 0.170163 0.003558 -0.002065 0.999992 -0.216289 
775 793 0.877502 0.479281 -0.016755 -9.267082 -0.479544 0.876524 -0.041744 2.690247 -0.005321 0.044665 0.998988 -0.206877 
794 811 0.686520 0.727033 0.010695 -9.368171 -0.726750 0.686568 -0.021400 3.148006 -0.022901 0.006919 0.999714 0.040699 
812 824 0.995317 0.096150 -0.009931 -9.554924 -0.096090 0.995352 0.006399 0.068444 0.010500 -0.005415 0.999930 -0.104697 
825 835 0.999989 0.004469 0.001529 -9.435433 -0.004500 0.999767 0.021131 0.041699 -0.001434 -0.021138 0.999776 -0.051955 
836 845 0.998040 0.062578 0.000294 -9.593695 -0.062576 0.998029 -0.004778 0.241095 -0.000592 0.004750 0.999989 -0.042713 
846 855 0.998845 0.047511 -0.007163 -9.599646 -0.047598 0.998788 -0.012503 0.103942 0.006561 0.012829 0.999896 -0.170826 
856 867 0.999841 -0.017527 -0.003215 -9.920178 0.017466 0.999683 -0.018111 -0.214098 0.003532 0.018052 0.999831 -0.175838 
868 880 0.998989 -0.044604 -0.005539 -9.897619 0.044608 0.999004 0.000601 -0.253745 0.005507 -0.000848 0.999984 -0.183178 
881 892 0.999949 0.009333 -0.003762 -9.238369 -0.009322 0.999953 0.002847 0.030220 0.003788 -0.002812 0.999989 -0.130308 
893 904 0.999984 0.005679 -0.000142 -9.567038 -0.005679 0.999975 -0.004143 -0.045292 0.000118 0.004144 0.999991 -0.104209 
905 915 0.999974 -0.004207 0.005803 -9.460085 0.004177 0.999977 0.005271 -0.066366 -0.005825 -0.005247 0.999969 -0.105998 
916 926 0.999950 -0.008528 -0.005243 -9.416627 0.008545 0.999958 0.003333 -0.073880 0.005214 -0.003377 0.999981 -0.173955 
927 938 0.999989 -0.003431 -0.003093 -9.821472 0.003423 0.999990 -0.002713 -0.068227 0.003103 0.002703 0.999992 -0.172088 
939 950 0.999810 0.019262 -0.002947 -9.256742 -0.019259 0.999814 0.000865 0.069431 0.002963 -0.000808 0.999995 -0.113164 
951 962 0.999952 0.009818 -0.000790 -9.569333 -0.009823 0.999929 -0.006703 -0.029866 0.000724 0.006711 0.999977 -0.119533 
963 974 0.999956 -0.007052 -0.006231 -9.677037 0.007006 0.999949 -0.007337 -0.146248 0.006282 0.007293 0.999954 -0.158407 
975 988 0.992490 -0.122329 -0.000193 -9.725304 0.122329 0.992485 0.003185 -0.829664 -0.000198 -0.003185 0.999995 -0.175323 
989 1009 0.760305 -0.649554 0.003901 -8.977883 0.648753 0.759641 0.045445 -3.389486 -0.032482 -0.032021 0.998959 0.048501 
1010 1025 0.817630 -0.575743 -0.000685 -9.547807 0.575551 0.817386 -0.024932 -2.197531 0.014915 0.019991 0.999689 -0.132205 
1026 1037 0.997828 -0.064672 0.012488 -9.903979 0.064475 0.997798 0.015591 -0.122192 -0.013469 -0.014751 0.999801 0.006560 
1038 1048 0.999985 -0.001618 -0.005206 -9.858911 0.001650 0.999980 0.006050 -0.042040 0.005197 -0.006058 0.999968 -0.135599 
1049 1059 0.999820 -0.002567 -0.018792 -9.438633 0.002445 0.999976 -0.006487 -0.060181 0.018808 0.006440 0.999802 -0.257828 
1060 1073 0.975975 -0.217874 -0.001994 -9.399294 0.217859 0.975963 -0.005830 -1.464670 0.003216 0.005255 0.999981 -0.220915 
1074 1089 0.719963 -0.694001 0.004028 -9.060022 0.693939 0.719959 0.010384 -3.245532 -0.010107 -0.004681 0.999938 -0.086956 
1090 1102 0.936364 -0.351031 0.000546 -9.133647 0.350972 0.936231 0.017064 -1.138068 -0.006502 -0.015786 0.999854 -0.040206 
1103 1113 0.998252 -0.058111 -0.010766 -9.342811 0.058170 0.998293 0.005238 -0.218154 0.010443 -0.005855 0.999928 -0.124874 
1114 1123 0.999150 -0.041049 -0.003679 -9.149594 0.041004 0.999093 -0.011488 -0.244189 0.004147 0.011327 0.999927 -0.156181 
1124 1133 0.999489 -0.031473 0.005578 -9.299594 0.031572 0.999329 -0.018558 -0.231703 -0.004990 0.018725 0.999812 -0.134386 
1134 1143 0.998736 -0.050172 -0.003046 -9.226419 0.050201 0.998687 0.010177 -0.234906 0.002531 -0.010317 0.999944 -0.117032 
1144 1153 0.999446 0.033277 -0.000383 -9.151936 -0.033249 0.998965 0.031044 0.198912 0.001415 -0.031014 0.999518 -0.128030 
1154 1163 0.998062 0.061956 -0.005801 -9.180700 -0.061943 0.998077 0.002401 0.216925 0.005939 -0.002037 0.999980 -0.155951 
1164 1173 0.999870 0.013432 -0.008962 -9.250666 -0.013532 0.999846 -0.011146 -0.016331 0.008811 0.011266 0.999898 -0.175600 
1174 1183 0.999935 -0.011316 -0.001306 -9.059012 0.011300 0.999872 -0.011283 -0.105811 0.001434 0.011267 0.999935 -0.147052 
1184 1194 0.999794 -0.020172 0.002089 -9.452907 0.020182 0.999785 -0.004863 -0.161273 -0.001991 0.004904 0.999986 -0.175473 
1195 1206 0.999846 -0.017553 -0.000808 -9.365541 0.017556 0.999837 0.004297 -0.086102 0.000732 -0.004311 0.999990 -0.181312 
1207 1220 0.999926 0.008082 -0.009077 -9.342978 -0.008019 0.999944 0.006955 0.003186 0.009133 -0.006882 0.999935 -0.189866 
1221 1238 0.999986 0.004908 0.002103 -9.800282 -0.004907 0.999988 -0.000470 -0.034917 -0.002105 0.000460 0.999998 -0.148279 
1239 1258 0.999857 0.013749 0.009851 -9.972470 -0.013615 0.999815 -0.013550 -0.008990 -0.010036 0.013414 0.999860 -0.071412 
1259 1278 0.999599 -0.022786 -0.016806 -9.923801 0.022829 0.999736 0.002377 -0.153127 0.016747 -0.002760 0.999856 -0.308002 
1279 1299 0.972242 -0.233785 0.009469 -9.559007 0.233552 0.972119 0.020921 -1.474480 -0.014096 -0.018129 0.999736 -0.080234 
1300 1329 0.468639 -0.883200 0.018283 -8.710900 0.883202 0.468866 0.010886 -4.865946 -0.018187 0.011046 0.999774 -0.011553 
1330 1344 0.974340 -0.224863 -0.009893 -9.379063 0.225010 0.974195 0.017716 -0.406230 0.005654 -0.019488 0.999794 -0.061743 
1345 1356 0.999385 0.033415 -0.010588 -9.880507 -0.033317 0.999402 0.009265 0.109714 0.010891 -0.008907 0.999901 -0.164622 
1357 1367 0.999941 -0.006282 0.008821 -9.345595 0.006401 0.999888 -0.013557 -0.075198 -0.008735 0.013612 0.999869 -0.013265 
1368 1379 0.999430 0.032874 -0.007641 -9.668424 -0.032880 0.999459 -0.000727 0.111066 0.007613 0.000978 0.999971 -0.181607 
1380 1396 0.999993 -0.002183 0.002961 -9.978907 0.002242 0.999800 -0.019872 -0.210331 -0.002917 0.019879 0.999798 -0.167842 
1397 1418 0.997367 0.071731 -0.010653 -9.983680 -0.071705 0.997422 0.002785 0.281009 0.010825 -0.002014 0.999939 -0.249480 
1419 1433 0.993128 -0.116684 0.009043 -9.715876 0.116808 0.993046 -0.014652 -0.760068 -0.007270 0.015607 0.999852 -0.021582 
1434 1445 0.999385 -0.035026 -0.001641 -9.988477 0.035047 0.999274 0.014912 -0.050595 0.001118 -0.014961 0.999887 -0.032238 
1446 1455 0.999527 0.030680 -0.002232 -9.004901 -0.030610 0.999180 0.026489 0.187332 0.003042 -0.026409 0.999647 -0.112630 
1456 1466 0.999188 0.039907 -0.005606 -9.685211 -0.040006 0.999023 -0.018798 0.047309 0.004850 0.019007 0.999808 -0.184371 
1467 1481 0.999903 -0.007932 -0.011484 -9.773896 0.007743 0.999835 -0.016403 -0.140693 0.011612 0.016313 0.999799 -0.305885 
1482 1505 0.996694 0.078769 0.019903 -9.770689 -0.079146 0.996683 0.018931 0.449326 -0.018346 -0.020444 0.999623 -0.077323 
1506 1522 0.998766 -0.049064 0.007665 -9.797210 0.049318 0.998082 -0.037414 -0.568440 -0.005814 0.037746 0.999270 -0.021007 
1523 1535 0.988015 -0.154170 -0.007568 -9.295399 0.154334 0.987509 0.031733 -0.388077 0.002581 -0.032521 0.999468 -0.091728 
1536 1547 0.996191 0.087201 -0.000589 -9.820772 -0.087199 0.996187 0.002786 0.349974 0.000829 -0.002725 0.999996 -0.100947 
1548 1558 0.999918 0.012800 0.000873 -9.294546 -0.012806 0.999891 0.007292 -0.019708 -0.000779 -0.007303 0.999973 -0.102579 
1559 1570 0.999916 -0.011126 -0.006626 -9.604103 0.011119 0.999938 -0.001119 -0.062488 0.006638 0.001045 0.999977 -0.114249 
1571 1588 0.997519 0.070306 -0.003636 -9.672524 -0.070339 0.997473 -0.010035 0.408089 0.002921 0.010266 0.999943 -0.217184 
1589 1621 0.617848 0.786154 -0.015034 -8.583832 -0.786244 0.617468 -0.023550 4.159373 -0.009231 0.026371 0.999610 -0.114281 
1622 1638 0.914656 0.403440 -0.025309 -9.301383 -0.401985 0.914379 0.048168 1.600107 0.042575 -0.033883 0.998519 -0.306960 
1639 1655 0.987561 0.157034 0.007934 -9.649635 -0.156852 0.987423 -0.019834 0.325862 -0.010948 0.018343 0.999772 -0.088571 
1656 1669 0.999657 0.025112 0.007393 -10.013123 -0.025047 0.999648 -0.008687 0.009426 -0.007609 0.008498 0.999935 -0.034042 
1670 1680 0.999569 0.029292 0.001969 -9.456274 -0.029254 0.999425 -0.017129 -0.013280 -0.002470 0.017064 0.999851 -0.041763 
1681 1690 0.997267 -0.072145 -0.015920 -9.369199 0.071908 0.997299 -0.014995 -0.501146 0.016959 0.013809 0.999761 -0.175226 
1691 1700 0.998761 -0.049762 0.001047 -9.694978 0.049728 0.998534 0.021384 -0.108332 -0.002110 -0.021305 0.999771 -0.137188 
1701 1709 0.999736 0.021347 -0.008556 -9.059564 -0.021265 0.999728 0.009567 0.044604 0.008757 -0.009382 0.999918 -0.160220 
1710 1718 0.999999 0.000410 0.001408 -9.572302 -0.000397 0.999957 -0.009307 -0.062649 -0.001411 0.009306 0.999956 -0.103425 
1719 1726 0.999994 0.003012 0.001495 -8.734363 -0.003023 0.999967 0.007530 -0.024437 -0.001473 -0.007534 0.999970 -0.073798 
1727 1734 0.999954 0.006646 -0.006902 -8.898685 -0.006672 0.999971 -0.003788 -0.033441 0.006876 0.003833 0.999969 -0.123846 
1735 1742 0.999909 0.010460 -0.008505 -8.890405 -0.010396 0.999917 0.007544 0.001597 0.008583 -0.007455 0.999935 -0.156930 
1743 1750 0.999962 0.008342 -0.002539 -8.785220 -0.008350 0.999960 -0.003172 -0.021828 0.002512 0.003193 0.999992 -0.130199 
1751 1758 0.999998 0.000465 0.002087 -8.639921 -0.000468 0.999998 0.001690 -0.048872 -0.002087 -0.001691 0.999996 -0.125197 
1759 1767 0.999984 0.005489 0.001138 -9.667605 -0.005495 0.999969 0.005596 -0.019009 -0.001107 -0.005603 0.999984 -0.161230 
1768 1776 0.999989 0.004226 -0.002086 -9.354751 -0.004232 0.999987 -0.002927 -0.037872 0.002074 0.002936 0.999994 -0.173628 
1777 1786 0.999981 0.003783 -0.004802 -9.689904 -0.003795 0.999990 -0.002563 -0.049199 0.004793 0.002581 0.999985 -0.217128 
1787 1798 0.999728 -0.022488 -0.006111 -9.812564 0.022574 0.999644 0.014260 -0.186716 0.005788 -0.014394 0.999880 -0.243356 
1799 1816 0.999777 -0.017465 0.011881 -9.953088 0.017417 0.999840 0.004144 -0.009295 -0.011952 -0.003936 0.999921 -0.146279 
1817 1846 0.509420 0.860198 -0.023470 -8.558411 -0.860298 0.508484 -0.036495 4.402433 -0.019459 0.038782 0.999058 0.006252 
1847 1860 0.917974 0.396284 -0.016798 -9.426704 -0.394525 0.916629 0.064355 1.535723 0.040900 -0.052449 0.997786 -0.212788 
1861 1870 0.994272 0.106822 -0.003613 -9.163589 -0.106880 0.993945 -0.025500 0.203311 0.000867 0.025740 0.999668 -0.113073 
1871 1880 0.999979 -0.005874 0.002909 -9.636383 0.005883 0.999978 -0.002936 -0.076243 -0.002891 0.002953 0.999991 -0.138492 
1881 1890 0.999878 -0.009319 -0.012523 -9.423508 0.009425 0.999920 0.008465 -0.080731 0.012443 -0.008582 0.999886 -0.218411 
1891 1902 0.999933 -0.005875 -0.009957 -9.902236 0.005851 0.999980 -0.002500 -0.091946 0.009971 0.002442 0.999947 -0.306143 
1903 1923 0.831967 -0.554711 0.011280 -9.183636 0.554745 0.832020 0.000066 -3.877029 -0.009422 0.006203 0.999936 -0.168977 
1924 1970 0.622164 -0.782882 0.002854 -8.887307 0.782713 0.622099 0.018819 -2.113665 -0.016509 -0.009475 0.999819 -0.046679 
1971 1996 0.995348 -0.096032 -0.007700 -9.852446 0.096197 0.995048 0.025000 -0.395447 0.005261 -0.025624 0.999658 -0.092833 
1997 2013 0.998165 0.060356 -0.004979 -9.715434 -0.060498 0.997497 -0.036607 -0.388761 0.002757 0.036841 0.999317 -0.093297 
2014 2027 0.999634 -0.026761 -0.004048 -9.339258 0.026734 0.999621 -0.006619 -0.121140 0.004224 0.006508 0.999970 -0.109000 
2028 2042 0.999631 0.024287 0.012149 -9.796431 -0.023952 0.999350 -0.026943 0.013303 -0.012796 0.026642 0.999563 -0.016326 
2043 2057 0.999943 -0.005258 -0.009279 -9.598326 0.005431 0.999810 0.018738 -0.039105 0.009178 -0.018788 0.999781 -0.158838 
2058 2072 0.999997 -0.002622 -0.000059 -9.483611 0.002623 0.999981 0.005581 -0.026852 0.000044 -0.005581 0.999984 -0.138283 
2073 2087 0.999955 -0.009453 -0.000350 -9.463556 0.009453 0.999955 0.001187 -0.081327 0.000339 -0.001190 0.999999 -0.132633 
2088 2102 0.999927 0.006467 -0.010210 -9.466809 -0.006285 0.999823 0.017752 0.020731 0.010322 -0.017686 0.999790 -0.225741 
2103 2118 0.999990 -0.004179 -0.001295 -9.882682 0.004172 0.999976 -0.005484 -0.075871 0.001318 0.005478 0.999984 -0.187349 
2119 2148 0.994482 0.104546 -0.008723 -10.073771 -0.104376 0.994373 0.018093 0.971808 0.010565 -0.017083 0.999798 -0.295036 
2149 2186 0.190183 0.981690 -0.010750 -8.968345 -0.979641 0.189046 -0.067566 3.334601 -0.064297 0.023381 0.997657 0.306128 
2187 2201 0.999385 0.035015 0.001669 -9.515246 -0.035005 0.999373 -0.005279 0.002817 -0.001853 0.005218 0.999985 -0.035629 
2202 2213 0.999188 0.039032 -0.009992 -9.771559 -0.039084 0.999223 -0.004995 0.083201 0.009789 0.005382 0.999938 -0.156381 
2214 2225 0.999850 -0.016787 -0.004263 -9.911767 0.016858 0.999709 0.017264 -0.175197 0.003972 -0.017334 0.999842 -0.168857 
2226 2238 0.999950 -0.008398 -0.005400 -9.856380 0.008442 0.999931 0.008172 -0.050996 0.005331 -0.008217 0.999952 -0.161335 
2239 2263 0.998723 -0.050160 0.005961 -10.011285 0.050098 0.998693 0.010123 -0.469677 -0.006461 -0.009812 0.999931 -0.152741 
2264 2291 0.999635 0.026810 -0.003316 -10.173631 -0.026812 0.999640 -0.000732 0.106104 0.003295 0.000820 0.999994 -0.118031 
2292 2305 0.999882 0.015352 -0.000819 -9.426742 -0.015352 0.999882 0.000383 -0.021908 0.000825 -0.000370 1.000000 -0.057113 
2306 2317 0.999945 -0.010397 -0.001079 -9.788444 0.010406 0.999911 0.008291 -0.109901 0.000992 -0.008302 0.999965 -0.081802 
2318 2329 0.999694 0.023394 -0.007993 -9.802414 -0.023337 0.999702 0.007140 0.137035 0.008158 -0.006952 0.999943 -0.208265 
2330 2344 0.999950 -0.008824 -0.004660 -9.839480 0.008803 0.999951 -0.004527 -0.196421 0.004700 0.004486 0.999979 -0.174391 
2345 2363 0.999953 -0.008345 0.004989 -9.633352 0.008260 0.999822 0.016942 0.127172 -0.005130 -0.016900 0.999844 -0.135022 
2364 2385 0.999981 0.005827 -0.002066 -9.537853 -0.005802 0.999917 0.011521 -0.115740 0.002133 -0.011508 0.999932 -0.141332 
2386 2402 0.990459 0.137638 0.006903 -9.659259 -0.137212 0.989581 -0.043619 0.534854 -0.012835 0.042256 0.999024 -0.043064 
2403 2416 0.992202 -0.124575 -0.004051 -9.793634 0.124536 0.992176 -0.008799 -0.651294 0.005116 0.008226 0.999953 -0.098938 
2417 2428 0.999795 -0.003633 -0.019907 -9.474814 0.003524 0.999978 -0.005520 -0.032232 0.019926 0.005449 0.999787 -0.225369 
2429 2440 0.999992 0.002327 -0.003414 -9.352173 -0.002365 0.999933 -0.011294 -0.082683 0.003387 0.011302 0.999930 -0.155079 
2441 2456 0.999792 -0.010974 0.017168 -9.976270 0.011045 0.999931 -0.004025 -0.113774 -0.017122 0.004213 0.999845 -0.029605 
2457 2485 0.875387 -0.482358 -0.032068 -9.465652 0.483397 0.874096 0.047780 -3.226884 0.004984 -0.057327 0.998343 -0.265047 
2486 2531 0.570177 0.821341 0.017235 -8.626345 -0.820426 0.570375 -0.039663 4.387350 -0.042408 0.008475 0.999064 0.323082 
2532 2551 0.950894 -0.306835 -0.040648 -9.651977 0.307233 0.951627 0.003781 -0.817390 0.037521 -0.016083 0.999166 -0.150586 
2552 2564 0.995671 -0.092822 -0.004906 -9.740218 0.092690 0.995440 -0.022527 -0.466088 0.006974 0.021974 0.999734 -0.080908 
2565 2575 0.999986 -0.002794 -0.004572 -9.398954 0.002835 0.999956 0.008982 -0.035276 0.004547 -0.008995 0.999949 -0.080134 
2576 2586 0.999837 0.014746 -0.010414 -9.719710 -0.014657 0.999855 0.008621 0.028410 0.010539 -0.008466 0.999909 -0.194879 
2587 2597 0.999854 0.017044 0.000965 -9.260177 -0.017052 0.999806 0.009895 0.009556 -0.000796 -0.009910 0.999951 -0.203864 
2598 2613 0.997523 -0.068440 0.016230 -9.763174 0.068543 0.997631 -0.005918 -0.553852 -0.015786 0.007016 0.999851 -0.090408 
2614 2642 0.562565 -0.826412 -0.023766 -8.856514 0.826661 0.562698 0.001264 -4.289480 0.012328 -0.020358 0.999717 -0.119782 
2643 2658 0.904167 -0.427116 -0.007298 -9.515001 0.426702 0.903835 -0.031744 -1.776561 0.020154 0.025587 0.999469 -0.137889 
2659 2670 0.998249 -0.059152 0.000588 -9.752455 0.059091 0.997580 0.036640 -0.073369 -0.002754 -0.036541 0.999328 -0.048424 
2671 2680 0.999777 0.018780 -0.009652 -9.341127 -0.018592 0.999643 0.019188 0.081724 0.010009 -0.019004 0.999769 -0.080981 
2681 2689 0.999993 0.001043 0.003641 -8.897599 -0.001012 0.999963 -0.008544 -0.068527 -0.003650 0.008540 0.999957 -0.069507 
2690 2698 0.999984 -0.005580 -0.000647 -9.160853 0.005578 0.999981 -0.002503 -0.070153 0.000661 0.002500 0.999997 -0.087257 
2699 2707 0.999999 0.001006 -0.000970 -9.389023 -0.001003 0.999993 0.003583 -0.022826 0.000974 -0.003582 0.999993 -0.073821 
2708 2716 0.999963 0.004219 -0.007434 -9.602213 -0.004282 0.999955 -0.008473 -0.050849 0.007398 0.008504 0.999937 -0.180053 
2717 2725 1.000000 -0.000910 -0.000306 -9.567897 0.000911 0.999980 0.006235 -0.041230 0.000300 -0.006236 0.999980 -0.156250 
2726 2734 0.999980 -0.006191 -0.001090 -9.403116 0.006184 0.999960 -0.006391 -0.091552 0.001130 0.006384 0.999979 -0.166280 
2735 2743 0.999985 0.005448 0.000274 -9.126603 -0.005450 0.999951 0.008226 0.003010 -0.000229 -0.008227 0.999966 -0.128684 
2744 2752 0.999991 0.003475 -0.002535 -9.010611 -0.003457 0.999969 0.007089 -0.014303 0.002559 -0.007080 0.999972 -0.113148 
2753 2761 0.999966 -0.008170 -0.001384 -9.077124 0.008154 0.999902 -0.011386 -0.107621 0.001477 0.011375 0.999934 -0.134399 
2762 2770 0.999988 -0.004104 -0.002654 -9.158979 0.004119 0.999976 0.005576 -0.045624 0.002631 -0.005587 0.999981 -0.147792 
2771 2779 1.000000 0.000476 -0.000681 -9.135941 -0.000478 0.999995 -0.003025 -0.042970 0.000680 0.003025 0.999995 -0.143755 
2780 2788 0.999954 0.008388 -0.004639 -9.010909 -0.008384 0.999965 0.000737 -0.010840 0.004645 -0.000699 0.999989 -0.173724 
2789 2797 0.999979 0.006336 0.001509 -8.926555 -0.006348 0.999948 0.007953 -0.008104 -0.001459 -0.007963 0.999967 -0.139736 
2798 2807 0.999959 -0.008670 -0.002561 -9.957641 0.008659 0.999952 -0.004486 -0.099200 0.002599 0.004464 0.999987 -0.176172 
2808 2817 0.999953 -0.009481 0.001855 -9.894459 0.009462 0.999908 0.009704 -0.051556 -0.001947 -0.009686 0.999951 -0.130756 
2818 2827 0.999985 -0.003332 -0.004316 -9.748862 0.003292 0.999950 -0.009405 -0.081960 0.004347 0.009390 0.999946 -0.189330 
2828 2837 0.999998 -0.000923 0.001969 -9.510862 0.000902 0.999946 0.010396 -0.037652 -0.001978 -0.010395 0.999944 -0.156715 
2838 2847 0.999196 0.040056 -0.001363 -9.137241 -0.040045 0.999172 0.007228 0.230550 0.001651 -0.007168 0.999973 -0.161298 
2848 2858 0.974283 0.225183 -0.008048 -9.637355 -0.225192 0.974314 -0.000200 1.054984 0.007797 0.002007 0.999968 -0.190950 
2859 2869 0.981201 0.192772 -0.009126 -9.571689 -0.192895 0.981099 -0.015384 0.667897 0.005988 0.016855 0.999840 -0.194639 
2870 2880 0.999176 -0.040494 -0.002656 -9.629301 0.040432 0.998977 -0.020275 -0.445684 0.003474 0.020151 0.999791 -0.170815 
2881 2891 0.973060 -0.230551 0.001054 -9.182625 0.230525 0.972999 0.011477 -1.079483 -0.003672 -0.010925 0.999933 -0.165537 
2892 2902 0.977118 -0.212662 0.003921 -9.334632 0.212545 0.976948 0.019923 -0.838190 -0.008068 -0.018634 0.999794 -0.078741 
2903 2912 0.997306 -0.071388 -0.016884 -9.038922 0.071659 0.997301 0.015989 -0.231405 0.015697 -0.017156 0.999730 -0.187898 
2913 2922 0.999600 -0.026393 0.010186 -9.403051 0.026748 0.998977 -0.036461 -0.232782 -0.009213 0.036719 0.999283 -0.090786 
2923 2933 0.987710 -0.155671 -0.013984 -9.207795 0.155441 0.987711 -0.016270 -1.018057 0.016345 0.013897 0.999770 -0.247849 
2934 2949 0.741893 -0.670323 -0.016155 -8.839458 0.670501 0.741491 0.024886 -3.242246 -0.004703 -0.029295 0.999560 -0.197722 
2950 2965 0.896203 -0.443550 -0.009100 -9.758095 0.443640 0.896089 0.014425 -1.365673 0.001757 -0.016965 0.999855 -0.203639 
2966 2981 0.999951 -0.009896 -0.000546 -9.777204 0.009901 0.999893 0.010731 0.014340 0.000440 -0.010736 0.999942 -0.174667 
2982 2997 0.999628 0.027096 -0.003274 -9.497947 -0.027055 0.999561 0.012065 0.146302 0.003600 -0.011972 0.999922 -0.183865 
2998 3012 0.999961 -0.002676 0.008458 -9.431946 0.002728 0.999978 -0.006064 -0.240732 -0.008442 0.006086 0.999946 -0.073634 
3013 3025 0.996330 -0.085245 -0.007757 -9.730986 0.085231 0.996359 -0.002099 -0.413102 0.007907 0.001430 0.999968 -0.145964 
3026 3037 0.980480 -0.195511 0.020835 -9.365221 0.195642 0.980665 -0.004451 -1.077744 -0.019562 0.008441 0.999773 0.024143 
3038 3049 0.974410 -0.223715 -0.021819 -9.376931 0.223860 0.974611 0.004406 -0.827906 0.020279 -0.009178 0.999752 -0.255183 
3050 3062 0.994491 -0.104342 0.010054 -9.992762 0.104531 0.994310 -0.020519 -0.526341 -0.007856 0.021457 0.999739 -0.131970 
3063 3074 0.998227 0.059237 -0.005812 -9.278094 -0.059023 0.997750 0.031802 0.327593 0.007683 -0.031403 0.999477 -0.154201 
3075 3087 0.999455 0.032627 0.005107 -9.910985 -0.032570 0.999409 -0.011010 -0.008637 -0.005463 0.010837 0.999926 -0.059431 
3088 3100 0.998946 0.045850 0.002345 -9.929914 -0.045837 0.998935 -0.005322 0.148749 -0.002587 0.005209 0.999983 -0.150989 
3101 3112 0.999933 -0.006323 -0.009695 -9.319546 0.006313 0.999980 -0.001025 -0.090430 0.009701 0.000964 0.999952 -0.132790 
3113 3125 0.998653 -0.051312 -0.007708 -9.855298 0.051312 0.998683 -0.000167 -0.273839 0.007707 -0.000229 0.999970 -0.237828 
3126 3138 0.999930 -0.009179 0.007530 -9.569009 0.009158 0.999954 0.002737 -0.091930 -0.007555 -0.002668 0.999968 -0.102522 
3139 3150 0.999935 -0.010481 -0.004448 -9.555760 0.010471 0.999943 -0.002232 -0.081008 0.004471 0.002186 0.999988 -0.148802 
3151 3161 0.999512 0.031132 -0.002432 -9.288296 -0.031126 0.999513 0.002449 0.093852 0.002507 -0.002372 0.999994 -0.131160 
3162 3172 0.999598 -0.027936 0.004874 -9.734933 0.028010 0.999481 -0.015922 -0.254168 -0.004427 0.016052 0.999861 -0.104613 
3173 3182 0.999886 -0.015134 0.000252 -9.313820 0.015130 0.999829 0.010663 -0.055580 -0.000413 -0.010658 0.999943 -0.066804 
3183 3192 0.999907 0.013570 -0.001675 -9.821778 -0.013587 0.999851 -0.010620 0.003859 0.001530 0.010642 0.999942 -0.143243 
3193 3202 0.999911 0.013200 0.001768 -9.864547 -0.013213 0.999884 0.007603 0.014020 -0.001667 -0.007626 0.999970 -0.110221 
3203 3212 0.999855 0.015189 -0.007770 -9.909298 -0.015158 0.999877 0.004036 0.021738 0.007830 -0.003918 0.999962 -0.182032 
3213 3222 0.999988 0.004576 0.001598 -9.735918 -0.004574 0.999989 -0.000981 -0.034521 -0.001602 0.000974 0.999998 -0.161725 
3223 3234 0.999736 -0.020857 -0.009664 -9.960993 0.020819 0.999775 -0.004028 -0.234688 0.009746 0.003826 0.999945 -0.216455 
3235 3246 0.999741 0.021175 0.008353 -9.454540 -0.021186 0.999775 0.001233 0.066535 -0.008325 -0.001409 0.999964 -0.119685 
3247 3257 0.999917 -0.012847 0.000378 -9.071820 0.012846 0.999915 0.002398 -0.067296 -0.000408 -0.002393 0.999997 -0.104104 
3258 3268 0.999805 -0.018168 -0.007777 -9.806885 0.018155 0.999834 -0.001836 -0.176455 0.007809 0.001694 0.999968 -0.147639 
3269 3278 0.999997 -0.001323 -0.001968 -9.427131 0.001332 0.999988 0.004651 -0.040225 0.001962 -0.004654 0.999987 -0.112392 
3279 3288 0.999879 0.011095 0.010918 -9.915540 -0.011052 0.999931 -0.004045 -0.016398 -0.010962 0.003924 0.999932 -0.056573 
3289 3297 0.999774 0.003629 -0.020962 -9.206966 -0.003624 0.999993 0.000287 -0.047017 0.020962 -0.000211 0.999780 -0.199977 
3298 3306 0.999929 -0.005453 0.010555 -9.182945 0.005484 0.999981 -0.002868 -0.080451 -0.010539 0.002926 0.999940 -0.100168 
3307 3315 0.999994 0.002738 -0.002291 -8.942851 -0.002736 0.999996 0.000873 -0.042613 0.002294 -0.000867 0.999997 -0.147181 
3316 3325 0.999888 -0.011828 -0.009142 -9.645937 0.011785 0.999920 -0.004674 -0.117740 0.009197 0.004566 0.999947 -0.230441 
3326 3335 0.999993 0.002727 -0.002486 -9.240886 -0.002727 0.999996 -0.000195 -0.005755 0.002486 0.000202 0.999997 -0.147439 
3336 3346 0.999972 0.006380 -0.003960 -9.851634 -0.006382 0.999980 -0.000564 -0.022816 0.003956 0.000589 0.999992 -0.184390 
3347 3357 0.999026 0.043505 0.007353 -9.372603 -0.043611 0.998937 0.014946 0.276604 -0.006695 -0.015253 0.999861 -0.115041 
3358 3369 0.954758 0.297365 -0.003372 -9.607579 -0.297363 0.954764 0.001075 1.407439 0.003539 -0.000023 0.999994 -0.189978 
3370 3382 0.988526 0.150797 -0.008795 -9.672414 -0.150970 0.988239 -0.024324 0.224442 0.005024 0.025373 0.999665 -0.182760 
3383 3398 0.850425 -0.526096 -0.000348 -9.516530 0.526047 0.850356 -0.013002 -2.995226 0.007136 0.010875 0.999915 -0.205411 
3399 3418 0.628473 -0.777404 -0.025786 -9.122271 0.777786 0.628450 0.009982 -4.095279 0.008445 -0.026329 0.999618 -0.289363 
3419 3446 0.172323 -0.984343 -0.037054 -8.282209 0.984359 0.173481 -0.030688 -4.758509 0.036636 -0.031186 0.998842 -0.444974 
3447 3462 0.993059 -0.116145 0.018549 -9.619582 0.116802 0.992371 -0.039467 -0.368628 -0.013824 0.041360 0.999049 -0.000054 
3463 3475 0.999758 -0.018183 -0.012425 -9.840820 0.018034 0.999765 -0.011994 -0.181160 0.012640 0.011767 0.999851 -0.149612 
3476 3486 0.999309 0.028902 -0.023387 -9.471799 -0.027466 0.997846 0.059574 0.143161 0.025058 -0.058891 0.997950 -0.228660 
3487 3497 0.999990 -0.003554 -0.002551 -9.922316 0.003579 0.999942 0.010146 -0.092304 0.002515 -0.010155 0.999945 -0.148604 
3498 3507 0.999937 -0.010087 0.004998 -9.119458 0.010099 0.999946 -0.002270 -0.130653 -0.004975 0.002321 0.999985 -0.105668 
3508 3517 0.999781 -0.002731 0.020745 -9.013839 0.003230 0.999706 -0.024037 -0.131740 -0.020673 0.024099 0.999496 0.011824 
3518 3527 0.999979 0.003618 0.005306 -9.086390 -0.003722 0.999799 0.019694 -0.052066 -0.005233 -0.019714 0.999792 -0.009665 
3528 3537 0.999954 0.005488 -0.007869 -9.429377 -0.005156 0.999120 0.041622 -0.009068 0.008090 -0.041579 0.999102 -0.157897 
3538 3547 0.999930 -0.005104 -0.010700 -9.460879 0.004877 0.999764 -0.021182 -0.125812 0.010805 0.021129 0.999718 -0.228489 
3548 3557 0.999976 -0.003117 0.006143 -9.151781 0.003227 0.999835 -0.017849 -0.124623 -0.006086 0.017869 0.999822 -0.110477 
3558 3568 0.999943 0.001413 -0.010578 -9.846234 -0.001370 0.999990 0.004154 -0.093078 0.010584 -0.004139 0.999935 -0.200937 
3569 3579 0.999972 -0.007297 0.001738 -9.400758 0.007258 0.999751 0.021109 -0.082944 -0.001892 -0.021096 0.999776 -0.154854 
3580 3591 0.999807 0.014590 -0.013179 -9.947520 -0.014534 0.999885 0.004272 -0.034446 0.013240 -0.004080 0.999904 -0.181605 
3592 3603 0.999991 -0.001897 -0.003856 -9.848620 0.001883 0.999992 -0.003610 -0.100403 0.003863 0.003603 0.999986 -0.138018 
3604 3614 0.999992 -0.002759 0.002945 -9.106496 0.002748 0.999988 0.003922 -0.090385 -0.002956 -0.003913 0.999988 -0.107413 
3615 3626 0.999986 -0.005233 0.000182 -9.784765 0.005234 0.999964 -0.006753 -0.114764 -0.000147 0.006754 0.999977 -0.093126 
3627 3638 0.999958 -0.008084 -0.004339 -9.603882 0.008077 0.999966 -0.001658 -0.123973 0.004353 0.001622 0.999989 -0.149152 
3639 3650 0.999943 -0.009603 -0.004764 -9.216919 0.009622 0.999946 0.003823 -0.133766 0.004727 -0.003868 0.999981 -0.131997 
3651 3662 0.999798 0.014098 0.014338 -9.503760 -0.014333 0.999762 0.016474 0.032632 -0.014102 -0.016676 0.999762 0.018554 
3663 3673 0.999797 0.008122 -0.018441 -9.317128 -0.008171 0.999963 -0.002597 -0.090302 0.018419 0.002747 0.999827 -0.183241 
3674 3684 0.999854 -0.006201 0.015935 -9.245952 0.006382 0.999916 -0.011302 -0.127043 -0.015864 0.011402 0.999809 -0.013559 
3685 3696 0.999952 -0.003525 -0.009130 -9.781770 0.003586 0.999971 0.006679 -0.077485 0.009107 -0.006711 0.999936 -0.119519 
3697 3708 0.999976 0.001022 -0.006892 -9.279166 -0.001214 0.999611 -0.027870 -0.094353 0.006860 0.027878 0.999588 -0.137212 
3709 3725 0.994419 -0.105499 0.000124 -9.491772 0.105410 0.993626 0.039957 -0.540574 -0.004338 -0.039721 0.999201 -0.111153 
3726 3753 0.812153 0.583355 -0.010240 -9.092272 -0.583331 0.812216 0.005508 3.520844 0.011531 0.001500 0.999932 -0.269299 
3754 3774 0.633519 0.773689 0.007648 -8.728900 -0.773628 0.633249 0.022267 3.284177 0.012384 -0.020024 0.999723 -0.114106 
3775 3787 0.996063 0.087840 0.011933 -9.741426 -0.087595 0.995962 -0.019693 -0.042370 -0.013615 0.018570 0.999735 0.071013 
3788 3797 0.999924 0.005811 -0.010855 -9.651322 -0.005764 0.999974 0.004361 0.020839 0.010881 -0.004298 0.999932 -0.080559 
3798 3806 0.999937 0.008255 -0.007573 -9.776690 -0.008259 0.999966 -0.000534 0.002927 0.007568 0.000596 0.999971 -0.142525 
3807 3815 0.999984 0.001655 -0.005374 -9.906355 -0.001665 0.999997 -0.001831 -0.049190 0.005371 0.001840 0.999984 -0.166483 
3816 3824 0.999999 -0.001085 0.001200 -9.716049 0.001088 0.999996 -0.002471 -0.060407 -0.001197 0.002472 0.999996 -0.136320 
3825 3833 0.999996 -0.002422 0.001475 -9.580267 0.002423 0.999997 -0.000964 -0.051515 -0.001473 0.000967 0.999998 -0.125357 
3834 3842 0.999995 0.002436 -0.001808 -9.368971 -0.002435 0.999997 0.000845 -0.027432 0.001810 -0.000841 0.999998 -0.144137 
3843 3851 0.999147 0.040634 -0.007392 -9.173585 -0.040672 0.999160 -0.004964 0.157726 0.007184 0.005261 0.999960 -0.129079 
3852 3861 0.998588 0.047618 0.023558 -9.977951 -0.047334 0.998801 -0.012464 0.083442 -0.024123 0.011331 0.999645 0.047890 
3862 3871 0.998992 -0.031407 -0.032072 -9.667474 0.030916 0.999399 -0.015681 -0.304605 0.032546 0.014674 0.999363 -0.327116 
3872 3881 0.997583 -0.068961 0.008487 -9.755505 0.069168 0.997236 -0.027134 -0.418826 -0.006593 0.027655 0.999596 -0.050832 
3882 3890 0.999994 -0.002772 -0.002242 -9.066368 0.002781 0.999989 0.003749 -0.056406 0.002231 -0.003755 0.999990 -0.102253 
3891 3899 0.999962 0.007206 -0.004905 -9.206693 -0.007197 0.999972 0.001976 -0.043023 0.004919 -0.001941 0.999986 -0.150975 
3900 3908 0.999998 -0.001298 -0.001468 -9.002094 0.001302 0.999996 0.002324 -0.073782 0.001465 -0.002326 0.999996 -0.152957 
3909 3918 0.999991 -0.003936 0.001361 -9.755932 0.003934 0.999991 0.001473 -0.116376 -0.001367 -0.001468 0.999998 -0.140216 
3919 3928 0.999973 -0.000360 -0.007304 -9.534078 0.000357 1.000000 -0.000458 -0.078699 0.007304 0.000455 0.999973 -0.145540 
3929 3938 0.999967 -0.007802 -0.002163 -9.317277 0.007806 0.999968 0.001617 -0.111964 0.002150 -0.001634 0.999996 -0.144751 
3939 3949 0.999995 0.002965 0.001300 -9.545279 -0.002971 0.999984 0.004734 -0.049167 -0.001286 -0.004738 0.999988 -0.154350 
3950 3962 0.999361 -0.035465 -0.004535 -9.411022 0.035437 0.999353 -0.006170 -0.346407 0.004751 0.006005 0.999971 -0.210462 
3963 3980 0.988815 -0.149101 -0.003604 -9.785281 0.149106 0.987723 0.046581 -0.577293 -0.003386 -0.046597 0.998908 -0.208708 
3981 4043 0.761809 -0.647745 0.008640 -9.096036 0.647643 0.761849 0.011981 -4.179643 -0.014343 -0.003532 0.999891 -0.035220 
4044 4062 0.868731 -0.495282 -0.001151 -9.542736 0.495283 0.868732 0.000447 -1.706466 0.000778 -0.000958 0.999999 -0.058597 
