0 24 0.970397 0.240380 0.023408 -9.609734 -0.240662 0.970557 0.010042 0.954728 -0.020305 -0.015378 0.999676 0.087726 
25 40 0.992893 0.091707 0.075853 -9.921331 -0.089557 0.995490 -0.031287 0.200738 -0.078380 0.024271 0.996628 0.400945 
41 53 0.994096 0.104181 -0.030325 -9.924169 -0.104177 0.994557 0.001697 0.399990 0.030337 0.001472 0.999539 -0.179427 
54 64 0.998701 0.049659 -0.011391 -9.617515 -0.049550 0.998725 0.009654 0.081156 0.011856 -0.009077 0.999888 -0.066160 
65 74 0.998447 0.055447 -0.005358 -9.535207 -0.055368 0.998369 0.013908 0.300729 0.006121 -0.013590 0.999889 -0.077162 
75 84 0.998556 0.053667 -0.002214 -9.611821 -0.053679 0.998541 -0.005857 0.143049 0.001896 0.005967 0.999980 -0.117626 
85 94 0.997473 0.070688 0.007101 -9.758137 -0.070735 0.997473 0.006595 0.288913 -0.006616 -0.007080 0.999953 -0.042025 
95 103 0.997713 0.067589 0.000436 -8.991272 -0.067590 0.997704 0.004207 0.208590 -0.000150 -0.004227 0.999991 -0.055822 
104 112 0.998675 0.051442 0.001400 -9.344518 -0.051450 0.998650 0.007178 0.166081 -0.001028 -0.007241 0.999973 -0.061281 
113 121 0.997136 0.075553 0.003364 -9.647622 -0.075610 0.996875 0.022859 0.377239 -0.001626 -0.023048 0.999733 -0.065259 
122 130 0.995449 0.095279 0.001963 -9.949242 -0.095288 0.995438 0.004822 0.399537 -0.001495 -0.004987 0.999986 -0.047344 
131 138 0.998644 0.051701 0.006078 -8.904704 -0.051773 0.998582 0.012402 0.158317 -0.005428 -0.012700 0.999905 -0.031516 
139 147 0.999629 0.023094 -0.014464 -9.931594 -0.022820 0.999562 0.018837 0.070396 0.014892 -0.018500 0.999718 -0.187458 
148 156 0.999860 -0.015879 0.005304 -9.202959 0.015914 0.999851 -0.006671 -0.190371 -0.005198 0.006755 0.999964 -0.101332 
157 166 0.994058 -0.108830 0.001936 -9.835300 0.108847 0.993898 -0.017862 -0.634343 0.000020 0.017966 0.999839 -0.112012 
167 176 0.993114 -0.117151 -0.001007 -9.249057 0.117138 0.993077 -0.008785 -0.562833 0.002029 0.008607 0.999961 -0.129834 
177 187 0.994055 -0.108036 -0.013497 -9.372640 0.107846 0.994068 -0.014098 -0.546387 0.014940 0.012558 0.999810 -0.197279 
188 199 0.985594 -0.168462 -0.015020 -9.304986 0.168345 0.985689 -0.008749 -0.786970 0.016278 0.006094 0.999849 -0.210510 
200 211 0.994146 -0.107153 -0.013870 -9.604649 0.107023 0.994209 -0.009763 -0.450638 0.014836 0.008221 0.999856 -0.183813 
212 222 0.993099 -0.117047 -0.007338 -9.926373 0.117026 0.993124 -0.003179 -0.685179 0.007659 0.002298 0.999968 -0.096228 
223 231 0.983724 -0.178849 -0.017292 -8.906571 0.178684 0.983849 -0.010672 -0.803858 0.018921 0.007408 0.999794 -0.146439 
232 240 0.986794 -0.161840 -0.006787 -9.753018 0.161800 0.986805 -0.006086 -0.811385 0.007683 0.004908 0.999958 -0.084396 
241 248 0.991264 -0.129837 0.023195 -9.237885 0.129998 0.991498 -0.005586 -0.621128 -0.022272 0.008552 0.999715 0.058785 
249 256 0.992025 -0.125527 0.011395 -9.799570 0.125595 0.992066 -0.005498 -0.667771 -0.010615 0.006885 0.999920 -0.008757 
257 263 0.989369 -0.144624 0.015282 -8.753602 0.144820 0.989377 -0.012628 -0.762978 -0.013294 0.014707 0.999803 -0.018776 
264 270 0.986910 -0.160737 0.013095 -9.000087 0.160780 0.986988 -0.002319 -0.786402 -0.012552 0.004394 0.999912 -0.003538 
271 277 0.991811 -0.127338 0.009839 -9.156413 0.127334 0.991859 0.001018 -0.624045 -0.009888 0.000243 0.999951 -0.024812 
278 284 0.991333 -0.131319 -0.003906 -8.991075 0.131192 0.991076 -0.023600 -0.699351 0.006971 0.022883 0.999714 -0.143769 
285 292 0.986517 -0.163304 -0.010813 -9.820655 0.163242 0.986566 -0.006371 -0.881358 0.011709 0.004520 0.999921 -0.196786 
293 300 0.989773 -0.141192 0.020330 -9.043800 0.141639 0.989662 -0.022517 -0.727285 -0.016940 0.025166 0.999540 -0.064453 
301 309 0.989974 -0.140849 -0.010613 -9.632904 0.140698 0.989956 -0.013853 -0.695869 0.012457 0.012221 0.999848 -0.215973 
310 319 0.998786 -0.049073 -0.004271 -9.826268 0.049062 0.998792 -0.002731 -0.211785 0.004400 0.002519 0.999987 -0.227080 
320 329 0.999277 0.037519 0.006203 -9.093755 -0.037502 0.999292 -0.002841 0.155595 -0.006306 0.002607 0.999977 -0.101991 
330 340 0.997697 0.067830 0.000689 -9.739853 -0.067831 0.997696 0.001079 0.248029 -0.000615 -0.001123 0.999999 -0.075599 
341 351 0.997407 0.071934 0.002287 -9.490567 -0.071945 0.997396 0.005035 0.253087 -0.001919 -0.005186 0.999985 -0.086001 
352 362 0.999249 0.038747 -0.000098 -9.756925 -0.038743 0.999179 0.011866 0.167312 0.000558 -0.011854 0.999930 -0.075769 
363 373 0.994642 0.103366 0.001681 -9.858837 -0.103377 0.994598 0.009389 0.480792 -0.000702 -0.009513 0.999954 -0.074270 
374 384 0.996147 0.087454 -0.006583 -9.748635 -0.087448 0.996168 0.001212 0.335111 0.006664 -0.000632 0.999978 -0.131102 
385 395 0.995683 0.092441 -0.008359 -9.426565 -0.092434 0.995718 0.001184 0.332389 0.008432 -0.000406 0.999964 -0.132569 
396 406 0.999484 0.028659 -0.014530 -9.487887 -0.028599 0.999582 0.004316 0.033367 0.014647 -0.003899 0.999885 -0.142399 
407 417 0.999769 0.008673 -0.019660 -9.754888 -0.008653 0.999962 0.001092 -0.022849 0.019669 -0.000921 0.999806 -0.202929 
418 428 0.998690 0.049055 -0.014575 -9.754230 -0.048955 0.998776 0.007134 0.231242 0.014907 -0.006411 0.999868 -0.185935 
429 439 0.993651 0.111870 -0.011975 -9.822289 -0.111774 0.993698 0.008439 0.487773 0.012844 -0.007047 0.999893 -0.189307 
440 449 0.992331 0.122261 -0.018230 -9.243066 -0.121861 0.992312 0.021624 0.517917 0.020734 -0.019237 0.999600 -0.206103 
450 459 0.996175 0.086774 -0.010317 -9.683049 -0.087016 0.995871 -0.025869 0.264477 0.008030 0.026668 0.999612 -0.190541 
460 468 0.999812 0.015991 0.010931 -8.926887 -0.015871 0.999814 -0.010968 -0.043412 -0.011104 0.010793 0.999880 -0.082001 
469 477 0.998789 0.049186 -0.001206 -9.112255 -0.049172 0.998738 0.010198 0.240180 0.001706 -0.010126 0.999947 -0.145151 
478 486 0.994299 0.106575 -0.003482 -8.980687 -0.106600 0.994271 -0.007880 0.377866 0.002622 0.008207 0.999963 -0.147370 
487 496 0.998590 0.052772 0.005825 -9.960589 -0.052772 0.998607 -0.000177 0.154478 -0.005826 -0.000131 0.999983 -0.103254 
497 506 0.999529 0.030384 -0.004353 -9.762014 -0.030392 0.999537 -0.001687 -0.023203 0.004300 0.001819 0.999989 -0.158479 
507 517 0.999493 -0.031805 0.001383 -9.759251 0.031782 0.999394 0.014208 0.006374 -0.001834 -0.014157 0.999898 -0.154930 
518 528 0.972374 0.232996 0.014205 -9.100694 -0.233130 0.972407 0.008681 1.081605 -0.011791 -0.011752 0.999861 -0.070192 
529 539 0.984587 0.174556 0.010923 -9.317337 -0.174179 0.984284 -0.029110 0.337419 -0.015833 0.026759 0.999517 -0.029064 
540 549 0.999811 -0.018582 0.005770 -9.241918 0.018552 0.999814 0.005237 -0.110776 -0.005866 -0.005129 0.999970 -0.059467 
550 558 0.999628 0.026781 0.005246 -8.912859 -0.026845 0.999561 0.012549 0.133694 -0.004908 -0.012685 0.999908 -0.064015 
559 567 0.997307 0.073041 0.006556 -8.937172 -0.073067 0.997320 0.003867 0.245901 -0.006256 -0.004336 0.999971 -0.076537 
568 577 0.998669 0.050567 0.010155 -9.901145 -0.050754 0.998529 0.019093 0.181609 -0.009174 -0.019583 0.999766 -0.076902 
578 586 0.999893 0.010711 -0.009973 -8.908893 -0.010460 0.999636 0.024875 0.031348 0.010236 -0.024768 0.999641 -0.123534 
587 595 0.999841 -0.001492 -0.017758 -8.958600 0.001328 0.999956 -0.009249 -0.106458 0.017771 0.009224 0.999799 -0.207316 
596 605 0.999827 -0.011094 -0.014895 -9.821479 0.011188 0.999918 0.006298 -0.084794 0.014824 -0.006464 0.999869 -0.219999 
606 615 0.999983 0.001558 -0.005656 -9.379555 -0.001498 0.999942 0.010704 -0.005826 0.005672 -0.010695 0.999927 -0.180492 
616 626 0.999843 0.002470 -0.017534 -9.848367 -0.002532 0.999990 -0.003546 -0.026994 0.017525 0.003590 0.999840 -0.285170 
627 637 0.999890 0.008437 -0.012177 -9.305253 -0.008283 0.999886 0.012592 -0.005072 0.012282 -0.012489 0.999847 -0.207415 
638 650 0.999672 -0.024040 0.008806 -9.823976 0.024017 0.999708 0.002634 -0.189759 -0.008867 -0.002422 0.999958 -0.134342 
651 663 0.964564 -0.263298 -0.017037 -9.349057 0.263241 0.964714 -0.005500 -1.319395 0.017884 0.000820 0.999840 -0.176943 
664 676 0.962723 -0.270489 -0.000517 -9.717663 0.270439 0.962501 0.021313 -1.096907 -0.005267 -0.020658 0.999773 -0.108516 
677 688 0.978095 -0.208154 0.001714 -9.432723 0.208152 0.978096 0.001077 -0.937233 -0.001901 -0.000697 0.999998 -0.125641 
689 700 0.962590 -0.270802 -0.009346 -9.452679 0.270941 0.962379 0.020455 -1.138902 0.003455 -0.022222 0.999747 -0.192464 
701 712 0.971384 -0.237167 -0.012820 -9.680438 0.237343 0.971317 0.014557 -1.148379 0.009000 -0.017184 0.999812 -0.209042 
713 723 0.965187 -0.261549 -0.002497 -9.383279 0.261560 0.965121 0.011293 -1.173398 -0.000544 -0.011553 0.999933 -0.156529 
724 733 0.974589 -0.223834 -0.008628 -9.045279 0.223920 0.974549 0.010686 -0.959806 0.006017 -0.012346 0.999906 -0.182987 
734 743 0.979814 -0.199899 0.002104 -9.553242 0.199857 0.979742 0.012782 -0.892278 -0.004616 -0.012104 0.999916 -0.115762 
744 752 0.992172 -0.124733 -0.006111 -8.916893 0.124801 0.992105 0.012322 -0.460504 0.004526 -0.012988 0.999905 -0.152251 
753 761 0.999818 -0.012671 -0.014257 -9.335551 0.012750 0.999904 0.005457 -0.097420 0.014186 -0.005638 0.999884 -0.217935 
762 770 0.999921 -0.009017 -0.008788 -9.765692 0.009053 0.999951 0.004115 -0.089085 0.008751 -0.004194 0.999953 -0.211539 
771 778 0.999971 0.000501 0.007584 -8.932165 -0.000491 0.999999 -0.001262 -0.044715 -0.007585 0.001258 0.999971 -0.081809 
779 786 0.999986 -0.002216 -0.004794 -9.366469 0.002207 0.999996 -0.001874 -0.070635 0.004798 0.001863 0.999987 -0.152103 
787 794 0.999989 -0.004407 -0.001598 -9.759339 0.004383 0.999884 -0.014560 -0.106671 0.001662 0.014553 0.999893 -0.156644 
795 802 0.999986 0.000981 -0.005207 -9.875500 -0.000922 0.999937 0.011205 -0.028158 0.005218 -0.011200 0.999924 -0.204451 
803 810 0.999962 0.007544 -0.004313 -9.890899 -0.007570 0.999954 -0.005939 -0.003667 0.004268 0.005971 0.999973 -0.198965 
811 818 0.999997 0.001546 0.001629 -9.737254 -0.001542 0.999995 -0.002938 -0.076826 -0.001634 0.002936 0.999994 -0.170292 
819 826 0.999767 -0.021315 -0.003392 -9.575299 0.021344 0.999733 0.008848 -0.142601 0.003202 -0.008918 0.999955 -0.190562 
827 834 0.999731 -0.021031 -0.009742 -9.177344 0.020945 0.999741 -0.008867 -0.160382 0.009926 0.008660 0.999913 -0.243732 
835 843 0.999909 0.013504 0.000626 -9.242828 -0.013493 0.999804 -0.014500 0.040397 -0.000821 0.014490 0.999895 -0.216547 
844 853 0.987270 0.158601 0.011952 -9.212736 -0.158352 0.987189 -0.019539 0.647874 -0.014898 0.017398 0.999738 -0.114286 
854 863 0.981292 0.192525 -0.000985 -9.041768 -0.192504 0.981079 -0.020627 0.744878 -0.003005 0.020431 0.999787 -0.112274 
864 873 0.966094 0.258149 0.004702 -9.240289 -0.257928 0.965769 -0.027612 1.037428 -0.011669 0.025463 0.999608 -0.101822 
874 883 0.967667 0.252204 0.003588 -9.716271 -0.252072 0.967469 -0.021521 1.050479 -0.008900 0.019921 0.999762 -0.125811 
884 892 0.986149 0.165787 -0.004928 -9.072774 -0.165854 0.985930 -0.020831 0.548969 0.001405 0.021360 0.999771 -0.152756 
893 901 0.997555 0.069773 0.003889 -9.355981 -0.069767 0.997562 -0.001811 0.176853 -0.004006 0.001536 0.999991 -0.164094 
902 910 0.999967 0.007813 0.002099 -9.191250 -0.007820 0.999963 0.003485 -0.058179 -0.002072 -0.003501 0.999992 -0.173248 
911 920 0.995354 -0.096017 0.007176 -9.220136 0.095971 0.995363 0.006473 -0.552404 -0.007765 -0.005755 0.999953 -0.138866 
921 933 0.954496 -0.296177 0.034894 -9.556076 0.294936 0.954814 0.036637 -1.650866 -0.044168 -0.024679 0.998719 -0.070586 
934 947 0.866663 -0.498850 -0.006645 -9.238131 0.498807 0.866186 0.030224 -2.129921 -0.009322 -0.029509 0.999521 -0.126194 
948 961 0.952263 -0.305196 -0.007168 -9.570291 0.305253 0.952228 0.009111 -1.567490 0.004045 -0.010864 0.999933 -0.151269 
962 976 0.862865 -0.505344 -0.009570 -9.709783 0.505338 0.862175 0.035887 -2.204614 -0.009884 -0.035802 0.999310 -0.125082 
977 991 0.899131 -0.437621 -0.007127 -9.627454 0.437669 0.898884 0.021297 -2.020489 -0.002913 -0.022268 0.999748 -0.119861 
992 1004 0.979433 -0.201715 0.004692 -9.573595 0.201672 0.979418 0.008281 -0.669197 -0.006266 -0.007164 0.999955 -0.115152 
1005 1015 0.999837 -0.018014 0.000720 -9.155949 0.018010 0.999825 0.005045 -0.113067 -0.000811 -0.005031 0.999987 -0.099727 
1016 1025 0.999858 -0.016239 -0.004458 -9.009648 0.016236 0.999868 -0.000769 -0.119186 0.004469 0.000697 0.999990 -0.140934 
1026 1035 0.999723 0.022238 0.007774 -9.164838 -0.022129 0.999659 -0.013865 0.060106 -0.008079 0.013689 0.999874 -0.058785 
1036 1045 0.994389 0.105681 -0.004622 -9.099743 -0.105737 0.994292 -0.014271 0.420560 0.003087 0.014680 0.999888 -0.129092 
1046 1055 0.992779 0.119229 -0.013217 -9.014444 -0.119378 0.992787 -0.011094 0.411549 0.011799 0.012592 0.999851 -0.210747 
1056 1065 0.993915 0.110132 -0.001947 -9.004532 -0.110131 0.993917 0.000656 0.392463 0.002007 -0.000437 0.999998 -0.133772 
1066 1076 0.996138 0.087776 -0.002057 -9.942978 -0.087793 0.996081 -0.010692 0.306515 0.001110 0.010831 0.999941 -0.205047 
1077 1087 0.997553 0.069515 0.007481 -9.490612 -0.069480 0.997572 -0.004800 0.250602 -0.007797 0.004269 0.999960 -0.086431 
1088 1101 0.998248 0.017336 0.056571 -9.584431 -0.017521 0.999843 0.002784 -0.160118 -0.056514 -0.003771 0.998395 -0.002645 
1102 1117 0.828453 -0.555556 -0.070870 -9.037127 0.556476 0.830826 -0.007851 -2.775462 0.063242 -0.032933 0.997455 -0.455240 
1118 1131 0.919524 -0.393034 -0.000519 -8.978716 0.392665 0.918602 0.044558 -1.178633 -0.017036 -0.041176 0.999007 -0.034357 
1132 1143 0.999947 -0.009954 -0.002533 -9.702190 0.009950 0.999949 -0.001909 0.031269 0.002552 0.001884 0.999995 -0.093898 
1144 1153 0.999758 0.018990 0.011124 -9.103741 -0.018925 0.999803 -0.005931 0.028605 -0.011234 0.005719 0.999921 -0.031208 
1154 1163 0.997708 0.067389 -0.006055 -9.539368 -0.067371 0.997723 0.003097 0.324480 0.006250 -0.002681 0.999977 -0.138748 
1164 1173 0.991588 0.129308 -0.005716 -9.623336 -0.129360 0.991547 -0.010009 0.481761 0.004374 0.010664 0.999934 -0.171851 
1174 1183 0.996550 0.082958 -0.002314 -9.895065 -0.082944 0.996538 0.005731 0.254929 0.002782 -0.005519 0.999981 -0.170909 
1184 1192 0.999781 0.020618 0.003533 -9.155556 -0.020649 0.999744 0.009195 0.058873 -0.003342 -0.009265 0.999951 -0.084145 
1193 1201 0.999925 -0.002956 -0.011868 -9.589847 0.003143 0.999870 0.015809 -0.064301 0.011820 -0.015845 0.999805 -0.138162 
1202 1209 0.998941 -0.046003 -0.000003 -8.740650 0.045987 0.998613 -0.025639 -0.311341 0.001183 0.025611 0.999671 -0.110765 
1210 1217 0.998527 -0.053807 -0.007018 -8.997813 0.053949 0.998301 0.022009 -0.244794 0.005822 -0.022356 0.999733 -0.179621 
1218 1225 0.999923 -0.012186 0.002241 -9.153858 0.012207 0.999880 -0.009570 -0.109562 -0.002124 0.009596 0.999952 -0.148994 
1226 1233 0.999972 -0.006005 -0.004516 -9.353762 0.005986 0.999974 -0.004131 -0.092747 0.004541 0.004104 0.999981 -0.158691 
1234 1241 1.000000 -0.000255 -0.000698 -9.562972 0.000257 0.999999 0.001662 -0.034979 0.000697 -0.001663 0.999998 -0.127254 
1242 1249 0.999996 0.002511 -0.001046 -9.830512 -0.002511 0.999997 0.000165 -0.038859 0.001047 -0.000162 1.000000 -0.144429 
1250 1256 0.999989 -0.004436 0.001474 -8.590483 0.004424 0.999957 0.008149 -0.044881 -0.001510 -0.008143 0.999966 -0.112390 
1257 1263 0.999918 -0.012797 -0.000732 -8.702763 0.012794 0.999912 -0.003628 -0.092471 0.000778 0.003618 0.999993 -0.115260 
1264 1270 0.999954 -0.003153 -0.009034 -8.761006 0.003274 0.999904 0.013465 -0.021966 0.008991 -0.013494 0.999868 -0.162227 
1271 1277 0.999974 0.006476 -0.003017 -8.759523 -0.006492 0.999964 -0.005436 -0.007986 0.002982 0.005456 0.999981 -0.160406 
1278 1284 0.999899 0.014176 0.000142 -8.751501 -0.014172 0.999802 -0.013997 -0.006956 -0.000340 0.013994 0.999902 -0.165191 
1285 1291 0.999542 0.030272 -0.000406 -8.729600 -0.030268 0.999511 0.007878 0.128215 0.000644 -0.007863 0.999969 -0.137372 
1292 1298 0.999172 0.040625 -0.002060 -8.707138 -0.040638 0.999152 -0.006649 0.116419 0.001788 0.006727 0.999976 -0.126014 
1299 1305 0.999809 0.019482 -0.001255 -8.699890 -0.019476 0.999801 0.004214 0.041031 0.001337 -0.004188 0.999990 -0.131029 
1306 1312 0.999871 0.015671 -0.003668 -8.677932 -0.015656 0.999869 0.004192 0.034980 0.003733 -0.004134 0.999985 -0.154013 
1313 1319 0.999954 0.007761 -0.005697 -8.725700 -0.007843 0.999863 -0.014575 -0.035497 0.005583 0.014619 0.999878 -0.165225 
1320 1326 0.999975 0.006387 0.003162 -8.723369 -0.006381 0.999978 -0.001901 -0.012364 -0.003174 0.001880 0.999993 -0.132322 
1327 1333 0.999983 0.005672 0.001109 -8.693573 -0.005678 0.999967 0.005803 -0.025095 -0.001076 -0.005809 0.999982 -0.129443 
1334 1340 0.999237 -0.037511 -0.010868 -8.683410 0.037412 0.999258 -0.009206 -0.254505 0.011205 0.008792 0.999899 -0.197213 
1341 1347 0.997904 -0.064706 0.001055 -8.589935 0.064710 0.997893 -0.004696 -0.335630 -0.000748 0.004754 0.999988 -0.147815 
1348 1354 0.997376 -0.072245 -0.004643 -8.534856 0.072321 0.997198 0.019131 -0.339695 0.003248 -0.019416 0.999806 -0.165280 
1355 1362 0.998791 -0.048974 0.004225 -9.920332 0.048887 0.998630 0.018653 -0.241436 -0.005132 -0.018424 0.999817 -0.135242 
1363 1369 0.999629 -0.026686 -0.005481 -8.574091 0.026664 0.999636 -0.004064 -0.166574 0.005587 0.003917 0.999977 -0.145083 
1370 1376 0.999140 -0.041330 0.003437 -8.650378 0.041309 0.999129 0.005974 -0.190391 -0.003681 -0.005827 0.999976 -0.127780 
1377 1383 0.999984 0.005432 -0.001677 -8.697444 -0.005445 0.999953 -0.008011 -0.025158 0.001634 0.008020 0.999966 -0.122496 
1384 1390 0.999994 0.001614 -0.002915 -8.763775 -0.001587 0.999955 0.009335 -0.026652 0.002929 -0.009330 0.999952 -0.130472 
1391 1397 0.999941 -0.010104 -0.004085 -8.830995 0.010095 0.999947 -0.002053 -0.104666 0.004105 0.002012 0.999990 -0.135872 
1398 1404 0.999874 -0.014300 -0.006894 -8.913998 0.014293 0.999897 -0.001011 -0.116631 0.006908 0.000912 0.999976 -0.167257 
1405 1411 0.999969 -0.005021 -0.005986 -8.942942 0.004982 0.999967 -0.006440 -0.078598 0.006018 0.006410 0.999961 -0.165529 
1412 1418 0.999978 0.003568 0.005641 -8.950129 -0.003578 0.999992 0.001838 -0.019322 -0.005635 -0.001858 0.999982 -0.147336 
1419 1425 0.999994 0.001897 -0.002887 -8.965807 -0.001884 0.999988 0.004446 -0.010902 0.002896 -0.004441 0.999986 -0.171151 
1426 1432 0.999990 0.004348 0.000528 -8.897498 -0.004345 0.999975 -0.005580 -0.018431 -0.000552 0.005578 0.999984 -0.130004 
1433 1439 0.999995 0.002574 -0.001857 -8.884899 -0.002588 0.999969 -0.007375 -0.040507 0.001838 0.007380 0.999971 -0.134608 
1440 1446 0.999982 0.001841 -0.005665 -8.881744 -0.001855 0.999995 -0.002606 -0.047445 0.005660 0.002617 0.999981 -0.152376 
1447 1453 0.999989 0.004697 -0.000712 -8.849141 -0.004696 0.999988 0.001614 -0.029300 0.000719 -0.001610 0.999998 -0.146172 
1454 1460 0.999986 0.000632 0.005294 -8.783982 -0.000587 0.999963 -0.008541 -0.047112 -0.005299 0.008538 0.999949 -0.110162 
1461 1467 0.999952 -0.000802 0.009736 -8.748352 0.000975 0.999841 -0.017802 -0.091611 -0.009720 0.017810 0.999794 -0.093293 
1468 1475 0.999812 0.019233 0.002365 -9.833713 -0.019283 0.999553 0.022836 0.078901 -0.001925 -0.022878 0.999736 -0.181962 
1476 1483 0.999746 0.020282 0.009853 -9.063645 -0.020192 0.999754 -0.009158 0.011067 -0.010036 0.008957 0.999910 -0.123428 
1484 1493 0.999699 -0.024108 -0.004625 -9.668644 0.023651 0.996390 -0.081534 -0.439474 0.006574 0.081400 0.996660 -0.252418 
1494 1508 0.882207 -0.470406 -0.020700 -9.296039 0.470066 0.882420 -0.019320 -2.869887 0.027354 0.007314 0.999599 -0.462871 
1509 1528 0.472802 -0.878730 -0.065511 -8.489867 0.878482 0.475858 -0.042775 -4.398217 0.068761 -0.037326 0.996935 -0.455839 
1529 1544 0.869071 -0.494572 -0.010665 -9.502299 0.494654 0.868562 0.030286 -1.575568 -0.005715 -0.031597 0.999484 -0.024187 
1545 1557 0.999522 -0.025695 -0.017179 -9.590388 0.025990 0.999514 0.017199 -0.091486 0.016729 -0.017637 0.999705 -0.127450 
1558 1570 0.999947 0.000420 -0.010328 -9.836036 -0.000304 0.999936 0.011271 0.022468 0.010332 -0.011267 0.999883 -0.149525 
1571 1584 0.995868 0.089791 -0.013573 -9.366837 -0.089788 0.995961 0.000767 0.442786 0.013587 0.000455 0.999908 -0.140266 
