0 29 0.309778 -0.949489 -0.050091 -8.785507 0.950507 0.310577 -0.008860 -3.383832 0.023970 -0.044867 0.998705 -0.087498 
30 43 0.987133 -0.157963 -0.024813 -9.953634 0.157848 0.987442 -0.006544 -0.793026 0.025535 0.002543 0.999671 -0.199222 
44 55 0.939949 -0.340544 0.022937 -9.077159 0.340118 0.940158 0.020535 -1.460564 -0.028558 -0.011501 0.999526 0.061287 
56 68 0.962128 -0.266968 0.055125 -9.799815 0.264671 0.963261 0.045571 -0.996922 -0.065265 -0.029255 0.997439 0.004428 
69 80 0.999983 0.004092 0.004038 -9.459038 -0.004069 0.999975 -0.005795 0.198790 -0.004061 0.005779 0.999975 -0.054308 
81 90 0.999973 -0.001684 -0.007086 -9.126309 0.001625 0.999965 -0.008205 -0.036745 0.007100 0.008194 0.999941 -0.106113 
91 100 0.999983 -0.005699 -0.001004 -9.105450 0.005696 0.999980 -0.002870 -0.105805 0.001020 0.002865 0.999995 -0.115523 
101 111 0.999072 -0.041469 -0.011668 -9.766113 0.041444 0.999138 -0.002363 -0.178419 0.011756 0.001877 0.999929 -0.247611 
112 122 0.999760 0.015587 -0.015405 -9.467072 -0.015642 0.999872 -0.003423 0.095977 0.015350 0.003663 0.999876 -0.193404 
123 133 0.991981 0.125941 0.010602 -9.217104 -0.126050 0.991970 0.010362 0.543270 -0.009212 -0.011615 0.999890 -0.009686 
134 145 0.997278 0.073631 0.003966 -9.932909 -0.073508 0.996972 -0.025370 0.219142 -0.005822 0.025009 0.999670 -0.146434 
146 157 0.996853 0.079255 0.001644 -9.785451 -0.079265 0.996820 0.008133 0.330711 -0.000994 -0.008238 0.999966 -0.130389 
158 169 0.998585 0.053035 -0.003870 -9.766551 -0.053027 0.998591 0.002176 0.190745 0.003980 -0.001967 0.999990 -0.132683 
170 181 0.999974 0.006987 0.001697 -9.545164 -0.006967 0.999906 -0.011840 -0.043752 -0.001780 0.011828 0.999928 -0.061731 
182 194 0.997682 0.067686 -0.007058 -9.835938 -0.067419 0.997180 0.032961 0.448483 0.009269 -0.032408 0.999432 -0.183991 
195 208 0.992417 0.120245 0.025490 -9.913161 -0.119380 0.992296 -0.033115 0.266956 -0.029276 0.029821 0.999126 -0.026976 
209 222 0.999019 -0.043979 -0.005088 -9.483655 0.043976 0.999032 -0.000615 -0.150658 0.005110 0.000390 0.999987 -0.138115 
223 238 0.971578 0.231956 -0.047253 -9.923894 -0.231927 0.972714 0.006177 1.034249 0.047396 0.004958 0.998864 -0.419997 
239 254 0.997360 0.069730 -0.020243 -9.431390 -0.069680 0.997564 0.003194 0.190458 0.020416 -0.001775 0.999790 -0.314262 
255 269 0.992866 0.119132 -0.005078 -9.517164 -0.119142 0.992876 -0.001743 0.279192 0.004835 0.002335 0.999986 -0.166489 
270 283 0.999794 -0.018111 -0.009136 -9.723892 0.018090 0.999833 -0.002460 -0.120329 0.009179 0.002294 0.999955 -0.143637 
284 297 0.995832 -0.088713 -0.021159 -9.636440 0.088810 0.996042 0.003692 -0.293613 0.020747 -0.005555 0.999769 -0.253866 
298 310 0.998911 0.045848 -0.008628 -9.328007 -0.045995 0.998786 -0.017647 0.142693 0.007808 0.018024 0.999807 -0.133722 
311 323 0.998582 0.051904 0.011841 -9.505813 -0.051638 0.998429 -0.021765 0.140922 -0.012952 0.021122 0.999693 -0.066990 
324 336 0.998911 0.041511 -0.021318 -9.592033 -0.041263 0.999077 0.011955 0.146231 0.021795 -0.011062 0.999701 -0.250703 
337 349 0.999898 0.013532 0.004508 -9.727072 -0.013542 0.999906 0.002207 -0.007015 -0.004478 -0.002268 0.999987 -0.178741 
350 362 0.997981 0.062615 0.010650 -9.838780 -0.062752 0.997943 0.013117 0.361096 -0.009807 -0.013759 0.999857 -0.092912 
363 375 0.999555 0.029568 0.003856 -9.856523 -0.029426 0.999027 -0.032850 -0.350126 -0.004823 0.032722 0.999453 -0.086802 
376 388 0.997203 -0.073501 0.013570 -9.876541 0.073686 0.997188 -0.013666 -0.318741 -0.012527 0.014628 0.999815 0.002444 
389 400 0.999421 0.033890 -0.002934 -9.464966 -0.033861 0.999382 0.009466 0.157738 0.003253 -0.009361 0.999951 -0.072760 
401 412 0.995609 0.093494 0.004731 -9.899523 -0.093516 0.995607 0.004570 0.363665 -0.004283 -0.004993 0.999978 0.006264 
413 423 0.997446 0.070719 -0.010017 -9.378123 -0.070699 0.997495 0.002278 0.227422 0.010152 -0.001564 0.999947 -0.110493 
424 434 0.998278 0.058619 0.002140 -9.524967 -0.058651 0.998061 0.020854 0.257591 -0.000913 -0.020944 0.999780 -0.144852 
435 445 0.998759 0.048618 -0.010771 -9.450106 -0.048627 0.998817 -0.000512 0.141312 0.010733 0.001035 0.999942 -0.231732 
446 456 0.999463 -0.030283 0.012524 -9.413736 0.030352 0.999525 -0.005328 -0.271370 -0.012357 0.005706 0.999907 -0.080276 
457 467 0.996755 -0.080097 -0.008038 -9.721773 0.080063 0.996780 -0.004414 -0.402266 0.008365 0.003756 0.999958 -0.143220 
468 477 0.999043 -0.043429 -0.005118 -9.031093 0.043377 0.999009 -0.010000 -0.229210 0.005547 0.009768 0.999937 -0.146198 
478 487 0.999782 -0.018403 -0.009896 -9.100187 0.018520 0.999757 0.011919 -0.057003 0.009674 -0.012100 0.999880 -0.179674 
488 497 0.999955 -0.004590 -0.008300 -9.102965 0.004746 0.999811 0.018852 -0.000635 0.008211 -0.018890 0.999788 -0.171927 
498 507 0.999976 0.000264 -0.006918 -9.067706 -0.000067 0.999596 0.028436 0.016347 0.006923 -0.028435 0.999572 -0.198099 
508 518 0.999564 0.011233 -0.027293 -9.498101 -0.011131 0.999931 0.003873 0.012590 0.027335 -0.003567 0.999620 -0.362882 
519 531 0.999468 -0.032622 -0.000559 -9.340354 0.032604 0.999261 -0.020368 -0.303605 0.001223 0.020339 0.999792 -0.218446 
532 545 0.992488 -0.120349 -0.021979 -9.500371 0.120821 0.992439 0.021598 -0.470176 0.019213 -0.024092 0.999525 -0.299596 
546 558 0.996543 -0.076506 -0.032383 -9.506926 0.077204 0.996797 0.020869 -0.353168 0.030682 -0.023297 0.999258 -0.275793 
559 572 0.978470 -0.200877 0.047374 -9.294059 0.199675 0.979435 0.028918 -0.986181 -0.052209 -0.018836 0.998459 0.140794 
573 586 0.994067 -0.108511 -0.007443 -9.869219 0.108136 0.993349 -0.039544 -0.452201 0.011685 0.038504 0.999190 -0.053122 
587 600 0.996970 0.029538 0.071963 -9.383609 -0.029254 0.999560 -0.005000 0.010980 -0.072079 0.002880 0.997395 0.089673 
601 621 0.958548 -0.282325 0.038459 -9.722185 0.280902 0.958964 0.038511 -1.331192 -0.047753 -0.026112 0.998518 0.138954 
622 661 0.900169 0.435531 0.003117 -9.347752 -0.435540 0.900162 0.003675 2.454369 -0.001206 -0.004666 0.999988 -0.080020 
662 678 0.972939 0.231038 -0.003233 -9.782080 -0.230998 0.972906 0.009660 0.670140 0.005377 -0.008652 0.999948 -0.114155 
679 690 0.999550 0.026524 0.013974 -9.146961 -0.026669 0.999591 0.010346 0.065333 -0.013694 -0.010714 0.999849 0.009256 
691 701 0.999963 0.006656 -0.005527 -9.692147 -0.006608 0.999941 0.008637 -0.005923 0.005585 -0.008600 0.999947 -0.074703 
702 711 0.998550 -0.053427 0.006561 -9.604790 0.053606 0.998075 -0.031187 -0.477999 -0.004882 0.031493 0.999492 -0.048797 
712 721 0.981751 -0.190115 0.004534 -9.848968 0.190162 0.981643 -0.014700 -1.061828 -0.001656 0.015294 0.999882 -0.055956 
722 731 0.970060 -0.241893 0.021701 -9.914803 0.242003 0.970272 -0.002569 -1.164918 -0.020434 0.007744 0.999761 -0.011742 
732 740 0.996783 -0.080138 0.001567 -9.093486 0.080106 0.996675 0.014930 -0.236189 -0.002758 -0.014756 0.999887 -0.048406 
741 749 0.999909 -0.013318 0.002211 -9.599953 0.013317 0.999911 0.000412 -0.069114 -0.002216 -0.000382 0.999997 -0.024012 
750 757 0.999903 -0.013882 -0.000990 -8.906228 0.013877 0.999892 -0.004761 -0.127923 0.001056 0.004747 0.999988 -0.059915 
758 765 0.999756 -0.022056 -0.001170 -9.358564 0.022049 0.999744 -0.005155 -0.143830 0.001283 0.005127 0.999986 -0.051022 
766 773 0.999720 -0.023638 -0.000824 -9.798824 0.023638 0.999720 -0.000848 -0.149411 0.000844 0.000829 0.999999 -0.066075 
774 780 0.999970 -0.007628 -0.001669 -8.760369 0.007634 0.999965 0.003379 -0.061266 0.001643 -0.003392 0.999993 -0.066203 
781 787 0.999985 -0.004566 -0.002912 -9.003195 0.004567 0.999990 0.000251 -0.055575 0.002911 -0.000265 0.999996 -0.071640 
788 794 0.999977 0.006721 -0.000787 -9.081738 -0.006712 0.999929 0.009862 0.011332 0.000854 -0.009857 0.999951 -0.106648 
795 801 0.999990 0.004032 -0.001963 -9.079956 -0.004037 0.999988 -0.002734 -0.028347 0.001952 0.002741 0.999994 -0.109694 
802 808 0.999992 0.003951 -0.000122 -9.020020 -0.003950 0.999968 0.006950 -0.010476 0.000149 -0.006949 0.999976 -0.094782 
809 815 0.999997 0.002161 -0.001457 -8.988617 -0.002166 0.999993 -0.003135 -0.044849 0.001450 0.003139 0.999994 -0.096871 
816 822 0.999972 0.006983 -0.002611 -8.831296 -0.007003 0.999945 -0.007741 -0.016144 0.002557 0.007759 0.999967 -0.142390 
823 830 0.999984 -0.003759 -0.004153 -9.834430 0.003750 0.999991 -0.002132 -0.072292 0.004161 0.002116 0.999989 -0.178376 
831 839 0.999986 0.002814 -0.004562 -9.664685 -0.002811 0.999996 0.000628 -0.007795 0.004564 -0.000615 0.999989 -0.237740 
840 852 0.994045 -0.108898 0.003878 -9.594891 0.108959 0.993771 -0.023404 -0.966441 -0.001305 0.023687 0.999719 -0.193077 
853 873 0.324969 -0.944779 0.042278 -8.265883 0.945688 0.325028 -0.005671 -5.683952 -0.008384 0.041825 0.999090 0.092011 
874 889 0.767566 -0.639980 0.035615 -9.556637 0.640725 0.767623 -0.015034 -2.169391 -0.017717 0.034358 0.999253 -0.024396 
890 902 0.958476 -0.282678 -0.037651 -9.635843 0.280433 0.958264 -0.055567 -1.383690 0.051788 0.042701 0.997745 -0.359702 
903 913 0.999810 0.018596 0.005860 -9.030091 -0.018446 0.999526 -0.024654 0.085442 -0.006315 0.024541 0.999679 0.002943 
914 923 0.999771 0.020382 -0.006525 -9.011180 -0.020372 0.999791 0.001576 0.052905 0.006556 -0.001443 0.999977 -0.155652 
924 934 0.999806 0.019220 -0.004291 -9.887281 -0.019239 0.999804 -0.004552 -0.039405 0.004202 0.004633 0.999980 -0.203019 
935 946 0.999711 0.023955 -0.001887 -9.674771 -0.023946 0.999703 0.004577 0.036589 0.001996 -0.004530 0.999988 -0.173425 
947 967 0.999754 0.021686 -0.004712 -9.677554 -0.021638 0.999715 0.010076 0.028465 0.004929 -0.009971 0.999938 -0.198215 
968 1013 0.996653 0.079190 0.020312 -9.483155 -0.079449 0.996763 0.012278 0.507573 -0.019274 -0.013851 0.999718 0.017793 
1014 1029 0.997448 0.071269 -0.004313 -9.659674 -0.071347 0.997212 -0.021837 0.045694 0.002745 0.022089 0.999752 0.064448 
1030 1041 0.999148 0.038711 -0.014276 -9.624288 -0.038562 0.999200 0.010558 0.161900 0.014673 -0.009998 0.999842 -0.107004 
1042 1052 0.999844 -0.016648 0.005835 -9.175598 0.016695 0.999828 -0.008076 -0.186338 -0.005699 0.008172 0.999950 -0.074838 
1053 1063 0.999919 -0.012049 0.004208 -9.538896 0.012062 0.999923 -0.002908 -0.082021 -0.004172 0.002959 0.999987 -0.079170 
1064 1074 0.999786 0.020627 -0.001635 -9.667156 -0.020626 0.999787 0.000649 0.038918 0.001648 -0.000615 0.999998 -0.141721 
1075 1085 0.999999 0.001359 0.001086 -9.271191 -0.001359 0.999999 -0.000286 -0.105561 -0.001087 0.000285 0.999999 -0.115010 
1086 1098 0.999581 -0.019013 0.021822 -9.498499 0.018916 0.999810 0.004626 -0.114798 -0.021905 -0.004211 0.999751 -0.050213 
1099 1121 0.999955 -0.000560 0.009431 -9.939427 0.000555 1.000000 0.000470 -0.050983 -0.009431 -0.000464 0.999955 -0.072933 
